0.00 0.00 0.00 0.00 0.00 0.25 0.60 0.82 0.95 1.00 0.99 0.92 0.78 0.55 0.19 0.00 0.00 0.00 0.00 0.00 
 0.00 0.00 0.00 0.08 0.72 1.00 1.00 1.00 1.00 1.00 1.00 1.00 1.00 1.00 1.00 0.62 0.03 0.00 0.00 0.00 
 0.00 0.00 0.04 0.81 1.00 1.00 1.00 1.00 1.00 1.00 1.00 1.00 1.00 1.00 1.00 1.00 0.63 0.00 0.00 0.00 
 0.00 0.00 0.48 1.00 1.00 1.00 1.00 1.00 1.00 0.98 0.99 1.00 1.00 1.00 1.00 1.00 1.00 0.18 0.00 0.00 
 0.00 0.00 0.88 1.00 1.00 1.00 1.00 0.50 0.09 0.00 0.01 0.19 0.79 1.00 1.00 1.00 1.00 0.46 0.00 0.00 
 0.00 0.12 1.00 1.00 1.00 1.00 0.74 0.00 0.00 0.00 0.00 0.00 0.28 1.00 1.00 1.00 1.00 0.57 0.00 0.00 
 0.00 0.13 0.56 0.56 0.56 0.56 0.30 0.00 0.00 0.00 0.00 0.00 0.38 1.00 1.00 1.00 1.00 0.58 0.00 0.00 
 0.00 0.00 0.00 0.00 0.00 0.00 0.00 0.00 0.00 0.05 0.22 0.48 0.95 1.00 1.00 1.00 1.00 0.58 0.00 0.00 
 0.00 0.00 0.00 0.00 0.02 0.27 0.51 0.70 0.88 1.00 1.00 1.00 1.00 1.00 1.00 1.00 1.00 0.58 0.00 0.00 
 0.00 0.00 0.00 0.32 0.88 1.00 1.00 1.00 1.00 1.00 1.00 1.00 1.00 1.00 1.00 1.00 1.00 0.58 0.00 0.00 
 0.00 0.00 0.41 1.00 1.00 1.00 1.00 1.00 1.00 1.00 0.95 0.75 0.61 1.00 1.00 1.00 1.00 0.58 0.00 0.00 
 0.00 0.11 0.97 1.00 1.00 1.00 1.00 0.73 0.36 0.14 0.01 0.00 0.23 1.00 1.00 1.00 1.00 0.58 0.00 0.00 
 0.00 0.44 1.00 1.00 1.00 1.00 0.60 0.00 0.00 0.00 0.00 0.00 0.28 1.00 1.00 1.00 1.00 0.58 0.00 0.00 
 0.00 0.62 1.00 1.00 1.00 1.00 0.27 0.00 0.00 0.00 0.00 0.00 0.48 1.00 1.00 1.00 1.00 0.58 0.00 0.00 
 0.00 0.67 1.00 1.00 1.00 1.00 0.36 0.00 0.00 0.00 0.00 0.06 0.89 1.00 1.00 1.00 1.00 0.58 0.00 0.00 
 0.00 0.58 1.00 1.00 1.00 1.00 0.87 0.21 0.00 0.01 0.21 0.79 1.00 1.00 1.00 1.00 1.00 0.58 0.00 0.00 
 0.00 0.35 1.00 1.00 1.00 1.00 1.00 1.00 0.95 0.96 1.00 1.00 1.00 1.00 1.00 1.00 1.00 0.60 0.00 0.00 
 0.00 0.03 0.87 1.00 1.00 1.00 1.00 1.00 1.00 1.00 1.00 1.00 0.79 1.00 1.00 1.00 1.00 0.82 0.01 0.00 
 0.00 0.00 0.18 0.89 1.00 1.00 1.00 1.00 1.00 1.00 0.99 0.52 0.08 0.97 1.00 1.00 1.00 1.00 0.50 0.00 
 0.00 0.00 0.00 0.07 0.51 0.85 1.00 1.00 0.90 0.62 0.18 0.00 0.00 0.18 0.24 0.24 0.24 0.24 0.17 0.00 
 