0.00 0.00 0.00 0.00 0.04 0.31 0.56 0.75 0.89 0.97 1.00 0.98 0.89 0.71 0.45 0.10 0.00 0.00 0.00 0.00 
 0.00 0.00 0.12 0.63 0.96 1.00 1.00 1.00 1.00 1.00 1.00 1.00 1.00 1.00 1.00 0.98 0.56 0.04 0.00 0.00 
 0.00 0.00 0.46 1.00 1.00 1.00 1.00 0.97 0.76 0.60 0.54 0.61 0.92 1.00 1.00 1.00 1.00 0.81 0.07 0.00 
 0.00 0.00 0.39 1.00 1.00 0.91 0.42 0.05 0.00 0.00 0.00 0.00 0.06 0.75 1.00 1.00 1.00 1.00 0.71 0.00 
 0.00 0.00 0.29 1.00 0.70 0.07 0.00 0.00 0.00 0.00 0.00 0.00 0.00 0.11 0.98 1.00 1.00 1.00 1.00 0.23 
 0.00 0.00 0.08 0.47 0.02 0.00 0.00 0.00 0.00 0.00 0.00 0.00 0.00 0.00 0.76 1.00 1.00 1.00 1.00 0.51 
 0.00 0.00 0.00 0.00 0.00 0.00 0.00 0.00 0.00 0.00 0.00 0.00 0.00 0.00 0.67 1.00 1.00 1.00 1.00 0.60 
 0.00 0.00 0.00 0.00 0.00 0.00 0.00 0.00 0.00 0.00 0.00 0.02 0.09 0.14 0.72 1.00 1.00 1.00 1.00 0.60 
 0.00 0.00 0.00 0.00 0.00 0.00 0.09 0.35 0.57 0.75 0.89 0.99 1.00 1.00 1.00 1.00 1.00 1.00 1.00 0.60 
 0.00 0.00 0.00 0.02 0.35 0.76 0.99 1.00 1.00 1.00 0.97 0.76 0.59 0.46 0.80 1.00 1.00 1.00 1.00 0.60 
 0.00 0.00 0.20 0.83 1.00 1.00 1.00 1.00 0.76 0.33 0.04 0.00 0.00 0.00 0.66 1.00 1.00 1.00 1.00 0.60 
 0.00 0.25 0.96 1.00 1.00 1.00 0.97 0.37 0.00 0.00 0.00 0.00 0.00 0.00 0.66 1.00 1.00 1.00 1.00 0.60 
 0.02 0.89 1.00 1.00 1.00 1.00 0.38 0.00 0.00 0.00 0.00 0.00 0.00 0.00 0.66 1.00 1.00 1.00 1.00 0.60 
 0.26 1.00 1.00 1.00 1.00 0.91 0.01 0.00 0.00 0.00 0.00 0.00 0.00 0.00 0.67 1.00 1.00 1.00 1.00 0.60 
 0.34 1.00 1.00 1.00 1.00 0.83 0.00 0.00 0.00 0.00 0.00 0.00 0.00 0.00 0.77 1.00 1.00 1.00 1.00 0.60 
 0.21 1.00 1.00 1.00 1.00 0.98 0.11 0.00 0.00 0.00 0.00 0.00 0.00 0.18 0.99 1.00 1.00 1.00 1.00 0.60 
 0.01 0.87 1.00 1.00 1.00 1.00 0.77 0.08 0.00 0.00 0.00 0.00 0.25 0.89 1.00 1.00 1.00 1.00 1.00 0.60 
 0.00 0.32 1.00 1.00 1.00 1.00 1.00 0.94 0.62 0.51 0.59 0.82 1.00 0.89 0.70 1.00 1.00 1.00 1.00 0.60 
 0.00 0.00 0.45 0.99 1.00 1.00 1.00 1.00 1.00 1.00 1.00 1.00 0.76 0.12 0.58 1.00 1.00 1.00 1.00 0.59 
 0.00 0.00 0.00 0.23 0.73 0.99 1.00 1.00 1.00 0.97 0.72 0.32 0.01 0.00 0.28 0.85 0.89 0.89 0.85 0.28 
 