0.00 0.00 0.00 0.00 0.00 0.00 0.00 0.00 0.68 1.00 1.00 0.67 0.00 0.00 0.00 0.00 0.00 0.00 0.00 0.00 
 0.00 0.00 0.00 0.00 0.00 0.00 0.00 0.11 0.99 1.00 1.00 0.98 0.11 0.00 0.00 0.00 0.00 0.00 0.00 0.00 
 0.00 0.00 0.00 0.00 0.00 0.00 0.00 0.51 1.00 1.00 1.00 1.00 0.51 0.00 0.00 0.00 0.00 0.00 0.00 0.00 
 0.00 0.00 0.00 0.00 0.00 0.00 0.02 0.91 1.00 1.00 1.00 1.00 0.91 0.02 0.00 0.00 0.00 0.00 0.00 0.00 
 0.00 0.00 0.00 0.00 0.00 0.00 0.35 1.00 1.00 1.00 1.00 1.00 1.00 0.35 0.00 0.00 0.00 0.00 0.00 0.00 
 0.00 0.00 0.00 0.00 0.00 0.00 0.76 1.00 1.00 0.90 0.91 1.00 1.00 0.77 0.00 0.00 0.00 0.00 0.00 0.00 
 0.00 0.00 0.00 0.00 0.00 0.18 1.00 1.00 1.00 0.56 0.57 1.00 1.00 1.00 0.19 0.00 0.00 0.00 0.00 0.00 
 0.00 0.00 0.00 0.00 0.00 0.60 1.00 1.00 1.00 0.21 0.22 1.00 1.00 1.00 0.61 0.00 0.00 0.00 0.00 0.00 
 0.00 0.00 0.00 0.00 0.06 0.96 1.00 1.00 0.85 0.00 0.00 0.86 1.00 1.00 0.96 0.07 0.00 0.00 0.00 0.00 
 0.00 0.00 0.00 0.00 0.43 1.00 1.00 1.00 0.50 0.00 0.00 0.51 1.00 1.00 1.00 0.45 0.00 0.00 0.00 0.00 
 0.00 0.00 0.00 0.00 0.84 1.00 1.00 1.00 0.15 0.00 0.00 0.16 1.00 1.00 1.00 0.86 0.01 0.00 0.00 0.00 
 0.00 0.00 0.00 0.26 1.00 1.00 1.00 0.98 0.69 0.69 0.69 0.69 0.98 1.00 1.00 1.00 0.29 0.00 0.00 0.00 
 0.00 0.00 0.00 0.68 1.00 1.00 1.00 1.00 1.00 1.00 1.00 1.00 1.00 1.00 1.00 1.00 0.71 0.00 0.00 0.00 
 0.00 0.00 0.11 0.99 1.00 1.00 1.00 1.00 1.00 1.00 1.00 1.00 1.00 1.00 1.00 1.00 0.99 0.13 0.00 0.00 
 0.00 0.00 0.51 1.00 1.00 1.00 0.94 0.88 0.88 0.88 0.88 0.88 0.88 0.93 1.00 1.00 1.00 0.55 0.00 0.00 
 0.00 0.02 0.91 1.00 1.00 1.00 0.24 0.00 0.00 0.00 0.00 0.00 0.00 0.13 0.99 1.00 1.00 0.93 0.04 0.00 
 0.00 0.35 1.00 1.00 1.00 0.81 0.00 0.00 0.00 0.00 0.00 0.00 0.00 0.00 0.71 1.00 1.00 1.00 0.38 0.00 
 0.00 0.76 1.00 1.00 1.00 0.38 0.00 0.00 0.00 0.00 0.00 0.00 0.00 0.00 0.29 1.00 1.00 1.00 0.80 0.00 
 0.18 1.00 1.00 1.00 0.92 0.03 0.00 0.00 0.00 0.00 0.00 0.00 0.00 0.00 0.01 0.87 1.00 1.00 1.00 0.22 
 0.60 1.00 1.00 1.00 0.52 0.00 0.00 0.00 0.00 0.00 0.00 0.00 0.00 0.00 0.00 0.47 1.00 1.00 1.00 0.64 
 