0.00 0.00 0.00 0.00 0.02 0.20 0.47 0.67 0.80 0.87 0.89 0.85 0.75 0.57 0.27 0.03 0.00 0.00 0.00 0.00 
 0.00 0.00 0.01 0.28 0.78 1.00 1.00 1.00 1.00 1.00 1.00 1.00 1.00 1.00 1.00 0.75 0.11 0.00 0.00 0.00 
 0.00 0.01 0.51 1.00 1.00 1.00 0.95 0.43 0.31 0.33 0.52 0.90 1.00 1.00 1.00 1.00 0.77 0.02 0.00 0.00 
 0.00 0.33 1.00 1.00 1.00 1.00 0.89 0.00 0.00 0.00 0.00 0.13 0.91 1.00 1.00 1.00 1.00 0.32 0.00 0.00 
 0.00 0.67 1.00 1.00 1.00 1.00 0.89 0.00 0.00 0.00 0.00 0.00 0.49 1.00 1.00 1.00 1.00 0.62 0.00 0.00 
 0.00 0.58 1.00 1.00 1.00 1.00 0.89 0.00 0.00 0.00 0.00 0.00 0.27 1.00 1.00 1.00 1.00 0.78 0.00 0.00 
 0.00 0.04 0.33 0.40 0.40 0.40 0.36 0.00 0.00 0.00 0.00 0.00 0.21 1.00 1.00 1.00 1.00 0.86 0.00 0.00 
 0.00 0.00 0.00 0.00 0.00 0.00 0.00 0.00 0.00 0.00 0.00 0.05 0.33 1.00 1.00 1.00 1.00 0.88 0.00 0.00 
 0.00 0.00 0.00 0.00 0.00 0.00 0.00 0.05 0.21 0.45 0.70 0.93 1.00 1.00 1.00 1.00 1.00 0.88 0.00 0.00 
 0.00 0.00 0.00 0.00 0.05 0.30 0.63 0.92 1.00 1.00 1.00 0.99 0.93 1.00 1.00 1.00 1.00 0.88 0.00 0.00 
 0.00 0.00 0.04 0.43 0.89 1.00 1.00 1.00 0.96 0.75 0.44 0.18 0.26 1.00 1.00 1.00 1.00 0.88 0.00 0.00 
 0.00 0.11 0.79 1.00 1.00 1.00 0.99 0.65 0.15 0.00 0.00 0.00 0.25 1.00 1.00 1.00 1.00 0.88 0.00 0.00 
 0.04 0.78 1.00 1.00 1.00 1.00 0.51 0.00 0.00 0.00 0.00 0.00 0.25 1.00 1.00 1.00 1.00 0.88 0.00 0.00 
 0.32 1.00 1.00 1.00 1.00 0.90 0.03 0.00 0.00 0.00 0.00 0.00 0.25 1.00 1.00 1.00 1.00 0.88 0.00 0.00 
 0.58 1.00 1.00 1.00 1.00 0.77 0.00 0.00 0.00 0.00 0.00 0.00 0.25 1.00 1.00 1.00 1.00 0.88 0.00 0.00 
 0.66 1.00 1.00 1.00 1.00 0.84 0.00 0.00 0.00 0.00 0.00 0.00 0.25 1.00 1.00 1.00 1.00 0.88 0.00 0.00 
 0.59 1.00 1.00 1.00 1.00 0.98 0.25 0.00 0.00 0.00 0.00 0.04 0.45 1.00 1.00 1.00 1.00 0.88 0.00 0.00 
 0.35 1.00 1.00 1.00 1.00 1.00 0.93 0.45 0.24 0.29 0.51 0.86 1.00 1.00 1.00 1.00 1.00 0.88 0.00 0.00 
 0.05 0.85 1.00 1.00 1.00 1.00 1.00 1.00 1.00 1.00 1.00 0.92 0.56 1.00 1.00 1.00 1.00 0.98 0.51 0.34 
 0.00 0.20 0.91 1.00 1.00 1.00 1.00 1.00 1.00 0.97 0.60 0.10 0.07 0.95 1.00 1.00 1.00 1.00 1.00 1.00 
 