0.00 0.00 0.00 0.00 0.14 0.50 0.75 0.91 0.98 0.99 0.93 0.81 0.60 0.28 0.01 0.00 0.00 0.00 0.00 0.00 
 0.00 0.00 0.04 0.58 0.99 1.00 0.70 0.40 0.36 0.51 0.91 1.00 1.00 1.00 0.81 0.18 0.00 0.00 0.00 0.00 
 0.00 0.01 0.71 1.00 1.00 0.68 0.00 0.00 0.00 0.00 0.11 0.93 1.00 1.00 1.00 0.95 0.18 0.00 0.00 0.00 
 0.00 0.35 1.00 1.00 1.00 0.82 0.04 0.00 0.00 0.00 0.00 0.56 1.00 1.00 1.00 1.00 0.79 0.00 0.00 0.00 
 0.00 0.65 1.00 1.00 1.00 1.00 0.50 0.00 0.00 0.00 0.00 0.41 1.00 1.00 1.00 1.00 1.00 0.14 0.00 0.00 
 0.00 0.69 1.00 1.00 1.00 1.00 0.77 0.00 0.00 0.00 0.00 0.39 1.00 1.00 1.00 1.00 1.00 0.27 0.00 0.00 
 0.00 0.46 1.00 1.00 1.00 1.00 0.57 0.00 0.00 0.00 0.00 0.39 1.00 1.00 1.00 1.00 1.00 0.27 0.00 0.00 
 0.00 0.02 0.58 0.91 0.91 0.59 0.04 0.00 0.00 0.00 0.00 0.39 1.00 1.00 1.00 1.00 1.00 0.27 0.00 0.00 
 0.00 0.00 0.00 0.00 0.00 0.00 0.00 0.00 0.07 0.37 0.68 0.96 1.00 1.00 1.00 1.00 1.00 0.27 0.00 0.00 
 0.00 0.00 0.00 0.00 0.00 0.02 0.33 0.70 0.98 1.00 0.78 0.73 1.00 1.00 1.00 1.00 1.00 0.27 0.00 0.00 
 0.00 0.00 0.00 0.04 0.46 0.91 1.00 1.00 0.78 0.21 0.00 0.44 1.00 1.00 1.00 1.00 1.00 0.27 0.00 0.00 
 0.00 0.00 0.21 0.87 1.00 1.00 1.00 0.69 0.02 0.00 0.00 0.44 1.00 1.00 1.00 1.00 1.00 0.27 0.00 0.00 
 0.00 0.24 0.96 1.00 1.00 1.00 0.94 0.07 0.00 0.00 0.00 0.44 1.00 1.00 1.00 1.00 1.00 0.27 0.00 0.00 
 0.04 0.89 1.00 1.00 1.00 1.00 0.65 0.00 0.00 0.00 0.00 0.44 1.00 1.00 1.00 1.00 1.00 0.27 0.00 0.00 
 0.33 1.00 1.00 1.00 1.00 1.00 0.55 0.00 0.00 0.00 0.00 0.44 1.00 1.00 1.00 1.00 1.00 0.27 0.00 0.00 
 0.48 1.00 1.00 1.00 1.00 1.00 0.70 0.00 0.00 0.00 0.00 0.59 1.00 1.00 1.00 1.00 1.00 0.27 0.00 0.00 
 0.43 1.00 1.00 1.00 1.00 1.00 0.98 0.25 0.00 0.04 0.55 1.00 1.00 1.00 1.00 1.00 1.00 0.29 0.01 0.01 
 0.15 0.99 1.00 1.00 1.00 1.00 1.00 0.99 0.84 0.94 0.97 0.64 1.00 1.00 1.00 1.00 1.00 0.79 0.69 0.40 
 0.00 0.53 1.00 1.00 1.00 1.00 1.00 1.00 1.00 0.85 0.21 0.05 0.93 1.00 1.00 1.00 1.00 1.00 0.81 0.09 
 0.00 0.00 0.42 0.88 1.00 1.00 0.99 0.79 0.41 0.03 0.00 0.00 0.28 0.90 1.00 1.00 0.93 0.53 0.04 0.00 
 