0.00 0.00 0.00 0.06 0.29 0.44 0.51 0.53 0.49 0.38 0.18 0.01 0.00 0.00 0.00 0.00 0.00 0.00 0.00 0.00 
 0.00 0.03 0.57 0.97 1.00 1.00 1.00 1.00 1.00 1.00 1.00 0.87 0.42 0.02 0.00 0.00 0.00 0.00 0.00 0.00 
 0.00 0.55 1.00 1.00 1.00 1.00 1.00 1.00 1.00 1.00 1.00 1.00 1.00 0.76 0.07 0.00 0.00 0.00 0.00 0.00 
 0.00 0.86 1.00 1.00 1.00 0.88 0.73 0.68 0.73 0.91 1.00 1.00 1.00 1.00 0.75 0.01 0.00 0.00 0.00 0.00 
 0.00 0.79 1.00 1.00 1.00 0.35 0.00 0.00 0.00 0.00 0.27 0.87 1.00 1.00 1.00 0.35 0.00 0.00 0.00 0.00 
 0.00 0.25 0.91 1.00 0.68 0.03 0.00 0.00 0.00 0.00 0.00 0.14 0.97 1.00 1.00 0.73 0.00 0.00 0.00 0.00 
 0.00 0.00 0.01 0.04 0.00 0.00 0.00 0.00 0.00 0.00 0.00 0.00 0.69 1.00 1.00 0.93 0.00 0.00 0.00 0.00 
 0.00 0.00 0.00 0.00 0.00 0.00 0.06 0.27 0.44 0.57 0.66 0.73 0.90 1.00 1.00 0.97 0.00 0.00 0.00 0.00 
 0.00 0.00 0.00 0.06 0.43 0.77 0.99 1.00 1.00 1.00 1.00 1.00 1.00 1.00 1.00 0.97 0.00 0.00 0.00 0.00 
 0.00 0.00 0.42 0.93 1.00 1.00 1.00 1.00 1.00 1.00 1.00 1.00 1.00 1.00 1.00 0.97 0.00 0.00 0.00 0.00 
 0.01 0.62 1.00 1.00 1.00 1.00 1.00 0.94 0.75 0.60 0.49 0.41 0.76 1.00 1.00 0.97 0.00 0.00 0.00 0.00 
 0.39 1.00 1.00 1.00 0.97 0.58 0.22 0.01 0.00 0.00 0.00 0.00 0.62 1.00 1.00 0.97 0.00 0.00 0.00 0.00 
 0.82 1.00 1.00 0.93 0.18 0.00 0.00 0.00 0.00 0.00 0.00 0.00 0.62 1.00 1.00 0.97 0.00 0.00 0.00 0.00 
 0.98 1.00 1.00 0.55 0.00 0.00 0.00 0.00 0.00 0.00 0.00 0.00 0.62 1.00 1.00 0.97 0.00 0.00 0.00 0.00 
 0.93 1.00 1.00 0.69 0.00 0.00 0.00 0.00 0.00 0.00 0.00 0.00 0.74 1.00 1.00 0.97 0.00 0.00 0.00 0.00 
 0.67 1.00 1.00 1.00 0.46 0.02 0.00 0.00 0.00 0.00 0.07 0.55 1.00 1.00 1.00 0.97 0.01 0.00 0.00 0.00 
 0.20 0.98 1.00 1.00 1.00 0.89 0.64 0.56 0.62 0.77 0.98 1.00 1.00 1.00 1.00 1.00 0.94 0.83 0.80 0.51 
 0.00 0.40 0.99 1.00 1.00 1.00 1.00 1.00 1.00 1.00 1.00 1.00 1.00 1.00 1.00 1.00 1.00 1.00 1.00 1.00 
 0.00 0.00 0.27 0.84 1.00 1.00 1.00 1.00 1.00 1.00 1.00 0.91 0.51 0.47 0.95 1.00 1.00 1.00 1.00 0.95 
 0.00 0.00 0.00 0.01 0.25 0.49 0.62 0.64 0.58 0.44 0.23 0.02 0.00 0.00 0.04 0.25 0.36 0.39 0.36 0.13 
 