0.00 0.00 0.00 0.00 0.00 0.01 0.28 0.64 0.86 0.98 0.99 0.91 0.72 0.38 0.02 0.00 0.00 0.00 0.00 0.00 
 0.00 0.00 0.00 0.00 0.21 0.79 1.00 1.00 1.00 1.00 1.00 1.00 1.00 1.00 0.81 0.11 0.00 0.00 0.00 0.00 
 0.00 0.00 0.01 0.60 0.99 1.00 1.00 1.00 1.00 1.00 1.00 1.00 1.00 1.00 1.00 0.81 0.02 0.00 0.00 0.00 
 0.00 0.00 0.03 1.00 1.00 0.60 0.32 0.24 0.32 0.61 0.99 1.00 1.00 1.00 1.00 1.00 0.35 0.00 0.00 0.00 
 0.00 0.00 0.03 1.00 0.83 0.00 0.00 0.00 0.00 0.00 0.34 1.00 1.00 1.00 1.00 1.00 0.64 0.00 0.00 0.00 
 0.00 0.00 0.02 0.71 0.36 0.00 0.00 0.00 0.00 0.00 0.00 0.75 1.00 1.00 1.00 1.00 0.76 0.00 0.00 0.00 
 0.00 0.00 0.00 0.00 0.00 0.00 0.00 0.00 0.00 0.00 0.00 0.46 1.00 1.00 1.00 1.00 0.76 0.00 0.00 0.00 
 0.00 0.00 0.00 0.00 0.00 0.00 0.00 0.00 0.00 0.00 0.00 0.32 1.00 1.00 1.00 1.00 0.72 0.00 0.00 0.00 
 0.00 0.00 0.00 0.00 0.00 0.00 0.00 0.05 0.25 0.45 0.65 0.88 1.00 1.00 1.00 1.00 0.69 0.00 0.00 0.00 
 0.00 0.00 0.00 0.00 0.12 0.49 0.78 0.99 1.00 1.00 1.00 0.96 1.00 1.00 1.00 1.00 0.67 0.00 0.00 0.00 
 0.00 0.00 0.05 0.60 0.99 1.00 1.00 1.00 0.78 0.45 0.17 0.27 1.00 1.00 1.00 1.00 0.66 0.00 0.00 0.00 
 0.00 0.04 0.80 1.00 1.00 1.00 0.91 0.25 0.00 0.00 0.00 0.27 1.00 1.00 1.00 1.00 0.65 0.00 0.00 0.00 
 0.00 0.48 1.00 1.00 1.00 1.00 0.35 0.00 0.00 0.00 0.00 0.27 1.00 1.00 1.00 1.00 0.67 0.00 0.00 0.00 
 0.00 0.81 1.00 1.00 1.00 1.00 0.11 0.00 0.00 0.00 0.00 0.27 1.00 1.00 1.00 1.00 0.70 0.00 0.00 0.00 
 0.00 0.95 1.00 1.00 1.00 1.00 0.13 0.00 0.00 0.00 0.00 0.31 1.00 1.00 1.00 1.00 0.73 0.00 0.00 0.00 
 0.00 0.95 1.00 1.00 1.00 1.00 0.43 0.00 0.00 0.00 0.20 0.88 1.00 1.00 1.00 1.00 0.74 0.00 0.00 0.00 
 0.00 0.84 1.00 1.00 1.00 1.00 0.97 0.56 0.47 0.70 0.99 0.95 1.00 1.00 1.00 1.00 0.80 0.00 0.00 0.00 
 0.00 0.56 1.00 1.00 1.00 1.00 1.00 1.00 1.00 1.00 0.66 0.39 1.00 1.00 1.00 1.00 0.98 0.23 0.02 0.00 
 0.00 0.10 0.91 1.00 1.00 1.00 1.00 1.00 0.98 0.44 0.00 0.42 1.00 1.00 1.00 1.00 1.00 1.00 0.99 0.12 
 0.00 0.00 0.15 0.71 0.99 1.00 1.00 0.87 0.23 0.00 0.00 0.25 0.57 0.53 0.50 0.47 0.50 0.54 0.57 0.07 
 