0.00 0.00 0.00 0.00 0.00 0.00 0.00 0.00 0.08 0.53 0.84 0.96 1.00 0.99 0.94 0.85 0.71 0.54 0.22 0.00 
 0.00 0.00 0.00 0.00 0.00 0.00 0.00 0.39 0.93 1.00 1.00 1.00 1.00 1.00 1.00 1.00 1.00 0.91 0.11 0.00 
 0.00 0.00 0.00 0.00 0.00 0.09 0.71 0.99 0.56 0.25 0.24 0.36 0.53 0.75 1.00 1.00 1.00 0.33 0.00 0.00 
 0.00 0.00 0.00 0.00 0.21 0.90 1.00 0.42 0.00 0.00 0.00 0.00 0.00 0.24 1.00 1.00 0.98 0.04 0.00 0.00 
 0.00 0.00 0.00 0.14 0.95 1.00 0.75 0.00 0.00 0.00 0.00 0.00 0.00 0.50 1.00 1.00 0.76 0.00 0.00 0.00 
 0.00 0.00 0.00 0.70 1.00 1.00 0.25 0.00 0.00 0.00 0.00 0.00 0.00 0.77 1.00 1.00 0.50 0.00 0.00 0.00 
 0.00 0.00 0.19 1.00 1.00 0.82 0.00 0.00 0.00 0.00 0.00 0.00 0.06 0.98 1.00 1.00 0.24 0.00 0.00 0.00 
 0.00 0.00 0.61 1.00 1.00 0.44 0.00 0.00 0.00 0.00 0.00 0.00 0.32 1.00 1.00 0.97 0.03 0.00 0.00 0.00 
 0.00 0.04 0.95 1.00 1.00 0.12 0.00 0.00 0.00 0.00 0.00 0.00 0.56 1.00 1.00 0.75 0.00 0.00 0.00 0.00 
 0.00 0.31 1.00 1.00 0.83 0.00 0.00 0.00 0.00 0.00 0.00 0.00 0.78 1.00 1.00 0.52 0.00 0.00 0.00 0.00 
 0.00 0.60 1.00 1.00 0.59 0.00 0.00 0.00 0.00 0.00 0.00 0.03 0.97 1.00 1.00 0.29 0.00 0.00 0.00 0.00 
 0.00 0.86 1.00 1.00 0.40 0.00 0.00 0.00 0.00 0.00 0.00 0.22 1.00 1.00 1.00 0.07 0.00 0.00 0.00 0.00 
 0.09 1.00 1.00 1.00 0.25 0.00 0.00 0.00 0.00 0.00 0.00 0.47 1.00 1.00 0.86 0.00 0.00 0.00 0.00 0.00 
 0.27 1.00 1.00 1.00 0.16 0.00 0.00 0.00 0.00 0.00 0.33 0.93 1.00 1.00 0.67 0.00 0.00 0.00 0.01 0.26 
 0.42 1.00 1.00 1.00 0.15 0.00 0.00 0.00 0.05 0.61 1.00 1.00 1.00 1.00 0.51 0.00 0.00 0.14 0.75 0.72 
 0.51 1.00 1.00 1.00 0.32 0.00 0.00 0.29 0.87 0.95 0.48 1.00 1.00 1.00 0.48 0.03 0.46 0.96 0.71 0.08 
 0.55 1.00 1.00 1.00 0.86 0.48 0.76 1.00 0.78 0.13 0.33 1.00 1.00 1.00 0.95 0.90 0.96 0.42 0.00 0.00 
 0.48 1.00 1.00 1.00 1.00 1.00 0.98 0.49 0.02 0.00 0.51 1.00 1.00 1.00 1.00 0.76 0.15 0.00 0.00 0.00 
 0.28 1.00 1.00 1.00 1.00 0.82 0.20 0.00 0.00 0.00 0.66 1.00 1.00 0.95 0.42 0.01 0.00 0.00 0.00 0.00 
 0.02 0.80 1.00 0.93 0.45 0.02 0.00 0.00 0.00 0.00 0.68 1.00 0.67 0.11 0.00 0.00 0.00 0.00 0.00 0.00 
 