0.00 0.00 0.00 0.00 0.00 0.00 0.00 0.00 0.00 0.18 0.54 0.77 0.85 0.76 0.42 0.01 0.27 0.65 0.76 0.49 
 0.00 0.00 0.00 0.00 0.00 0.00 0.00 0.13 0.69 1.00 0.75 0.31 0.13 0.26 0.79 0.55 0.67 1.00 1.00 0.33 
 0.00 0.00 0.00 0.00 0.00 0.00 0.34 0.95 0.99 0.44 0.00 0.00 0.00 0.00 0.08 0.93 0.91 1.00 0.99 0.07 
 0.00 0.00 0.00 0.00 0.00 0.46 1.00 1.00 0.40 0.00 0.00 0.00 0.00 0.00 0.00 0.76 1.00 1.00 0.79 0.00 
 0.00 0.00 0.00 0.00 0.44 1.00 1.00 0.57 0.00 0.00 0.00 0.00 0.00 0.00 0.00 0.76 1.00 1.00 0.53 0.00 
 0.00 0.00 0.00 0.29 0.99 1.00 0.85 0.04 0.00 0.00 0.00 0.00 0.00 0.00 0.00 0.87 1.00 1.00 0.26 0.00 
 0.00 0.00 0.10 0.92 1.00 1.00 0.30 0.00 0.00 0.00 0.00 0.00 0.00 0.00 0.07 1.00 1.00 0.97 0.04 0.00 
 0.00 0.00 0.66 1.00 1.00 0.78 0.00 0.00 0.00 0.00 0.00 0.00 0.00 0.00 0.31 1.00 1.00 0.74 0.00 0.00 
 0.00 0.22 1.00 1.00 1.00 0.33 0.00 0.00 0.00 0.00 0.00 0.00 0.00 0.00 0.62 1.00 1.00 0.49 0.00 0.00 
 0.00 0.71 1.00 1.00 0.90 0.02 0.00 0.00 0.00 0.00 0.00 0.00 0.00 0.05 0.95 1.00 1.00 0.23 0.00 0.00 
 0.12 0.99 1.00 1.00 0.55 0.00 0.00 0.00 0.00 0.00 0.00 0.00 0.00 0.42 1.00 1.00 0.96 0.02 0.00 0.00 
 0.45 1.00 1.00 1.00 0.24 0.00 0.00 0.00 0.00 0.00 0.00 0.00 0.03 0.88 1.00 1.00 0.73 0.00 0.00 0.00 
 0.71 1.00 1.00 0.96 0.02 0.00 0.00 0.00 0.00 0.00 0.00 0.00 0.46 1.00 1.00 1.00 0.49 0.00 0.00 0.00 
 0.89 1.00 1.00 0.79 0.00 0.00 0.00 0.00 0.00 0.00 0.00 0.13 0.88 0.91 1.00 1.00 0.25 0.00 0.00 0.00 
 0.98 1.00 1.00 0.71 0.00 0.00 0.00 0.00 0.00 0.00 0.02 0.76 0.38 0.99 1.00 0.98 0.04 0.00 0.00 0.11 
 0.99 1.00 1.00 0.79 0.00 0.00 0.00 0.00 0.00 0.00 0.59 0.54 0.31 1.00 1.00 0.80 0.00 0.00 0.25 0.77 
 0.88 1.00 1.00 0.99 0.14 0.00 0.00 0.00 0.02 0.56 0.71 0.02 0.53 1.00 1.00 0.60 0.00 0.24 0.86 0.12 
 0.58 1.00 1.00 1.00 0.84 0.29 0.18 0.38 0.82 0.77 0.05 0.00 0.68 1.00 1.00 0.72 0.44 0.91 0.20 0.00 
 0.10 0.90 1.00 1.00 1.00 1.00 1.00 1.00 0.67 0.05 0.00 0.00 0.69 1.00 1.00 1.00 0.94 0.24 0.00 0.00 
 0.00 0.12 0.64 0.93 1.00 0.95 0.73 0.32 0.00 0.00 0.00 0.00 0.30 0.91 0.94 0.68 0.14 0.00 0.00 0.00 
 