0.00 0.00 0.00 0.00 0.00 0.00 0.00 0.04 0.22 0.29 0.19 0.01 0.00 0.00 0.00 0.00 0.00 0.00 0.00 0.00 
 0.00 0.00 0.00 0.00 0.00 0.10 0.60 0.96 1.00 1.00 1.00 0.87 0.29 0.00 0.00 0.67 0.73 0.73 0.31 0.00 
 0.00 0.00 0.00 0.00 0.27 0.93 1.00 1.00 1.00 0.89 0.87 1.00 0.99 0.27 0.19 1.00 1.00 1.00 0.17 0.00 
 0.00 0.00 0.00 0.27 0.98 1.00 1.00 0.75 0.17 0.00 0.00 0.18 0.88 0.83 0.49 1.00 1.00 0.87 0.00 0.00 
 0.00 0.00 0.13 0.94 1.00 1.00 0.73 0.02 0.00 0.00 0.00 0.00 0.31 1.00 0.88 1.00 1.00 0.58 0.00 0.00 
 0.00 0.00 0.75 1.00 1.00 0.91 0.08 0.00 0.00 0.00 0.00 0.00 0.04 1.00 1.00 1.00 1.00 0.28 0.00 0.00 
 0.00 0.32 1.00 1.00 1.00 0.39 0.00 0.00 0.00 0.00 0.00 0.00 0.00 0.98 1.00 1.00 0.95 0.03 0.00 0.00 
 0.00 0.80 1.00 1.00 0.88 0.02 0.00 0.00 0.00 0.00 0.00 0.00 0.05 1.00 1.00 1.00 0.69 0.00 0.00 0.00 
 0.18 1.00 1.00 1.00 0.49 0.00 0.00 0.00 0.00 0.00 0.00 0.00 0.19 1.00 1.00 1.00 0.39 0.00 0.00 0.00 
 0.50 1.00 1.00 1.00 0.16 0.00 0.00 0.00 0.00 0.00 0.00 0.00 0.39 1.00 1.00 1.00 0.10 0.00 0.00 0.00 
 0.73 1.00 1.00 0.89 0.00 0.00 0.00 0.00 0.00 0.00 0.00 0.00 0.64 1.00 1.00 0.80 0.00 0.00 0.00 0.00 
 0.89 1.00 1.00 0.70 0.00 0.00 0.00 0.00 0.00 0.00 0.00 0.02 0.93 1.00 1.00 0.50 0.00 0.00 0.00 0.00 
 0.98 1.00 1.00 0.57 0.00 0.00 0.00 0.00 0.00 0.00 0.00 0.31 1.00 1.00 1.00 0.20 0.00 0.00 0.06 0.05 
 0.98 1.00 1.00 0.52 0.00 0.00 0.00 0.00 0.00 0.00 0.00 0.73 1.00 1.00 0.90 0.00 0.00 0.00 0.55 0.85 
 0.88 1.00 1.00 0.58 0.00 0.00 0.00 0.00 0.00 0.00 0.24 1.00 1.00 1.00 0.62 0.00 0.00 0.15 0.98 0.49 
 0.64 1.00 1.00 0.84 0.00 0.00 0.00 0.00 0.00 0.05 0.85 0.98 1.00 1.00 0.38 0.00 0.02 0.76 0.86 0.04 
 0.22 1.00 1.00 1.00 0.47 0.00 0.00 0.00 0.11 0.77 0.85 0.69 1.00 1.00 0.33 0.02 0.62 0.99 0.24 0.00 
 0.00 0.54 1.00 1.00 1.00 0.81 0.62 0.72 0.97 0.89 0.14 0.58 1.00 1.00 0.94 0.88 1.00 0.42 0.00 0.00 
 0.00 0.00 0.44 0.93 1.00 1.00 1.00 1.00 0.70 0.11 0.00 0.17 0.95 1.00 1.00 0.92 0.35 0.00 0.00 0.00 
 0.00 0.00 0.00 0.03 0.25 0.35 0.31 0.12 0.00 0.00 0.00 0.00 0.10 0.34 0.28 0.04 0.00 0.00 0.00 0.00 
 