0.00 0.00 0.00 0.45 0.75 0.75 0.75 0.75 0.75 0.75 0.75 0.42 0.00 0.00 0.00 0.00 0.00 0.00 0.00 0.00 
 0.00 0.00 0.00 0.36 0.63 0.63 0.63 0.63 0.88 0.94 0.80 0.85 0.02 0.00 0.00 0.00 0.00 0.00 0.00 0.00 
 0.00 0.00 0.00 0.00 0.00 0.00 0.00 0.05 0.89 0.60 0.24 1.00 0.27 0.00 0.00 0.00 0.00 0.00 0.00 0.00 
 0.00 0.00 0.00 0.00 0.00 0.00 0.00 0.27 0.99 0.22 0.03 0.85 0.64 0.00 0.00 0.00 0.00 0.00 0.00 0.00 
 0.00 0.00 0.00 0.00 0.00 0.00 0.00 0.64 0.82 0.00 0.00 0.47 0.93 0.06 0.00 0.00 0.00 0.00 0.00 0.00 
 0.00 0.00 0.00 0.00 0.00 0.00 0.09 0.96 0.49 0.00 0.00 0.14 0.99 0.39 0.00 0.00 0.00 0.00 0.00 0.00 
 0.00 0.00 0.00 0.00 0.00 0.00 0.36 0.97 0.14 0.00 0.00 0.00 0.72 0.75 0.00 0.00 0.00 0.00 0.00 0.00 
 0.00 0.00 0.00 0.00 0.00 0.00 0.72 0.77 0.00 0.00 0.00 0.00 0.35 0.96 0.14 0.00 0.00 0.00 0.00 0.00 
 0.00 0.00 0.00 0.00 0.00 0.14 0.99 0.41 0.00 0.00 0.00 0.00 0.08 0.94 0.52 0.00 0.00 0.00 0.00 0.00 
 0.00 0.00 0.00 0.00 0.00 0.45 0.94 0.08 0.00 0.00 0.00 0.00 0.00 0.60 0.85 0.02 0.00 0.00 0.00 0.00 
 0.00 0.00 0.00 0.00 0.02 0.82 0.69 0.00 0.00 0.00 0.00 0.00 0.00 0.24 1.00 0.25 0.00 0.00 0.00 0.00 
 0.00 0.00 0.00 0.00 0.20 1.00 0.31 0.00 0.00 0.00 0.00 0.00 0.00 0.03 0.85 0.63 0.00 0.00 0.00 0.00 
 0.00 0.00 0.00 0.00 0.55 1.00 0.89 0.88 0.88 0.88 0.88 0.88 0.88 0.88 0.96 0.91 0.05 0.00 0.00 0.00 
 0.00 0.00 0.00 0.05 0.89 0.72 0.50 0.50 0.50 0.50 0.50 0.50 0.50 0.50 0.55 0.99 0.38 0.00 0.00 0.00 
 0.00 0.00 0.00 0.28 0.97 0.16 0.00 0.00 0.00 0.00 0.00 0.00 0.00 0.00 0.00 0.69 0.74 0.00 0.00 0.00 
 0.00 0.00 0.00 0.66 0.77 0.00 0.00 0.00 0.00 0.00 0.00 0.00 0.00 0.00 0.00 0.30 0.96 0.13 0.00 0.00 
 0.00 0.00 0.11 0.97 0.41 0.00 0.00 0.00 0.00 0.00 0.00 0.00 0.00 0.00 0.00 0.06 0.91 0.50 0.00 0.00 
 0.00 0.00 0.39 0.91 0.06 0.00 0.00 0.00 0.00 0.00 0.00 0.00 0.00 0.00 0.00 0.00 0.53 0.85 0.02 0.00 
 0.09 0.13 0.75 0.71 0.13 0.13 0.11 0.00 0.00 0.00 0.00 0.00 0.00 0.05 0.13 0.13 0.30 1.00 0.31 0.13 
 0.94 1.00 1.00 1.00 1.00 1.00 0.96 0.08 0.00 0.00 0.00 0.00 0.00 0.56 1.00 1.00 1.00 1.00 1.00 1.00 
 