0.00 0.00 0.00 0.00 0.00 0.00 0.00 0.00 0.00 0.06 0.47 0.03 0.00 0.00 0.00 0.00 0.00 0.00 0.00 0.00 
 0.00 0.00 0.00 0.00 0.00 0.00 0.00 0.00 0.00 0.37 1.00 0.37 0.00 0.00 0.00 0.00 0.00 0.00 0.00 0.00 
 0.00 0.00 0.00 0.00 0.00 0.00 0.00 0.00 0.01 0.79 1.00 0.78 0.00 0.00 0.00 0.00 0.00 0.00 0.00 0.00 
 0.00 0.00 0.00 0.00 0.00 0.00 0.00 0.00 0.22 1.00 1.00 0.99 0.22 0.00 0.00 0.00 0.00 0.00 0.00 0.00 
 0.00 0.00 0.00 0.00 0.00 0.00 0.00 0.00 0.64 0.79 0.96 1.00 0.64 0.00 0.00 0.00 0.00 0.00 0.00 0.00 
 0.00 0.00 0.00 0.00 0.00 0.00 0.00 0.12 0.98 0.31 0.62 1.00 0.95 0.09 0.00 0.00 0.00 0.00 0.00 0.00 
 0.00 0.00 0.00 0.00 0.00 0.00 0.00 0.50 0.85 0.01 0.21 1.00 1.00 0.49 0.00 0.00 0.00 0.00 0.00 0.00 
 0.00 0.00 0.00 0.00 0.00 0.00 0.06 0.91 0.46 0.00 0.01 0.78 1.00 0.87 0.02 0.00 0.00 0.00 0.00 0.00 
 0.00 0.00 0.00 0.00 0.00 0.00 0.38 0.94 0.07 0.00 0.00 0.36 1.00 1.00 0.34 0.00 0.00 0.00 0.00 0.00 
 0.00 0.00 0.00 0.00 0.00 0.02 0.82 0.62 0.00 0.00 0.00 0.05 0.91 1.00 0.76 0.00 0.00 0.00 0.00 0.00 
 0.00 0.00 0.00 0.00 0.00 0.26 0.98 0.19 0.00 0.00 0.00 0.00 0.53 1.00 0.98 0.18 0.00 0.00 0.00 0.00 
 0.00 0.00 0.00 0.00 0.00 0.70 0.76 0.00 0.00 0.00 0.00 0.00 0.15 0.99 1.00 0.61 0.00 0.00 0.00 0.00 
 0.00 0.00 0.00 0.00 0.17 0.99 0.73 0.50 0.50 0.50 0.50 0.50 0.50 0.91 1.00 0.94 0.08 0.00 0.00 0.00 
 0.00 0.00 0.00 0.00 0.58 0.92 0.60 0.60 0.60 0.60 0.60 0.60 0.60 0.66 1.00 1.00 0.47 0.00 0.00 0.00 
 0.00 0.00 0.00 0.10 0.96 0.51 0.00 0.00 0.00 0.00 0.00 0.00 0.00 0.03 0.87 1.00 0.85 0.01 0.00 0.00 
 0.00 0.00 0.00 0.50 0.96 0.10 0.00 0.00 0.00 0.00 0.00 0.00 0.00 0.00 0.46 1.00 1.00 0.31 0.00 0.00 
 0.00 0.00 0.06 0.91 0.66 0.00 0.00 0.00 0.00 0.00 0.00 0.00 0.00 0.00 0.10 0.96 1.00 0.73 0.00 0.00 
 0.00 0.00 0.42 1.00 0.25 0.00 0.00 0.00 0.00 0.00 0.00 0.00 0.00 0.00 0.00 0.63 1.00 0.98 0.21 0.00 
 0.00 0.10 0.89 0.93 0.06 0.00 0.00 0.00 0.00 0.00 0.00 0.00 0.00 0.00 0.00 0.37 1.00 1.00 0.72 0.02 
 0.79 0.94 1.00 1.00 0.93 0.80 0.23 0.00 0.00 0.00 0.00 0.00 0.00 0.55 0.83 0.96 1.00 1.00 1.00 0.88 
 