0.00 0.00 0.00 0.00 0.00 0.00 0.00 0.00 0.00 0.33 0.67 0.74 0.00 0.00 0.00 0.00 0.00 0.00 0.00 0.00 
 0.00 0.00 0.00 0.00 0.00 0.00 0.00 0.00 0.13 0.96 1.00 0.98 0.21 0.00 0.00 0.00 0.00 0.00 0.00 0.00 
 0.00 0.00 0.00 0.00 0.00 0.00 0.00 0.00 0.45 0.96 0.96 1.00 0.53 0.00 0.00 0.00 0.00 0.00 0.00 0.00 
 0.00 0.00 0.00 0.00 0.00 0.00 0.00 0.04 0.84 0.65 0.64 1.00 0.86 0.02 0.00 0.00 0.00 0.00 0.00 0.00 
 0.00 0.00 0.00 0.00 0.00 0.00 0.00 0.23 1.00 0.29 0.29 1.00 1.00 0.25 0.00 0.00 0.00 0.00 0.00 0.00 
 0.00 0.00 0.00 0.00 0.00 0.00 0.00 0.62 0.86 0.02 0.08 0.92 1.00 0.64 0.00 0.00 0.00 0.00 0.00 0.00 
 0.00 0.00 0.00 0.00 0.00 0.00 0.13 0.96 0.55 0.00 0.00 0.57 1.00 0.88 0.02 0.00 0.00 0.00 0.00 0.00 
 0.00 0.00 0.00 0.00 0.00 0.00 0.41 0.98 0.18 0.00 0.00 0.25 1.00 1.00 0.35 0.00 0.00 0.00 0.00 0.00 
 0.00 0.00 0.00 0.00 0.00 0.02 0.80 0.78 0.00 0.00 0.00 0.06 0.90 1.00 0.67 0.00 0.00 0.00 0.00 0.00 
 0.00 0.00 0.00 0.00 0.00 0.23 1.00 0.45 0.00 0.00 0.00 0.00 0.51 1.00 0.92 0.08 0.00 0.00 0.00 0.00 
 0.00 0.00 0.00 0.00 0.00 0.62 0.94 0.11 0.00 0.00 0.00 0.00 0.21 1.00 1.00 0.39 0.00 0.00 0.00 0.00 
 0.00 0.00 0.00 0.00 0.08 0.94 0.78 0.15 0.15 0.15 0.15 0.15 0.18 0.90 1.00 0.76 0.00 0.00 0.00 0.00 
 0.00 0.00 0.00 0.00 0.37 1.00 1.00 1.00 1.00 1.00 1.00 1.00 1.00 1.00 1.00 0.94 0.11 0.00 0.00 0.00 
 0.00 0.00 0.00 0.02 0.78 0.92 0.31 0.29 0.29 0.29 0.29 0.25 0.15 0.31 1.00 1.00 0.49 0.00 0.00 0.00 
 0.00 0.00 0.00 0.23 1.00 0.65 0.00 0.00 0.00 0.00 0.00 0.00 0.00 0.04 0.86 1.00 0.80 0.00 0.00 0.00 
 0.00 0.00 0.00 0.59 1.00 0.29 0.00 0.00 0.00 0.00 0.00 0.00 0.00 0.00 0.51 1.00 0.98 0.21 0.00 0.00 
 0.00 0.00 0.08 0.94 0.86 0.02 0.00 0.00 0.00 0.00 0.00 0.00 0.00 0.00 0.21 1.00 1.00 0.55 0.00 0.00 
 0.00 0.00 0.37 1.00 0.55 0.00 0.00 0.00 0.00 0.00 0.00 0.00 0.00 0.00 0.04 0.86 1.00 0.86 0.02 0.00 
 0.00 0.02 0.76 0.98 0.18 0.00 0.00 0.00 0.00 0.00 0.00 0.00 0.00 0.00 0.00 0.51 1.00 1.00 0.27 0.00 
 0.00 0.18 1.00 0.80 0.00 0.00 0.00 0.00 0.00 0.00 0.00 0.00 0.00 0.00 0.00 0.21 1.00 1.00 0.62 0.00 
 