0.00 0.00 0.00 0.00 0.00 0.00 0.00 0.00 0.00 0.00 0.00 0.13 0.52 0.00 0.00 0.00 0.00 0.00 0.00 0.00 
 0.00 0.00 0.00 0.00 0.00 0.00 0.00 0.00 0.00 0.00 0.33 0.95 0.93 0.01 0.00 0.00 0.00 0.00 0.00 0.00 
 0.00 0.00 0.00 0.00 0.00 0.00 0.00 0.00 0.00 0.01 0.66 1.00 1.00 0.25 0.00 0.00 0.00 0.00 0.00 0.00 
 0.00 0.00 0.00 0.00 0.00 0.00 0.00 0.00 0.00 0.09 0.91 0.53 0.99 0.27 0.00 0.00 0.00 0.00 0.00 0.00 
 0.00 0.00 0.00 0.00 0.00 0.00 0.00 0.00 0.00 0.49 0.56 0.05 0.91 0.89 0.04 0.00 0.00 0.00 0.00 0.00 
 0.00 0.00 0.00 0.00 0.00 0.00 0.00 0.00 0.04 0.78 0.05 0.00 0.40 1.00 0.29 0.00 0.00 0.00 0.00 0.00 
 0.00 0.00 0.00 0.00 0.00 0.00 0.00 0.00 0.48 0.44 0.00 0.00 0.08 0.87 0.82 0.00 0.00 0.00 0.00 0.00 
 0.00 0.00 0.00 0.00 0.00 0.00 0.00 0.11 0.60 0.02 0.00 0.00 0.00 0.47 0.99 0.22 0.00 0.00 0.00 0.00 
 0.00 0.00 0.00 0.00 0.00 0.00 0.00 0.59 0.21 0.00 0.00 0.00 0.00 0.11 0.96 0.63 0.00 0.00 0.00 0.00 
 0.00 0.00 0.00 0.00 0.00 0.00 0.19 0.60 0.00 0.00 0.00 0.00 0.00 0.00 0.47 0.93 0.03 0.00 0.00 0.00 
 0.00 0.00 0.00 0.00 0.00 0.02 0.65 0.02 0.00 0.00 0.00 0.00 0.00 0.00 0.02 0.92 0.51 0.00 0.00 0.00 
 0.00 0.00 0.00 0.00 0.00 0.43 0.45 0.00 0.00 0.00 0.00 0.00 0.00 0.00 0.00 0.54 0.98 0.10 0.00 0.00 
 0.00 0.00 0.00 0.03 0.29 0.91 0.24 0.15 0.11 0.01 0.00 0.00 0.00 0.00 0.00 0.06 0.94 0.42 0.00 0.00 
 0.00 0.00 0.00 0.30 0.99 0.94 0.90 0.82 0.81 0.67 0.56 0.75 0.62 0.59 0.81 0.91 0.80 0.87 0.03 0.00 
 0.00 0.00 0.00 0.15 0.78 0.03 0.00 0.00 0.00 0.00 0.00 0.00 0.00 0.00 0.04 0.30 0.08 0.99 0.41 0.00 
 0.00 0.00 0.02 0.69 0.22 0.00 0.00 0.00 0.00 0.00 0.00 0.00 0.00 0.00 0.00 0.00 0.00 0.75 0.86 0.02 
 0.00 0.00 0.35 0.67 0.00 0.00 0.00 0.00 0.00 0.00 0.00 0.00 0.00 0.00 0.00 0.00 0.00 0.21 0.93 0.35 
 0.00 0.08 0.87 0.17 0.00 0.00 0.00 0.00 0.00 0.00 0.00 0.00 0.00 0.00 0.00 0.00 0.00 0.00 0.83 0.76 
 0.01 0.70 0.42 0.00 0.00 0.00 0.00 0.00 0.00 0.00 0.00 0.00 0.00 0.00 0.00 0.00 0.00 0.00 0.60 1.00 
 0.46 0.89 0.16 0.00 0.00 0.00 0.00 0.00 0.00 0.00 0.00 0.00 0.00 0.00 0.00 0.00 0.00 0.00 0.24 1.00 
 