0.00 0.00 0.00 0.00 0.00 0.00 0.00 0.00 0.00 0.00 0.00 0.00 0.00 0.00 0.00 0.00 0.00 0.42 0.47 0.00 
 0.00 0.00 0.00 0.00 0.00 0.00 0.00 0.00 0.00 0.00 0.00 0.00 0.00 0.00 0.00 0.00 0.22 0.97 0.33 0.00 
 0.00 0.00 0.00 0.00 0.00 0.00 0.00 0.00 0.00 0.00 0.00 0.00 0.00 0.00 0.00 0.11 0.84 1.00 0.31 0.00 
 0.00 0.00 0.00 0.00 0.00 0.00 0.00 0.00 0.00 0.00 0.00 0.00 0.00 0.00 0.03 0.61 1.00 1.00 0.17 0.00 
 0.00 0.00 0.00 0.00 0.00 0.00 0.00 0.00 0.00 0.00 0.00 0.00 0.00 0.00 0.39 1.00 1.00 0.95 0.11 0.00 
 0.00 0.00 0.00 0.00 0.00 0.00 0.00 0.00 0.00 0.00 0.00 0.00 0.00 0.20 0.89 0.86 1.00 0.84 0.00 0.00 
 0.00 0.00 0.00 0.00 0.00 0.00 0.00 0.00 0.00 0.00 0.00 0.00 0.09 0.78 0.45 0.70 1.00 0.84 0.00 0.00 
 0.00 0.00 0.00 0.00 0.00 0.00 0.00 0.00 0.00 0.00 0.00 0.03 0.61 0.67 0.00 0.84 1.00 0.84 0.00 0.00 
 0.00 0.00 0.00 0.00 0.00 0.00 0.00 0.00 0.00 0.00 0.00 0.33 0.84 0.09 0.03 0.86 1.00 0.73 0.00 0.00 
 0.00 0.00 0.00 0.00 0.00 0.00 0.00 0.00 0.00 0.00 0.17 0.86 0.22 0.00 0.17 1.00 1.00 0.67 0.00 0.00 
 0.00 0.00 0.00 0.00 0.00 0.00 0.00 0.00 0.00 0.06 0.75 0.45 0.00 0.00 0.17 1.00 1.00 0.56 0.00 0.00 
 0.00 0.00 0.00 0.00 0.00 0.00 0.00 0.00 0.03 0.56 0.67 0.00 0.00 0.00 0.17 1.00 1.00 0.50 0.00 0.00 
 0.00 0.00 0.00 0.00 0.00 0.00 0.00 0.00 0.33 0.92 0.25 0.17 0.17 0.17 0.33 1.00 1.00 0.36 0.00 0.00 
 0.00 0.00 0.00 0.00 0.00 0.00 0.00 0.17 0.89 0.84 0.84 0.84 0.84 0.84 0.89 1.00 1.00 0.31 0.00 0.00 
 0.00 0.00 0.00 0.00 0.00 0.00 0.06 0.73 0.45 0.00 0.00 0.00 0.00 0.00 0.42 1.00 1.00 0.17 0.00 0.00 
 0.00 0.00 0.00 0.00 0.00 0.03 0.53 0.67 0.00 0.00 0.00 0.00 0.00 0.00 0.50 1.00 0.97 0.14 0.00 0.00 
 0.00 0.00 0.00 0.00 0.00 0.33 0.84 0.09 0.00 0.00 0.00 0.00 0.00 0.00 0.58 1.00 0.84 0.00 0.00 0.00 
 0.00 0.00 0.00 0.00 0.17 0.89 0.28 0.00 0.00 0.00 0.00 0.00 0.00 0.00 0.70 1.00 0.84 0.00 0.00 0.00 
 0.00 0.00 0.00 0.09 0.78 0.75 0.00 0.00 0.00 0.00 0.00 0.00 0.00 0.03 0.86 1.00 0.84 0.00 0.00 0.00 
 0.00 0.00 0.20 0.78 1.00 0.78 0.03 0.00 0.00 0.00 0.00 0.00 0.00 0.39 1.00 1.00 0.95 0.31 0.00 0.00 
 