0.00 0.00 0.00 0.00 0.00 0.00 0.00 0.00 0.02 0.66 0.99 0.99 0.78 0.06 0.00 0.00 0.00 0.00 0.00 0.00 
 0.00 0.00 0.00 0.00 0.00 0.00 0.00 0.00 0.19 1.00 1.00 1.00 1.00 0.41 0.00 0.00 0.00 0.00 0.00 0.00 
 0.00 0.00 0.00 0.00 0.00 0.00 0.00 0.00 0.52 1.00 1.00 1.00 1.00 0.74 0.00 0.00 0.00 0.00 0.00 0.00 
 0.00 0.00 0.00 0.00 0.00 0.00 0.00 0.03 0.86 1.00 0.83 0.85 1.00 0.96 0.11 0.00 0.00 0.00 0.00 0.00 
 0.00 0.00 0.00 0.00 0.00 0.00 0.00 0.24 1.00 1.00 0.47 0.52 1.00 1.00 0.47 0.00 0.00 0.00 0.00 0.00 
 0.00 0.00 0.00 0.00 0.00 0.00 0.00 0.58 1.00 0.96 0.13 0.20 1.00 1.00 0.80 0.00 0.00 0.00 0.00 0.00 
 0.00 0.00 0.00 0.00 0.00 0.00 0.06 0.93 1.00 0.77 0.00 0.02 0.82 1.00 0.99 0.19 0.00 0.00 0.00 0.00 
 0.00 0.00 0.00 0.00 0.00 0.00 0.31 1.00 1.00 0.44 0.00 0.00 0.47 1.00 1.00 0.55 0.00 0.00 0.00 0.00 
 0.00 0.00 0.00 0.00 0.00 0.00 0.67 1.00 0.96 0.11 0.00 0.00 0.14 0.99 1.00 0.86 0.02 0.00 0.00 0.00 
 0.00 0.00 0.00 0.00 0.00 0.11 0.97 1.00 0.72 0.00 0.00 0.00 0.00 0.77 1.00 1.00 0.28 0.00 0.00 0.00 
 0.00 0.00 0.00 0.00 0.00 0.41 1.00 1.00 0.39 0.00 0.00 0.00 0.00 0.42 1.00 1.00 0.66 0.00 0.00 0.00 
 0.00 0.00 0.00 0.00 0.02 0.77 1.00 0.94 0.08 0.00 0.00 0.00 0.00 0.13 0.99 1.00 0.91 0.05 0.00 0.00 
 0.00 0.00 0.00 0.00 0.17 1.00 1.00 0.71 0.00 0.00 0.00 0.00 0.00 0.00 0.72 1.00 1.00 0.36 0.00 0.00 
 0.00 0.00 0.00 0.00 0.49 1.00 1.00 0.35 0.00 0.00 0.00 0.00 0.00 0.00 0.35 1.00 1.00 0.72 0.00 0.00 
 0.00 0.00 0.00 0.03 0.83 1.00 1.00 0.89 0.88 0.88 0.88 0.88 0.88 0.88 0.89 1.00 1.00 0.94 0.09 0.00 
 0.00 0.00 0.00 0.20 1.00 1.00 1.00 1.00 1.00 1.00 1.00 1.00 1.00 1.00 1.00 1.00 1.00 1.00 0.44 0.00 
 0.00 0.00 0.00 0.56 1.00 1.00 0.66 0.50 0.50 0.50 0.50 0.50 0.50 0.50 0.50 0.63 1.00 1.00 0.78 0.00 
 0.00 0.00 0.06 0.91 1.00 0.94 0.08 0.00 0.00 0.00 0.00 0.00 0.00 0.00 0.00 0.09 0.97 1.00 0.97 0.16 
 0.00 0.00 0.28 1.00 1.00 0.72 0.00 0.00 0.00 0.00 0.00 0.00 0.00 0.00 0.00 0.00 0.66 1.00 1.00 0.53 
 0.00 0.00 0.64 1.00 1.00 0.39 0.00 0.00 0.00 0.00 0.00 0.00 0.00 0.00 0.00 0.00 0.31 1.00 1.00 0.89 
 