0.00 0.00 0.00 0.00 0.00 0.16 0.47 0.72 0.88 1.00 1.00 1.00 0.94 0.82 0.65 0.37 0.06 0.00 0.00 0.00 
 0.00 0.00 0.00 0.02 0.51 0.98 1.00 1.00 1.00 1.00 1.00 1.00 1.00 1.00 1.00 1.00 0.86 0.25 0.00 0.00 
 0.00 0.00 0.02 0.57 1.00 1.00 1.00 1.00 1.00 1.00 1.00 1.00 1.00 1.00 1.00 1.00 1.00 0.94 0.21 0.00 
 0.00 0.00 0.33 1.00 1.00 1.00 1.00 1.00 1.00 1.00 1.00 1.00 1.00 1.00 1.00 1.00 1.00 1.00 0.74 0.00 
 0.00 0.04 0.82 1.00 1.00 1.00 1.00 0.90 0.41 0.16 0.15 0.27 0.64 1.00 1.00 1.00 1.00 1.00 0.88 0.02 
 0.00 0.16 0.88 1.00 1.00 1.00 0.98 0.27 0.00 0.00 0.00 0.00 0.02 0.72 1.00 1.00 1.00 1.00 1.00 0.16 
 0.00 0.00 0.02 0.16 0.35 0.51 0.55 0.00 0.00 0.00 0.00 0.00 0.00 0.45 1.00 1.00 1.00 1.00 1.00 0.29 
 0.00 0.00 0.00 0.00 0.00 0.00 0.00 0.00 0.00 0.00 0.00 0.00 0.15 0.62 1.00 1.00 1.00 1.00 1.00 0.29 
 0.00 0.00 0.00 0.00 0.00 0.00 0.00 0.04 0.15 0.29 0.53 0.78 0.98 1.00 1.00 1.00 1.00 1.00 1.00 0.29 
 0.00 0.00 0.00 0.00 0.08 0.35 0.64 0.88 1.00 1.00 1.00 1.00 1.00 1.00 1.00 1.00 1.00 1.00 1.00 0.29 
 0.00 0.00 0.02 0.43 0.92 1.00 1.00 1.00 1.00 1.00 1.00 1.00 1.00 1.00 1.00 1.00 1.00 1.00 1.00 0.29 
 0.00 0.02 0.57 1.00 1.00 1.00 1.00 1.00 1.00 1.00 0.88 0.74 0.47 0.57 1.00 1.00 1.00 1.00 1.00 0.18 
 0.00 0.29 1.00 1.00 1.00 1.00 1.00 0.90 0.53 0.23 0.02 0.00 0.00 0.43 1.00 1.00 1.00 1.00 1.00 0.15 
 0.00 0.69 1.00 1.00 1.00 1.00 0.90 0.13 0.00 0.00 0.00 0.00 0.00 0.43 1.00 1.00 1.00 1.00 1.00 0.15 
 0.08 0.94 1.00 1.00 1.00 1.00 0.64 0.00 0.00 0.00 0.00 0.00 0.00 0.57 1.00 1.00 1.00 1.00 1.00 0.15 
 0.15 1.00 1.00 1.00 1.00 1.00 0.62 0.00 0.00 0.00 0.00 0.00 0.04 0.84 1.00 1.00 1.00 1.00 1.00 0.15 
 0.08 0.94 1.00 1.00 1.00 1.00 0.90 0.11 0.00 0.00 0.00 0.02 0.49 1.00 1.00 1.00 1.00 1.00 1.00 0.18 
 0.00 0.72 1.00 1.00 1.00 1.00 1.00 0.82 0.29 0.15 0.31 0.72 1.00 1.00 1.00 1.00 1.00 1.00 1.00 0.31 
 0.00 0.33 1.00 1.00 1.00 1.00 1.00 1.00 1.00 1.00 1.00 1.00 1.00 1.00 0.98 1.00 1.00 1.00 1.00 0.49 
 0.00 0.02 0.57 1.00 1.00 1.00 1.00 1.00 1.00 1.00 1.00 1.00 1.00 0.64 0.57 1.00 1.00 1.00 1.00 0.80 
 