0.00 0.00 0.00 0.00 0.00 0.00 0.00 0.00 0.00 0.22 0.91 0.80 0.02 0.00 0.00 0.00 0.00 0.00 0.00 0.00 
 0.00 0.00 0.00 0.00 0.00 0.00 0.00 0.00 0.02 0.74 0.99 1.00 0.17 0.00 0.00 0.00 0.00 0.00 0.00 0.00 
 0.00 0.00 0.00 0.00 0.00 0.00 0.00 0.00 0.27 0.77 0.78 1.00 0.36 0.00 0.00 0.00 0.00 0.00 0.00 0.00 
 0.00 0.00 0.00 0.00 0.00 0.00 0.00 0.02 0.75 0.33 0.60 1.00 0.55 0.00 0.00 0.00 0.00 0.00 0.00 0.00 
 0.00 0.00 0.00 0.00 0.00 0.00 0.00 0.24 0.83 0.02 0.44 1.00 0.72 0.00 0.00 0.00 0.00 0.00 0.00 0.00 
 0.00 0.00 0.00 0.00 0.00 0.00 0.02 0.71 0.42 0.00 0.25 1.00 0.88 0.00 0.00 0.00 0.00 0.00 0.00 0.00 
 0.00 0.00 0.00 0.00 0.00 0.00 0.19 0.91 0.05 0.00 0.13 1.00 0.97 0.11 0.00 0.00 0.00 0.00 0.00 0.00 
 0.00 0.00 0.00 0.00 0.00 0.00 0.63 0.58 0.00 0.00 0.03 0.89 1.00 0.30 0.00 0.00 0.00 0.00 0.00 0.00 
 0.00 0.00 0.00 0.00 0.00 0.14 0.94 0.17 0.00 0.00 0.00 0.69 1.00 0.49 0.00 0.00 0.00 0.00 0.00 0.00 
 0.00 0.00 0.00 0.00 0.00 0.53 0.74 0.00 0.00 0.00 0.00 0.49 1.00 0.69 0.00 0.00 0.00 0.00 0.00 0.00 
 0.00 0.00 0.00 0.00 0.13 0.94 0.45 0.13 0.13 0.13 0.13 0.39 1.00 0.86 0.00 0.00 0.00 0.00 0.00 0.00 
 0.00 0.00 0.00 0.00 0.67 1.00 1.00 1.00 0.93 0.88 0.88 0.89 1.00 0.97 0.13 0.00 0.00 0.00 0.00 0.00 
 0.00 0.00 0.00 0.05 0.86 0.63 0.13 0.13 0.05 0.00 0.00 0.02 0.86 1.00 0.35 0.00 0.00 0.00 0.00 0.00 
 0.00 0.00 0.00 0.36 0.99 0.22 0.00 0.00 0.00 0.00 0.00 0.00 0.63 1.00 0.60 0.00 0.00 0.00 0.00 0.00 
 0.00 0.00 0.03 0.82 0.82 0.00 0.00 0.00 0.00 0.00 0.00 0.00 0.38 1.00 0.85 0.00 0.00 0.00 0.00 0.00 
 0.00 0.00 0.27 1.00 0.49 0.00 0.00 0.00 0.00 0.00 0.00 0.00 0.16 1.00 0.99 0.19 0.00 0.00 0.00 0.00 
 0.00 0.02 0.72 0.97 0.14 0.00 0.00 0.00 0.00 0.00 0.00 0.00 0.02 0.83 1.00 0.53 0.00 0.00 0.00 0.00 
 0.00 0.20 1.00 0.78 0.00 0.00 0.00 0.00 0.00 0.00 0.00 0.00 0.00 0.49 1.00 0.93 0.13 0.00 0.00 0.00 
 0.00 0.63 1.00 0.44 0.00 0.00 0.00 0.00 0.00 0.00 0.00 0.00 0.00 0.13 0.96 1.00 0.85 0.38 0.38 0.16 
 0.14 0.99 0.86 0.06 0.00 0.00 0.00 0.00 0.00 0.00 0.00 0.00 0.00 0.00 0.41 0.99 1.00 0.89 0.55 0.11 
 