0.00 0.00 0.00 0.00 0.00 0.00 0.00 0.13 0.39 0.64 0.80 0.86 0.86 0.86 0.78 0.59 0.37 0.35 0.55 0.78 
 0.00 0.00 0.00 0.00 0.00 0.08 0.55 0.96 1.00 1.00 1.00 1.00 1.00 1.00 1.00 1.00 1.00 1.00 1.00 1.00 
 0.00 0.00 0.00 0.00 0.23 0.86 1.00 1.00 1.00 1.00 1.00 1.00 1.00 1.00 1.00 1.00 1.00 1.00 1.00 0.88 
 0.00 0.00 0.00 0.23 0.94 1.00 1.00 1.00 1.00 1.00 0.90 0.86 0.86 0.86 0.98 1.00 1.00 1.00 1.00 0.67 
 0.00 0.00 0.13 0.88 1.00 1.00 1.00 1.00 0.88 0.39 0.04 0.00 0.00 0.00 0.39 1.00 1.00 1.00 1.00 0.49 
 0.00 0.02 0.65 1.00 1.00 1.00 1.00 0.84 0.13 0.00 0.00 0.00 0.00 0.00 0.47 1.00 1.00 1.00 1.00 0.29 
 0.00 0.23 1.00 1.00 1.00 1.00 0.94 0.18 0.00 0.00 0.00 0.00 0.00 0.00 0.65 1.00 1.00 1.00 0.94 0.08 
 0.00 0.59 1.00 1.00 1.00 1.00 0.59 0.00 0.00 0.00 0.00 0.00 0.00 0.02 0.86 1.00 1.00 1.00 0.84 0.00 
 0.06 0.92 1.00 1.00 1.00 0.96 0.16 0.00 0.00 0.00 0.00 0.00 0.00 0.15 1.00 1.00 1.00 1.00 0.67 0.00 
 0.21 1.00 1.00 1.00 1.00 0.82 0.00 0.00 0.00 0.00 0.00 0.00 0.00 0.27 1.00 1.00 1.00 1.00 0.49 0.00 
 0.39 1.00 1.00 1.00 1.00 0.59 0.00 0.00 0.00 0.00 0.00 0.00 0.00 0.59 1.00 1.00 1.00 1.00 0.29 0.00 
 0.55 1.00 1.00 1.00 1.00 0.43 0.00 0.00 0.00 0.00 0.00 0.00 0.13 0.96 1.00 1.00 1.00 0.96 0.11 0.00 
 0.62 1.00 1.00 1.00 1.00 0.33 0.00 0.00 0.00 0.00 0.00 0.00 0.55 1.00 1.00 1.00 1.00 0.86 0.00 0.00 
 0.72 1.00 1.00 1.00 1.00 0.29 0.00 0.00 0.00 0.00 0.00 0.25 0.98 1.00 1.00 1.00 1.00 0.80 0.00 0.00 
 0.67 1.00 1.00 1.00 1.00 0.35 0.00 0.00 0.00 0.00 0.16 0.88 1.00 1.00 1.00 1.00 1.00 0.67 0.00 0.00 
 0.55 1.00 1.00 1.00 1.00 0.64 0.00 0.00 0.00 0.18 0.88 1.00 1.00 1.00 1.00 1.00 1.00 0.55 0.00 0.00 
 0.35 1.00 1.00 1.00 1.00 0.98 0.53 0.29 0.51 0.96 1.00 1.00 1.00 0.98 1.00 1.00 1.00 0.43 0.00 0.00 
 0.11 0.94 1.00 1.00 1.00 1.00 1.00 1.00 1.00 1.00 1.00 1.00 0.67 0.74 1.00 1.00 1.00 0.33 0.00 0.00 
 0.00 0.49 1.00 1.00 1.00 1.00 1.00 1.00 1.00 1.00 1.00 0.69 0.06 0.72 1.00 1.00 1.00 0.25 0.00 0.00 
 0.00 0.04 0.59 1.00 1.00 1.00 1.00 1.00 1.00 0.94 0.45 0.02 0.00 0.78 1.00 1.00 1.00 0.15 0.00 0.00 
 