0.00 0.00 0.00 0.00 0.00 0.00 0.00 0.00 0.00 0.11 0.18 0.31 0.43 0.43 0.43 0.35 0.29 0.16 0.15 0.02 
 0.00 0.00 0.00 0.00 0.00 0.00 0.04 0.33 0.67 0.96 1.00 1.00 1.00 1.00 1.00 1.00 1.00 1.00 1.00 0.88 
 0.00 0.00 0.00 0.00 0.02 0.29 0.82 1.00 1.00 1.00 1.00 1.00 1.00 1.00 1.00 1.00 1.00 1.00 1.00 1.00 
 0.00 0.00 0.00 0.02 0.49 1.00 1.00 1.00 1.00 1.00 1.00 1.00 1.00 1.00 1.00 1.00 1.00 1.00 1.00 1.00 
 0.00 0.00 0.02 0.53 1.00 1.00 1.00 1.00 1.00 1.00 1.00 0.98 0.86 0.86 0.96 1.00 1.00 1.00 1.00 1.00 
 0.00 0.00 0.37 1.00 1.00 1.00 1.00 1.00 1.00 0.92 0.53 0.16 0.00 0.00 0.23 1.00 1.00 1.00 1.00 1.00 
 0.00 0.11 0.92 1.00 1.00 1.00 1.00 1.00 0.84 0.15 0.00 0.00 0.00 0.00 0.27 1.00 1.00 1.00 1.00 1.00 
 0.00 0.47 1.00 1.00 1.00 1.00 1.00 0.92 0.15 0.00 0.00 0.00 0.00 0.00 0.49 1.00 1.00 1.00 1.00 1.00 
 0.08 0.92 1.00 1.00 1.00 1.00 1.00 0.45 0.00 0.00 0.00 0.00 0.00 0.00 0.69 1.00 1.00 1.00 1.00 1.00 
 0.29 1.00 1.00 1.00 1.00 1.00 0.90 0.04 0.00 0.00 0.00 0.00 0.00 0.06 0.92 1.00 1.00 1.00 1.00 1.00 
 0.55 1.00 1.00 1.00 1.00 1.00 0.67 0.00 0.00 0.00 0.00 0.00 0.00 0.18 1.00 1.00 1.00 1.00 1.00 1.00 
 0.76 1.00 1.00 1.00 1.00 1.00 0.45 0.00 0.00 0.00 0.00 0.00 0.00 0.49 1.00 1.00 1.00 1.00 1.00 0.88 
 0.88 1.00 1.00 1.00 1.00 1.00 0.29 0.00 0.00 0.00 0.00 0.00 0.02 0.82 1.00 1.00 1.00 1.00 1.00 0.65 
 1.00 1.00 1.00 1.00 1.00 1.00 0.29 0.00 0.00 0.00 0.00 0.00 0.29 1.00 1.00 1.00 1.00 1.00 1.00 0.45 
 0.94 1.00 1.00 1.00 1.00 1.00 0.37 0.00 0.00 0.00 0.00 0.06 0.80 1.00 1.00 1.00 1.00 1.00 1.00 0.23 
 0.84 1.00 1.00 1.00 1.00 1.00 0.72 0.02 0.00 0.00 0.06 0.67 1.00 1.00 1.00 1.00 1.00 1.00 0.90 0.04 
 0.65 1.00 1.00 1.00 1.00 1.00 1.00 0.65 0.31 0.39 0.80 1.00 1.00 1.00 1.00 1.00 1.00 1.00 0.86 0.00 
 0.37 1.00 1.00 1.00 1.00 1.00 1.00 1.00 1.00 1.00 1.00 0.98 0.90 1.00 1.00 1.00 1.00 1.00 0.78 0.00 
 0.08 0.88 1.00 1.00 1.00 1.00 1.00 1.00 1.00 1.00 1.00 0.65 0.57 1.00 1.00 1.00 1.00 1.00 0.67 0.00 
 0.00 0.29 0.98 1.00 1.00 1.00 1.00 1.00 1.00 1.00 0.76 0.06 0.69 1.00 1.00 1.00 1.00 1.00 0.57 0.00 
 