0.00 0.00 0.00 0.00 0.00 0.00 0.00 0.00 0.00 0.24 1.00 1.00 0.53 0.00 0.00 0.00 0.00 0.00 0.00 0.00 
 0.00 0.00 0.00 0.00 0.00 0.00 0.00 0.00 0.00 0.60 1.00 1.00 0.82 0.00 0.00 0.00 0.00 0.00 0.00 0.00 
 0.00 0.00 0.00 0.00 0.00 0.00 0.00 0.00 0.06 0.94 1.00 1.00 0.98 0.14 0.00 0.00 0.00 0.00 0.00 0.00 
 0.00 0.00 0.00 0.00 0.00 0.00 0.00 0.00 0.33 1.00 0.67 1.00 1.00 0.44 0.00 0.00 0.00 0.00 0.00 0.00 
 0.00 0.00 0.00 0.00 0.00 0.00 0.00 0.00 0.71 0.94 0.14 0.95 1.00 0.73 0.00 0.00 0.00 0.00 0.00 0.00 
 0.00 0.00 0.00 0.00 0.00 0.00 0.00 0.14 0.99 0.68 0.00 0.69 1.00 0.94 0.06 0.00 0.00 0.00 0.00 0.00 
 0.00 0.00 0.00 0.00 0.00 0.00 0.00 0.46 1.00 0.32 0.00 0.41 1.00 1.00 0.35 0.00 0.00 0.00 0.00 0.00 
 0.00 0.00 0.00 0.00 0.00 0.00 0.03 0.83 0.91 0.04 0.00 0.15 1.00 1.00 0.64 0.00 0.00 0.00 0.00 0.00 
 0.00 0.00 0.00 0.00 0.00 0.00 0.21 1.00 0.63 0.00 0.00 0.02 0.83 1.00 0.89 0.02 0.00 0.00 0.00 0.00 
 0.00 0.00 0.00 0.00 0.00 0.00 0.57 1.00 0.30 0.00 0.00 0.00 0.52 1.00 1.00 0.25 0.00 0.00 0.00 0.00 
 0.00 0.00 0.00 0.00 0.00 0.05 0.91 0.89 0.03 0.00 0.00 0.00 0.24 1.00 1.00 0.55 0.00 0.00 0.00 0.00 
 0.00 0.00 0.00 0.00 0.00 0.32 1.00 0.60 0.00 0.00 0.00 0.00 0.06 0.94 1.00 0.83 0.00 0.00 0.00 0.00 
 0.00 0.00 0.00 0.00 0.00 0.69 1.00 0.46 0.22 0.22 0.22 0.22 0.22 0.76 1.00 0.98 0.15 0.00 0.00 0.00 
 0.00 0.00 0.00 0.00 0.11 0.98 1.00 1.00 1.00 1.00 1.00 1.00 1.00 1.00 1.00 1.00 0.46 0.00 0.00 0.00 
 0.00 0.00 0.00 0.00 0.44 1.00 0.62 0.11 0.11 0.11 0.11 0.11 0.11 0.25 1.00 1.00 0.76 0.00 0.00 0.00 
 0.00 0.00 0.00 0.02 0.80 1.00 0.26 0.00 0.00 0.00 0.00 0.00 0.00 0.03 0.87 1.00 0.94 0.06 0.00 0.00 
 0.00 0.00 0.00 0.20 1.00 0.89 0.02 0.00 0.00 0.00 0.00 0.00 0.00 0.00 0.60 1.00 1.00 0.36 0.00 0.00 
 0.00 0.00 0.00 0.57 1.00 0.71 0.00 0.00 0.00 0.00 0.00 0.00 0.00 0.00 0.36 1.00 1.00 0.68 0.00 0.00 
 0.00 0.00 0.11 0.95 1.00 0.62 0.00 0.00 0.00 0.00 0.00 0.00 0.00 0.00 0.24 1.00 1.00 0.94 0.06 0.00 
 0.00 0.04 0.71 1.00 1.00 0.87 0.09 0.00 0.00 0.00 0.00 0.00 0.00 0.02 0.55 1.00 1.00 1.00 0.60 0.02 
 