0.00 0.00 0.00 0.00 0.00 0.00 0.00 0.16 0.45 0.68 0.85 0.95 1.00 0.98 0.85 0.58 0.14 0.00 0.00 0.00 
 0.00 0.00 0.00 0.00 0.00 0.35 0.81 1.00 1.00 1.00 1.00 1.00 1.00 1.00 1.00 1.00 0.96 0.34 0.00 0.00 
 0.00 0.00 0.00 0.00 0.21 1.00 1.00 1.00 0.78 0.51 0.32 0.22 0.20 0.33 0.73 1.00 1.00 0.98 0.17 0.00 
 0.00 0.00 0.00 0.00 0.35 0.98 0.61 0.16 0.00 0.00 0.00 0.00 0.00 0.00 0.00 0.67 1.00 1.00 0.63 0.00 
 0.00 0.00 0.00 0.00 0.07 0.14 0.00 0.00 0.00 0.00 0.00 0.00 0.00 0.00 0.00 0.21 1.00 1.00 0.86 0.00 
 0.00 0.00 0.00 0.00 0.00 0.00 0.00 0.00 0.00 0.00 0.00 0.00 0.00 0.00 0.00 0.07 1.00 1.00 0.91 0.00 
 0.00 0.00 0.00 0.00 0.00 0.00 0.00 0.00 0.00 0.00 0.00 0.00 0.00 0.00 0.00 0.14 1.00 1.00 0.80 0.00 
 0.00 0.00 0.00 0.00 0.00 0.00 0.00 0.00 0.00 0.00 0.00 0.00 0.00 0.00 0.00 0.35 1.00 1.00 0.60 0.00 
 0.00 0.00 0.00 0.00 0.00 0.00 0.00 0.00 0.00 0.08 0.26 0.41 0.52 0.61 0.66 0.84 1.00 1.00 0.39 0.00 
 0.00 0.00 0.00 0.00 0.00 0.00 0.22 0.57 0.85 1.00 1.00 1.00 0.95 0.85 0.79 0.96 1.00 1.00 0.18 0.00 
 0.00 0.00 0.00 0.00 0.26 0.80 1.00 1.00 0.85 0.53 0.28 0.09 0.00 0.00 0.02 0.96 1.00 0.95 0.01 0.00 
 0.00 0.00 0.01 0.56 1.00 1.00 0.79 0.26 0.00 0.00 0.00 0.00 0.00 0.00 0.20 1.00 1.00 0.75 0.00 0.00 
 0.00 0.00 0.56 1.00 1.00 0.56 0.02 0.00 0.00 0.00 0.00 0.00 0.00 0.00 0.42 1.00 1.00 0.54 0.00 0.00 
 0.00 0.22 1.00 1.00 0.72 0.00 0.00 0.00 0.00 0.00 0.00 0.00 0.00 0.00 0.64 1.00 1.00 0.33 0.00 0.00 
 0.00 0.60 1.00 1.00 0.29 0.00 0.00 0.00 0.00 0.00 0.00 0.00 0.00 0.02 0.90 1.00 1.00 0.11 0.00 0.00 
 0.00 0.75 1.00 1.00 0.21 0.00 0.00 0.00 0.00 0.00 0.00 0.00 0.00 0.47 1.00 1.00 0.90 0.00 0.00 0.00 
 0.00 0.71 1.00 1.00 0.64 0.01 0.00 0.00 0.00 0.00 0.00 0.02 0.49 0.99 1.00 1.00 0.69 0.00 0.00 0.00 
 0.00 0.45 1.00 1.00 1.00 0.76 0.36 0.20 0.20 0.32 0.55 0.89 0.96 0.73 1.00 1.00 0.48 0.00 0.00 0.00 
 0.00 0.05 0.86 1.00 1.00 1.00 1.00 1.00 1.00 1.00 1.00 0.75 0.17 0.61 1.00 1.00 0.25 0.00 0.00 0.00 
 0.00 0.00 0.11 0.67 0.98 1.00 1.00 0.99 0.84 0.58 0.22 0.00 0.00 0.35 0.78 0.56 0.01 0.00 0.00 0.00 
 