0.00 0.00 0.00 0.00 0.00 0.00 0.00 0.00 0.02 0.17 0.29 0.33 0.27 0.11 0.00 0.00 0.00 0.00 0.00 0.00 
 0.00 0.00 0.00 0.00 0.00 0.05 0.40 0.72 0.96 1.00 1.00 1.00 1.00 1.00 0.84 0.45 0.04 0.00 0.00 0.00 
 0.00 0.00 0.00 0.00 0.34 0.92 1.00 0.83 0.44 0.24 0.18 0.26 0.53 0.96 1.00 1.00 0.84 0.09 0.00 0.00 
 0.00 0.00 0.00 0.44 1.00 1.00 0.68 0.02 0.00 0.00 0.00 0.00 0.00 0.23 0.99 1.00 1.00 0.57 0.00 0.00 
 0.00 0.00 0.20 0.99 1.00 1.00 0.30 0.00 0.00 0.00 0.00 0.00 0.00 0.00 0.80 1.00 1.00 0.77 0.00 0.00 
 0.00 0.00 0.53 1.00 1.00 0.99 0.11 0.00 0.00 0.00 0.00 0.00 0.00 0.00 0.80 1.00 1.00 0.75 0.00 0.00 
 0.00 0.00 0.25 0.95 0.96 0.41 0.00 0.00 0.00 0.00 0.00 0.00 0.00 0.01 0.95 1.00 1.00 0.60 0.00 0.00 
 0.00 0.00 0.00 0.03 0.03 0.00 0.00 0.00 0.00 0.00 0.00 0.00 0.00 0.13 1.00 1.00 1.00 0.44 0.00 0.00 
 0.00 0.00 0.00 0.00 0.00 0.00 0.00 0.00 0.00 0.02 0.13 0.24 0.35 0.58 1.00 1.00 1.00 0.27 0.00 0.00 
 0.00 0.00 0.00 0.00 0.00 0.07 0.35 0.61 0.83 0.98 1.00 1.00 0.94 0.94 1.00 1.00 1.00 0.10 0.00 0.00 
 0.00 0.00 0.00 0.22 0.67 0.98 1.00 0.98 0.73 0.46 0.24 0.07 0.00 0.63 1.00 1.00 0.93 0.00 0.00 0.00 
 0.00 0.04 0.62 1.00 1.00 0.97 0.53 0.09 0.00 0.00 0.00 0.00 0.00 0.80 1.00 1.00 0.77 0.00 0.00 0.00 
 0.03 0.76 1.00 1.00 0.91 0.19 0.00 0.00 0.00 0.00 0.00 0.00 0.01 0.96 1.00 1.00 0.60 0.00 0.00 0.00 
 0.48 1.00 1.00 1.00 0.30 0.00 0.00 0.00 0.00 0.00 0.00 0.00 0.13 1.00 1.00 1.00 0.44 0.00 0.00 0.00 
 0.86 1.00 1.00 0.95 0.01 0.00 0.00 0.00 0.00 0.00 0.00 0.00 0.30 1.00 1.00 1.00 0.27 0.00 0.00 0.00 
 0.99 1.00 1.00 0.95 0.01 0.00 0.00 0.00 0.00 0.00 0.00 0.23 0.89 1.00 1.00 1.00 0.14 0.00 0.00 0.00 
 0.87 1.00 1.00 1.00 0.36 0.00 0.00 0.00 0.00 0.06 0.54 0.98 0.90 1.00 1.00 1.00 0.18 0.00 0.00 0.00 
 0.42 1.00 1.00 1.00 0.98 0.56 0.33 0.38 0.60 0.94 0.84 0.24 0.39 1.00 1.00 1.00 0.75 0.25 0.33 0.69 
 0.00 0.47 0.96 1.00 1.00 1.00 1.00 1.00 0.86 0.42 0.02 0.00 0.03 0.75 1.00 1.00 1.00 1.00 0.96 0.51 
 0.00 0.00 0.07 0.33 0.47 0.48 0.39 0.18 0.00 0.00 0.00 0.00 0.00 0.01 0.29 0.47 0.47 0.34 0.07 0.00 
 