0.00 0.00 0.00 0.00 0.32 0.69 0.90 1.00 0.95 0.78 0.47 0.07 0.00 0.00 0.00 0.00 0.00 0.00 0.00 0.00 
 0.00 0.00 0.05 0.72 1.00 1.00 1.00 1.00 1.00 1.00 1.00 0.93 0.30 0.00 0.00 0.00 0.00 0.00 0.00 0.00 
 0.00 0.00 0.64 1.00 0.97 0.53 0.22 0.09 0.15 0.40 0.85 1.00 0.99 0.31 0.00 0.00 0.00 0.00 0.00 0.00 
 0.00 0.08 0.99 1.00 0.34 0.00 0.00 0.00 0.00 0.00 0.04 0.68 1.00 0.94 0.09 0.00 0.00 0.00 0.00 0.00 
 0.00 0.18 1.00 1.00 0.34 0.00 0.00 0.00 0.00 0.00 0.00 0.04 0.87 1.00 0.51 0.00 0.00 0.00 0.00 0.00 
 0.00 0.01 0.56 0.64 0.06 0.00 0.00 0.00 0.00 0.00 0.00 0.00 0.46 1.00 0.80 0.00 0.00 0.00 0.00 0.00 
 0.00 0.00 0.00 0.00 0.00 0.00 0.00 0.00 0.00 0.00 0.00 0.00 0.28 1.00 0.92 0.00 0.00 0.00 0.00 0.00 
 0.00 0.00 0.00 0.00 0.00 0.00 0.00 0.00 0.00 0.00 0.00 0.00 0.26 1.00 0.94 0.00 0.00 0.00 0.00 0.00 
 0.00 0.00 0.00 0.00 0.00 0.00 0.00 0.00 0.11 0.25 0.35 0.41 0.58 1.00 0.94 0.00 0.00 0.00 0.00 0.00 
 0.00 0.00 0.00 0.00 0.05 0.38 0.69 0.93 1.00 1.00 1.00 1.00 1.00 1.00 0.94 0.00 0.00 0.00 0.00 0.00 
 0.00 0.00 0.03 0.49 0.95 1.00 0.96 0.71 0.47 0.30 0.18 0.11 0.32 1.00 0.94 0.00 0.00 0.00 0.00 0.00 
 0.00 0.06 0.77 1.00 0.92 0.43 0.05 0.00 0.00 0.00 0.00 0.00 0.26 1.00 0.94 0.00 0.00 0.00 0.00 0.00 
 0.00 0.68 1.00 0.83 0.10 0.00 0.00 0.00 0.00 0.00 0.00 0.00 0.26 1.00 0.94 0.00 0.00 0.00 0.00 0.00 
 0.19 1.00 0.99 0.15 0.00 0.00 0.00 0.00 0.00 0.00 0.00 0.00 0.26 1.00 0.94 0.00 0.00 0.00 0.07 0.01 
 0.42 1.00 0.78 0.00 0.00 0.00 0.00 0.00 0.00 0.00 0.00 0.00 0.27 1.00 0.94 0.00 0.00 0.38 1.00 0.58 
 0.42 1.00 0.81 0.00 0.00 0.00 0.00 0.00 0.00 0.00 0.00 0.00 0.48 1.00 0.94 0.00 0.00 0.49 1.00 0.69 
 0.21 1.00 1.00 0.27 0.00 0.00 0.00 0.00 0.00 0.00 0.00 0.20 0.95 1.00 0.94 0.00 0.00 0.50 1.00 0.69 
 0.00 0.78 1.00 0.96 0.47 0.08 0.00 0.00 0.01 0.17 0.55 0.97 0.88 1.00 1.00 0.31 0.08 0.80 1.00 0.56 
 0.00 0.14 0.91 1.00 1.00 0.99 0.88 0.85 0.95 1.00 1.00 0.74 0.09 0.74 1.00 1.00 1.00 1.00 0.95 0.13 
 0.00 0.00 0.11 0.66 0.98 1.00 1.00 1.00 0.95 0.69 0.30 0.00 0.00 0.09 0.73 1.00 1.00 0.77 0.19 0.00 
 