0.00 0.00 0.00 0.06 0.25 0.45 0.64 0.78 0.84 0.97 1.00 1.00 1.00 0.89 0.75 0.50 0.20 0.00 0.00 0.00 
 0.00 0.00 0.00 0.36 1.00 1.00 1.00 1.00 1.00 1.00 1.00 1.00 1.00 1.00 1.00 1.00 0.97 0.58 0.06 0.00 
 0.00 0.00 0.00 0.50 1.00 1.00 1.00 1.00 1.00 1.00 1.00 1.00 1.00 1.00 1.00 1.00 1.00 1.00 0.70 0.03 
 0.00 0.00 0.00 0.50 0.75 0.56 0.42 0.33 0.20 0.17 0.17 0.20 0.36 0.56 0.84 1.00 1.00 1.00 1.00 0.42 
 0.00 0.00 0.00 0.00 0.00 0.00 0.00 0.00 0.00 0.00 0.00 0.00 0.00 0.00 0.03 0.58 1.00 1.00 1.00 0.81 
 0.00 0.00 0.00 0.00 0.00 0.00 0.00 0.00 0.00 0.00 0.00 0.00 0.00 0.00 0.00 0.11 0.95 1.00 1.00 1.00 
 0.00 0.00 0.00 0.00 0.00 0.00 0.00 0.00 0.00 0.00 0.00 0.00 0.00 0.00 0.00 0.00 0.73 1.00 1.00 1.00 
 0.00 0.00 0.00 0.00 0.00 0.00 0.00 0.00 0.00 0.00 0.00 0.00 0.00 0.00 0.00 0.00 0.67 1.00 1.00 1.00 
 0.00 0.00 0.00 0.00 0.00 0.00 0.00 0.00 0.00 0.00 0.00 0.00 0.00 0.00 0.00 0.00 0.67 1.00 1.00 1.00 
 0.00 0.00 0.00 0.00 0.00 0.00 0.00 0.00 0.11 0.20 0.39 0.53 0.67 0.70 0.84 0.84 0.95 1.00 1.00 1.00 
 0.00 0.00 0.00 0.00 0.00 0.03 0.28 0.64 0.95 1.00 1.00 1.00 1.00 1.00 1.00 1.00 1.00 1.00 1.00 1.00 
 0.00 0.00 0.00 0.00 0.11 0.67 1.00 1.00 1.00 1.00 1.00 0.97 0.84 0.84 0.84 0.84 0.95 1.00 1.00 1.00 
 0.00 0.00 0.00 0.11 0.84 1.00 1.00 1.00 0.86 0.56 0.28 0.14 0.00 0.00 0.00 0.00 0.67 1.00 1.00 1.00 
 0.00 0.00 0.03 0.67 1.00 1.00 0.97 0.56 0.06 0.00 0.00 0.00 0.00 0.00 0.00 0.00 0.67 1.00 1.00 1.00 
 0.00 0.00 0.22 1.00 1.00 1.00 0.64 0.00 0.00 0.00 0.00 0.00 0.00 0.00 0.00 0.00 0.67 1.00 1.00 1.00 
 0.00 0.00 0.50 1.00 1.00 0.97 0.20 0.00 0.00 0.00 0.00 0.00 0.00 0.00 0.00 0.00 0.67 1.00 1.00 1.00 
 0.00 0.00 0.67 1.00 1.00 0.84 0.00 0.00 0.00 0.00 0.00 0.00 0.00 0.00 0.00 0.00 0.64 1.00 1.00 1.00 
 0.00 0.00 0.67 1.00 1.00 0.86 0.03 0.00 0.00 0.00 0.00 0.00 0.00 0.00 0.00 0.00 0.50 1.00 1.00 1.00 
 0.00 0.00 0.56 1.00 1.00 1.00 0.45 0.00 0.00 0.00 0.00 0.00 0.00 0.00 0.03 0.25 0.84 1.00 1.00 1.00 
 0.00 0.00 0.31 1.00 1.00 1.00 0.97 0.56 0.17 0.00 0.00 0.03 0.20 0.39 0.73 1.00 1.00 1.00 1.00 1.00 
 