0.00 0.00 0.00 0.00 0.11 0.36 0.61 0.80 0.93 1.00 1.00 0.89 0.74 0.44 0.09 0.00 0.00 0.00 0.00 0.00 
 0.00 0.00 0.00 0.47 0.97 1.00 1.00 1.00 1.00 1.00 1.00 1.00 1.00 1.00 0.94 0.38 0.00 0.00 0.00 0.00 
 0.00 0.00 0.00 0.63 1.00 1.00 0.91 0.80 0.66 0.63 0.67 0.83 0.97 1.00 1.00 0.99 0.38 0.00 0.00 0.00 
 0.00 0.00 0.00 0.60 0.69 0.31 0.03 0.00 0.00 0.00 0.00 0.00 0.20 0.75 1.00 1.00 0.93 0.09 0.00 0.00 
 0.00 0.00 0.00 0.06 0.00 0.00 0.00 0.00 0.00 0.00 0.00 0.00 0.00 0.05 0.80 1.00 1.00 0.47 0.00 0.00 
 0.00 0.00 0.00 0.00 0.00 0.00 0.00 0.00 0.00 0.00 0.00 0.00 0.00 0.00 0.28 1.00 1.00 0.78 0.00 0.00 
 0.00 0.00 0.00 0.00 0.00 0.00 0.00 0.00 0.00 0.00 0.00 0.00 0.00 0.00 0.13 1.00 1.00 0.88 0.00 0.00 
 0.00 0.00 0.00 0.00 0.00 0.00 0.08 0.24 0.39 0.50 0.50 0.50 0.50 0.50 0.56 1.00 1.00 0.97 0.09 0.00 
 0.00 0.00 0.00 0.00 0.16 0.63 0.96 1.00 1.00 1.00 1.00 1.00 1.00 1.00 1.00 1.00 1.00 1.00 0.13 0.00 
 0.00 0.00 0.00 0.33 0.96 1.00 1.00 1.00 1.00 0.99 0.88 0.88 0.88 0.88 0.89 1.00 1.00 1.00 0.13 0.00 
 0.00 0.00 0.16 0.96 1.00 1.00 0.86 0.49 0.25 0.11 0.00 0.00 0.00 0.00 0.13 1.00 1.00 1.00 0.13 0.00 
 0.00 0.00 0.60 1.00 1.00 0.80 0.05 0.00 0.00 0.00 0.00 0.00 0.00 0.00 0.13 1.00 1.00 1.00 0.13 0.00 
 0.00 0.02 0.86 1.00 1.00 0.31 0.00 0.00 0.00 0.00 0.00 0.00 0.00 0.00 0.17 1.00 1.00 1.00 0.13 0.00 
 0.00 0.13 1.00 1.00 1.00 0.13 0.00 0.00 0.00 0.00 0.00 0.00 0.00 0.00 0.41 1.00 1.00 1.00 0.13 0.00 
 0.00 0.11 0.99 1.00 1.00 0.17 0.00 0.00 0.00 0.00 0.00 0.00 0.00 0.03 0.82 1.00 1.00 1.00 0.13 0.00 
 0.00 0.00 0.85 1.00 1.00 0.47 0.00 0.00 0.00 0.00 0.00 0.00 0.02 0.50 1.00 1.00 1.00 1.00 0.13 0.00 
 0.00 0.00 0.58 1.00 1.00 0.94 0.28 0.00 0.00 0.00 0.00 0.08 0.53 1.00 0.99 1.00 1.00 1.00 0.13 0.00 
 0.00 0.00 0.16 0.94 1.00 1.00 0.99 0.77 0.53 0.50 0.64 0.91 1.00 0.99 0.58 1.00 1.00 1.00 0.13 0.00 
 0.00 0.00 0.00 0.25 0.93 1.00 1.00 1.00 1.00 1.00 1.00 1.00 0.97 0.50 0.13 1.00 1.00 1.00 0.13 0.00 
 0.00 0.00 0.00 0.00 0.13 0.60 0.93 1.00 1.00 1.00 0.93 0.63 0.19 0.00 0.08 0.63 0.63 0.63 0.08 0.00 
 