0.00 0.00 0.00 0.00 0.02 0.27 0.62 0.86 1.00 1.00 0.94 0.82 0.55 0.16 0.00 0.00 0.00 0.00 0.00 0.00 
 0.00 0.00 0.00 0.15 0.74 1.00 0.84 0.55 0.43 0.53 0.86 1.00 1.00 0.96 0.33 0.00 0.00 0.00 0.00 0.00 
 0.00 0.00 0.15 0.88 1.00 0.88 0.02 0.00 0.00 0.00 0.08 0.80 1.00 1.00 0.94 0.16 0.00 0.00 0.00 0.00 
 0.00 0.00 0.65 1.00 1.00 0.88 0.02 0.00 0.00 0.00 0.00 0.21 1.00 1.00 1.00 0.62 0.00 0.00 0.00 0.00 
 0.00 0.00 0.86 1.00 1.00 1.00 0.15 0.00 0.00 0.00 0.00 0.02 0.86 1.00 1.00 0.84 0.00 0.00 0.00 0.00 
 0.00 0.00 0.65 1.00 1.00 0.88 0.06 0.00 0.00 0.00 0.00 0.00 0.72 1.00 1.00 0.86 0.00 0.00 0.00 0.00 
 0.00 0.00 0.15 0.65 0.64 0.18 0.00 0.00 0.00 0.00 0.00 0.00 0.72 1.00 1.00 0.86 0.00 0.00 0.00 0.00 
 0.00 0.00 0.00 0.00 0.00 0.00 0.00 0.00 0.00 0.00 0.02 0.23 0.86 1.00 1.00 0.86 0.00 0.00 0.00 0.00 
 0.00 0.00 0.00 0.00 0.00 0.00 0.00 0.02 0.16 0.43 0.80 0.94 0.96 1.00 1.00 0.86 0.00 0.00 0.00 0.00 
 0.00 0.00 0.00 0.00 0.00 0.15 0.41 0.78 0.98 0.78 0.45 0.11 0.72 1.00 1.00 0.86 0.00 0.00 0.00 0.00 
 0.00 0.00 0.00 0.16 0.62 0.98 1.00 0.76 0.25 0.00 0.00 0.00 0.72 1.00 1.00 0.86 0.00 0.00 0.00 0.00 
 0.00 0.00 0.35 0.96 1.00 0.98 0.55 0.02 0.00 0.00 0.00 0.00 0.72 1.00 1.00 0.86 0.00 0.00 0.00 0.00 
 0.00 0.16 0.96 1.00 1.00 0.67 0.00 0.00 0.00 0.00 0.00 0.00 0.74 1.00 1.00 0.86 0.00 0.00 0.00 0.00 
 0.00 0.57 1.00 1.00 0.98 0.21 0.00 0.00 0.00 0.00 0.00 0.00 0.86 1.00 1.00 0.86 0.00 0.00 0.00 0.00 
 0.00 0.80 1.00 1.00 0.86 0.00 0.00 0.00 0.00 0.00 0.00 0.00 0.86 1.00 1.00 0.86 0.00 0.00 0.00 0.00 
 0.00 0.86 1.00 1.00 0.88 0.02 0.00 0.00 0.00 0.00 0.00 0.02 0.88 1.00 1.00 0.86 0.00 0.00 0.00 0.00 
 0.00 0.76 1.00 1.00 1.00 0.29 0.00 0.00 0.00 0.00 0.02 0.47 1.00 1.00 1.00 0.86 0.00 0.00 0.00 0.00 
 0.00 0.43 1.00 1.00 1.00 0.86 0.23 0.04 0.02 0.21 0.65 0.84 0.76 1.00 1.00 0.96 0.29 0.00 0.00 0.00 
 0.00 0.06 0.80 1.00 1.00 1.00 1.00 0.90 0.88 1.00 0.82 0.13 0.33 1.00 1.00 1.00 0.98 0.76 0.62 0.00 
 0.00 0.00 0.08 0.69 1.00 1.00 1.00 1.00 0.92 0.51 0.04 0.00 0.02 0.47 0.94 1.00 1.00 0.92 0.55 0.00 
 