0.00 0.00 0.00 0.00 0.00 0.09 0.36 0.67 0.89 1.00 1.00 1.00 0.89 0.70 0.39 0.09 0.00 0.00 0.00 0.00 
 0.00 0.00 0.00 0.00 0.31 0.89 1.00 1.00 1.00 1.00 1.00 1.00 1.00 1.00 1.00 0.86 0.25 0.00 0.00 0.00 
 0.00 0.00 0.00 0.33 0.97 1.00 1.00 1.00 1.00 1.00 1.00 1.00 1.00 1.00 1.00 1.00 0.95 0.20 0.00 0.00 
 0.00 0.00 0.22 0.97 1.00 1.00 1.00 0.86 0.50 0.33 0.33 0.33 0.47 0.81 1.00 1.00 1.00 0.73 0.00 0.00 
 0.00 0.00 0.64 1.00 1.00 1.00 0.81 0.09 0.00 0.00 0.00 0.00 0.00 0.09 0.84 1.00 1.00 0.97 0.17 0.00 
 0.00 0.09 0.92 1.00 1.00 0.97 0.25 0.00 0.00 0.00 0.00 0.00 0.00 0.00 0.36 1.00 1.00 1.00 0.39 0.00 
 0.00 0.06 0.33 0.33 0.33 0.28 0.00 0.00 0.00 0.00 0.00 0.00 0.00 0.00 0.20 1.00 1.00 1.00 0.50 0.00 
 0.00 0.00 0.00 0.00 0.00 0.00 0.00 0.00 0.00 0.00 0.00 0.00 0.06 0.25 0.75 1.00 1.00 1.00 0.50 0.00 
 0.00 0.00 0.00 0.00 0.00 0.00 0.00 0.09 0.17 0.25 0.42 0.67 0.89 1.00 1.00 1.00 1.00 1.00 0.50 0.00 
 0.00 0.00 0.00 0.00 0.11 0.42 0.73 0.92 1.00 1.00 1.00 1.00 1.00 1.00 1.00 1.00 1.00 1.00 0.50 0.00 
 0.00 0.00 0.03 0.47 0.95 1.00 1.00 1.00 1.00 1.00 1.00 1.00 0.92 0.78 0.58 1.00 1.00 1.00 0.50 0.00 
 0.00 0.03 0.58 1.00 1.00 1.00 1.00 0.89 0.78 0.64 0.47 0.28 0.09 0.00 0.17 1.00 1.00 1.00 0.50 0.00 
 0.00 0.33 1.00 1.00 1.00 0.92 0.42 0.06 0.00 0.00 0.00 0.00 0.00 0.00 0.17 1.00 1.00 1.00 0.50 0.00 
 0.00 0.70 1.00 1.00 1.00 0.42 0.00 0.00 0.00 0.00 0.00 0.00 0.00 0.00 0.17 1.00 1.00 1.00 0.50 0.00 
 0.11 0.95 1.00 1.00 0.89 0.06 0.00 0.00 0.00 0.00 0.00 0.00 0.00 0.00 0.47 1.00 1.00 1.00 0.50 0.00 
 0.17 1.00 1.00 1.00 0.89 0.06 0.00 0.00 0.00 0.00 0.00 0.00 0.00 0.33 0.97 1.00 1.00 1.00 0.50 0.00 
 0.09 0.92 1.00 1.00 1.00 0.47 0.00 0.00 0.00 0.00 0.00 0.09 0.47 0.97 1.00 1.00 1.00 1.00 0.50 0.00 
 0.00 0.61 1.00 1.00 1.00 0.97 0.53 0.22 0.17 0.28 0.53 0.89 1.00 1.00 1.00 1.00 1.00 1.00 0.53 0.00 
 0.00 0.20 0.95 1.00 1.00 1.00 1.00 1.00 1.00 1.00 1.00 1.00 1.00 0.97 0.70 1.00 1.00 1.00 0.73 0.00 
 0.00 0.00 0.28 0.92 1.00 1.00 1.00 1.00 1.00 1.00 1.00 1.00 0.95 0.42 0.14 0.97 1.00 1.00 0.95 0.17 
 