-1.00 -1.00 -0.01 0.96 1.00 1.00 0.95 -0.19 -1.00 -1.00 -1.00 -1.00 -1.00 -1.00 -1.00 -1.00 -1.00 -1.00 -1.00 -1.00 
 -1.00 -1.00 0.44 1.00 1.00 1.00 1.00 0.29 -1.00 -1.00 -1.00 -1.00 -1.00 -1.00 -1.00 -1.00 -1.00 -1.00 -1.00 -1.00 
 -1.00 -1.00 -0.74 -0.11 -0.01 1.00 1.00 0.29 -1.00 -1.00 -1.00 -1.00 -1.00 -1.00 -1.00 -1.00 -1.00 -1.00 -1.00 -1.00 
 -1.00 -1.00 -1.00 -1.00 -0.88 1.00 1.00 0.29 -1.00 -1.00 -1.00 -1.00 -1.00 -1.00 -1.00 -1.00 -1.00 -1.00 -1.00 -1.00 
 -1.00 -1.00 -1.00 -1.00 -0.88 1.00 1.00 0.29 -1.00 -1.00 -1.00 -1.00 -1.00 -1.00 -1.00 -1.00 -1.00 -1.00 -1.00 -1.00 
 -1.00 -1.00 -1.00 -1.00 -0.88 1.00 1.00 0.29 -1.00 -0.68 -0.22 -0.09 -0.30 -0.83 -1.00 -1.00 -1.00 -1.00 -1.00 -1.00 
 -1.00 -1.00 -1.00 -1.00 -0.88 1.00 1.00 0.55 0.49 1.00 1.00 1.00 1.00 0.95 0.12 -0.93 -1.00 -1.00 -1.00 -1.00 
 -1.00 -1.00 -1.00 -1.00 -0.88 1.00 1.00 1.00 1.00 1.00 1.00 0.99 1.00 1.00 1.00 0.53 -0.92 -1.00 -1.00 -1.00 
 -1.00 -1.00 -1.00 -1.00 -0.88 1.00 1.00 1.00 0.95 -0.04 -0.82 -0.96 -0.49 0.65 1.00 1.00 0.20 -1.00 -1.00 -1.00 
 -1.00 -1.00 -1.00 -1.00 -0.88 1.00 1.00 1.00 -0.35 -1.00 -1.00 -1.00 -1.00 -0.87 0.70 1.00 0.98 -0.67 -1.00 -1.00 
 -1.00 -1.00 -1.00 -1.00 -0.88 1.00 1.00 0.62 -1.00 -1.00 -1.00 -1.00 -1.00 -1.00 -0.38 1.00 1.00 0.06 -1.00 -1.00 
 -1.00 -1.00 -1.00 -1.00 -0.88 1.00 1.00 0.37 -1.00 -1.00 -1.00 -1.00 -1.00 -1.00 -0.96 0.91 1.00 0.52 -1.00 -1.00 
 -1.00 -1.00 -1.00 -1.00 -0.88 1.00 1.00 0.36 -1.00 -1.00 -1.00 -1.00 -1.00 -1.00 -1.00 0.65 1.00 0.72 -1.00 -1.00 
 -1.00 -1.00 -1.00 -1.00 -0.88 1.00 1.00 0.37 -1.00 -1.00 -1.00 -1.00 -1.00 -1.00 -1.00 0.73 1.00 0.66 -1.00 -1.00 
 -1.00 -1.00 -1.00 -1.00 -0.88 1.00 1.00 0.61 -1.00 -1.00 -1.00 -1.00 -1.00 -1.00 -0.81 0.98 1.00 0.36 -1.00 -1.00 
 -1.00 -1.00 -1.00 -1.00 -0.88 1.00 1.00 0.99 -0.72 -1.00 -1.00 -1.00 -1.00 -1.00 0.07 1.00 1.00 -0.23 -1.00 -1.00 
 -1.00 -1.00 -1.00 -1.00 -0.88 1.00 1.00 1.00 0.46 -0.96 -1.00 -1.00 -1.00 -0.29 0.98 1.00 0.77 -0.93 -1.00 -1.00 
 -1.00 -1.00 -1.00 -1.00 -0.88 1.00 1.00 1.00 1.00 0.58 -0.18 -0.21 0.40 1.00 1.00 0.97 -0.46 -1.00 -1.00 -1.00 
 -1.00 -1.00 -1.00 -1.00 -0.89 1.00 1.00 0.95 1.00 1.00 1.00 1.00 1.00 1.00 0.91 -0.35 -1.00 -1.00 -1.00 -1.00 
 -1.00 -1.00 -1.00 -1.00 -0.99 0.39 0.78 -0.29 -0.17 0.71 1.00 1.00 0.86 0.21 -0.74 -1.00 -1.00 -1.00 -1.00 -1.00 
 