-1.00 -1.00 0.44 1.00 1.00 0.87 -0.80 -1.00 -1.00 -1.00 -1.00 -1.00 -1.00 -1.00 -1.00 -1.00 -1.00 -1.00 -1.00 -1.00 
 -1.00 -1.00 0.80 1.00 1.00 1.00 -0.57 -1.00 -1.00 -1.00 -1.00 -1.00 -1.00 -1.00 -1.00 -1.00 -1.00 -1.00 -1.00 -1.00 
 -1.00 -1.00 0.80 1.00 1.00 1.00 -0.56 -1.00 -1.00 -1.00 -1.00 -1.00 -1.00 -1.00 -1.00 -1.00 -1.00 -1.00 -1.00 -1.00 
 -1.00 -1.00 0.80 1.00 1.00 1.00 -0.56 -1.00 -1.00 -1.00 -1.00 -1.00 -1.00 -1.00 -1.00 -1.00 -1.00 -1.00 -1.00 -1.00 
 -1.00 -1.00 0.80 1.00 1.00 1.00 -0.56 -0.92 -0.22 0.35 0.63 0.63 0.32 -0.36 -0.98 -1.00 -1.00 -1.00 -1.00 -1.00 
 -1.00 -1.00 0.80 1.00 1.00 1.00 -0.00 0.80 1.00 1.00 1.00 1.00 1.00 1.00 0.55 -0.77 -1.00 -1.00 -1.00 -1.00 
 -1.00 -1.00 0.80 1.00 1.00 1.00 1.00 0.53 -0.11 -0.30 -0.07 0.63 1.00 1.00 1.00 0.74 -0.82 -1.00 -1.00 -1.00 
 -1.00 -1.00 0.80 1.00 1.00 1.00 -0.07 -1.00 -1.00 -1.00 -1.00 -0.98 0.09 1.00 1.00 1.00 0.40 -1.00 -1.00 -1.00 
 -1.00 -1.00 0.80 1.00 1.00 1.00 -0.46 -1.00 -1.00 -1.00 -1.00 -1.00 -0.98 0.59 1.00 1.00 1.00 -0.54 -1.00 -1.00 
 -1.00 -1.00 0.80 1.00 1.00 1.00 -0.46 -1.00 -1.00 -1.00 -1.00 -1.00 -1.00 -0.13 1.00 1.00 1.00 0.21 -1.00 -1.00 
 -1.00 -1.00 0.80 1.00 1.00 1.00 -0.46 -1.00 -1.00 -1.00 -1.00 -1.00 -1.00 -0.48 1.00 1.00 1.00 0.69 -1.00 -1.00 
 -1.00 -1.00 0.80 1.00 1.00 1.00 -0.46 -1.00 -1.00 -1.00 -1.00 -1.00 -1.00 -0.62 1.00 1.00 1.00 0.94 -1.00 -1.00 
 -1.00 -1.00 0.80 1.00 1.00 1.00 -0.46 -1.00 -1.00 -1.00 -1.00 -1.00 -1.00 -0.62 1.00 1.00 1.00 0.95 -1.00 -1.00 
 -1.00 -1.00 0.80 1.00 1.00 1.00 -0.46 -1.00 -1.00 -1.00 -1.00 -1.00 -1.00 -0.50 1.00 1.00 1.00 0.74 -1.00 -1.00 
 -1.00 -1.00 0.80 1.00 1.00 1.00 -0.46 -1.00 -1.00 -1.00 -1.00 -1.00 -1.00 -0.16 1.00 1.00 1.00 0.27 -1.00 -1.00 
 -1.00 -1.00 0.80 1.00 1.00 1.00 -0.46 -1.00 -1.00 -1.00 -1.00 -1.00 -0.99 0.55 1.00 1.00 1.00 -0.49 -1.00 -1.00 
 -1.00 -1.00 0.80 1.00 1.00 1.00 -0.21 -1.00 -1.00 -1.00 -1.00 -1.00 -0.08 1.00 1.00 1.00 0.40 -0.99 -1.00 -1.00 
 -1.00 -1.00 0.80 1.00 1.00 1.00 0.95 -0.00 -0.70 -0.78 -0.43 0.38 1.00 1.00 1.00 0.70 -0.84 -1.00 -1.00 -1.00 
 -1.00 -1.00 0.80 1.00 1.00 1.00 0.54 1.00 1.00 1.00 1.00 1.00 1.00 1.00 0.49 -0.82 -1.00 -1.00 -1.00 -1.00 
 -1.00 -1.00 0.10 0.61 0.62 0.50 -0.81 -0.33 0.62 1.00 1.00 0.93 0.45 -0.35 -0.98 -1.00 -1.00 -1.00 -1.00 -1.00 
 