-1.00 -1.00 -1.00 -0.95 -0.43 0.21 0.82 1.00 -0.88 -1.00 -1.00 -1.00 -1.00 -1.00 -1.00 -1.00 -1.00 -1.00 -1.00 -1.00 
 -1.00 -1.00 -0.61 0.88 1.00 1.00 1.00 1.00 -0.88 -1.00 -1.00 -1.00 -1.00 -1.00 -1.00 -1.00 -1.00 -1.00 -1.00 -1.00 
 -1.00 -1.00 -0.82 -0.31 0.09 1.00 1.00 1.00 -0.88 -1.00 -1.00 -1.00 -1.00 -1.00 -1.00 -1.00 -1.00 -1.00 -1.00 -1.00 
 -1.00 -1.00 -1.00 -1.00 -0.39 1.00 1.00 1.00 -0.88 -1.00 -1.00 -1.00 -1.00 -1.00 -1.00 -1.00 -1.00 -1.00 -1.00 -1.00 
 -1.00 -1.00 -1.00 -1.00 -0.39 1.00 1.00 1.00 -0.88 -1.00 -1.00 -1.00 -1.00 -1.00 -1.00 -1.00 -1.00 -1.00 -1.00 -1.00 
 -1.00 -1.00 -1.00 -1.00 -0.39 1.00 1.00 1.00 -0.88 -1.00 -1.00 -1.00 -1.00 -1.00 -1.00 -1.00 -1.00 -1.00 -1.00 -1.00 
 -1.00 -1.00 -1.00 -1.00 -0.39 1.00 1.00 1.00 -0.88 -0.96 -0.49 -0.14 -0.14 -0.52 -0.98 -1.00 -1.00 -1.00 -1.00 -1.00 
 -1.00 -1.00 -1.00 -1.00 -0.39 1.00 1.00 1.00 0.04 0.82 1.00 1.00 1.00 1.00 0.62 -0.68 -1.00 -1.00 -1.00 -1.00 
 -1.00 -1.00 -1.00 -1.00 -0.39 1.00 1.00 1.00 0.62 0.36 0.46 0.91 1.00 1.00 1.00 0.83 -0.78 -1.00 -1.00 -1.00 
 -1.00 -1.00 -1.00 -1.00 -0.39 1.00 1.00 1.00 -0.88 -1.00 -1.00 -0.87 0.40 1.00 1.00 1.00 0.29 -1.00 -1.00 -1.00 
 -1.00 -1.00 -1.00 -1.00 -0.39 1.00 1.00 1.00 -0.88 -1.00 -1.00 -1.00 -0.91 0.79 1.00 1.00 0.95 -0.89 -1.00 -1.00 
 -1.00 -1.00 -1.00 -1.00 -0.39 1.00 1.00 1.00 -0.88 -1.00 -1.00 -1.00 -1.00 0.08 1.00 1.00 1.00 -0.51 -1.00 -1.00 
 -1.00 -1.00 -1.00 -1.00 -0.39 1.00 1.00 1.00 -0.88 -1.00 -1.00 -1.00 -1.00 -0.29 1.00 1.00 1.00 -0.34 -1.00 -1.00 
 -1.00 -1.00 -1.00 -1.00 -0.39 1.00 1.00 1.00 -0.88 -1.00 -1.00 -1.00 -1.00 -0.38 1.00 1.00 1.00 -0.40 -1.00 -1.00 
 -1.00 -1.00 -1.00 -1.00 -0.39 1.00 1.00 1.00 -0.88 -1.00 -1.00 -1.00 -1.00 -0.27 1.00 1.00 1.00 -0.69 -1.00 -1.00 
 -1.00 -1.00 -1.00 -1.00 -0.39 1.00 1.00 1.00 -0.88 -1.00 -1.00 -1.00 -1.00 0.07 1.00 1.00 0.73 -0.99 -1.00 -1.00 
 -1.00 -1.00 -1.00 -1.00 -0.39 1.00 1.00 1.00 -0.88 -1.00 -1.00 -1.00 -0.95 0.76 1.00 1.00 -0.19 -1.00 -1.00 -1.00 
 -1.00 -1.00 -1.00 -1.00 -0.39 1.00 1.00 1.00 -0.88 -1.00 -1.00 -0.95 0.25 1.00 1.00 0.39 -0.98 -1.00 -1.00 -1.00 
 -1.00 -1.00 -1.00 -1.00 -0.39 1.00 1.00 1.00 -0.15 -0.18 0.10 0.75 1.00 1.00 0.21 -0.95 -1.00 -1.00 -1.00 -1.00 
 -1.00 -1.00 -1.00 -1.00 -0.39 1.00 1.00 1.00 1.00 1.00 0.98 0.74 0.27 -0.56 -1.00 -1.00 -1.00 -1.00 -1.00 -1.00 
 