-1.00 -1.00 -0.58 0.80 1.00 1.00 1.00 1.00 -0.26 -1.00 -1.00 -1.00 -1.00 -1.00 -1.00 -1.00 -1.00 -1.00 -1.00 -1.00 
 -1.00 -1.00 -1.00 -0.95 0.67 1.00 1.00 1.00 -0.26 -1.00 -1.00 -1.00 -1.00 -1.00 -1.00 -1.00 -1.00 -1.00 -1.00 -1.00 
 -1.00 -1.00 -1.00 -1.00 0.38 1.00 1.00 1.00 -0.26 -1.00 -1.00 -1.00 -1.00 -1.00 -1.00 -1.00 -1.00 -1.00 -1.00 -1.00 
 -1.00 -1.00 -1.00 -1.00 0.37 1.00 1.00 1.00 -0.26 -1.00 -1.00 -1.00 -1.00 -1.00 -1.00 -1.00 -1.00 -1.00 -1.00 -1.00 
 -1.00 -1.00 -1.00 -1.00 0.37 1.00 1.00 1.00 -0.26 -1.00 -1.00 -1.00 -1.00 -1.00 -1.00 -1.00 -1.00 -1.00 -1.00 -1.00 
 -1.00 -1.00 -1.00 -1.00 0.37 1.00 1.00 1.00 -0.26 -1.00 -0.99 -0.86 -0.89 -1.00 -1.00 -1.00 -1.00 -1.00 -1.00 -1.00 
 -1.00 -1.00 -1.00 -1.00 0.37 1.00 1.00 1.00 -0.25 -0.18 0.76 1.00 1.00 0.68 -0.24 -0.99 -1.00 -1.00 -1.00 -1.00 
 -1.00 -1.00 -1.00 -1.00 0.37 1.00 1.00 1.00 0.72 0.45 0.03 0.62 1.00 1.00 1.00 0.16 -0.99 -1.00 -1.00 -1.00 
 -1.00 -1.00 -1.00 -1.00 0.37 1.00 1.00 1.00 0.45 -0.99 -1.00 -0.94 0.63 1.00 1.00 1.00 -0.33 -1.00 -1.00 -1.00 
 -1.00 -1.00 -1.00 -1.00 0.37 1.00 1.00 1.00 -0.24 -1.00 -1.00 -1.00 -0.27 1.00 1.00 1.00 0.65 -1.00 -1.00 -1.00 
 -1.00 -1.00 -1.00 -1.00 0.37 1.00 1.00 1.00 -0.26 -1.00 -1.00 -1.00 -0.77 1.00 1.00 1.00 1.00 -0.73 -1.00 -1.00 
 -1.00 -1.00 -1.00 -1.00 0.37 1.00 1.00 1.00 -0.26 -1.00 -1.00 -1.00 -0.99 0.95 1.00 1.00 1.00 -0.36 -1.00 -1.00 
 -1.00 -1.00 -1.00 -1.00 0.37 1.00 1.00 1.00 -0.26 -1.00 -1.00 -1.00 -1.00 0.82 1.00 1.00 1.00 -0.22 -1.00 -1.00 
 -1.00 -1.00 -1.00 -1.00 0.37 1.00 1.00 1.00 -0.26 -1.00 -1.00 -1.00 -1.00 0.80 1.00 1.00 1.00 -0.28 -1.00 -1.00 
 -1.00 -1.00 -1.00 -1.00 0.37 1.00 1.00 1.00 -0.26 -1.00 -1.00 -1.00 -1.00 0.86 1.00 1.00 1.00 -0.54 -1.00 -1.00 
 -1.00 -1.00 -1.00 -1.00 0.37 1.00 1.00 1.00 -0.26 -1.00 -1.00 -1.00 -0.95 0.98 1.00 1.00 0.90 -0.94 -1.00 -1.00 
 -1.00 -1.00 -1.00 -1.00 0.37 1.00 1.00 1.00 -0.26 -1.00 -1.00 -1.00 -0.64 1.00 1.00 1.00 0.16 -1.00 -1.00 -1.00 
 -1.00 -1.00 -1.00 -1.00 0.37 1.00 1.00 1.00 -0.11 -1.00 -1.00 -1.00 -0.03 1.00 1.00 0.80 -0.84 -1.00 -1.00 -1.00 
 -1.00 -1.00 -1.00 -1.00 0.37 1.00 0.54 0.69 0.70 -0.82 -1.00 -0.62 0.87 1.00 0.80 -0.62 -1.00 -1.00 -1.00 -1.00 
 -1.00 -1.00 -1.00 -1.00 0.34 -0.02 -0.97 -0.90 0.10 0.80 0.71 0.98 0.79 0.10 -0.84 -1.00 -1.00 -1.00 -1.00 -1.00 
 