0.00 0.00 0.00 0.00 0.00 0.00 0.39 0.98 0.51 0.00 0.00 0.00 0.00 0.00 0.00 0.00 0.00 0.00 0.00 0.00 
 0.00 0.00 0.00 0.00 0.00 0.00 0.77 1.00 0.47 0.00 0.00 0.00 0.00 0.00 0.00 0.00 0.00 0.00 0.00 0.00 
 0.00 0.00 0.00 0.00 0.00 0.02 0.96 1.00 0.26 0.00 0.00 0.00 0.00 0.00 0.00 0.00 0.00 0.00 0.00 0.00 
 0.00 0.00 0.00 0.00 0.00 0.19 1.00 1.00 0.06 0.00 0.00 0.00 0.00 0.00 0.00 0.00 0.00 0.00 0.00 0.00 
 0.00 0.00 0.00 0.00 0.00 0.40 1.00 0.84 0.00 0.00 0.04 0.25 0.35 0.25 0.03 0.00 0.00 0.00 0.00 0.00 
 0.00 0.00 0.00 0.00 0.00 0.62 1.00 0.63 0.06 0.56 0.96 1.00 1.00 1.00 0.92 0.35 0.00 0.00 0.00 0.00 
 0.00 0.00 0.00 0.00 0.00 0.83 1.00 0.60 0.88 0.82 0.53 0.47 0.64 0.96 1.00 1.00 0.34 0.00 0.00 0.00 
 0.00 0.00 0.00 0.00 0.05 0.99 1.00 0.96 0.36 0.00 0.00 0.00 0.00 0.12 0.84 1.00 0.91 0.03 0.00 0.00 
 0.00 0.00 0.00 0.00 0.25 1.00 1.00 0.27 0.00 0.00 0.00 0.00 0.00 0.00 0.21 1.00 1.00 0.30 0.00 0.00 
 0.00 0.00 0.00 0.00 0.47 1.00 0.84 0.00 0.00 0.00 0.00 0.00 0.00 0.00 0.00 0.87 1.00 0.49 0.00 0.00 
 0.00 0.00 0.00 0.00 0.68 1.00 0.63 0.00 0.00 0.00 0.00 0.00 0.00 0.00 0.00 0.76 1.00 0.55 0.00 0.00 
 0.00 0.00 0.00 0.00 0.89 1.00 0.42 0.00 0.00 0.00 0.00 0.00 0.00 0.00 0.00 0.82 1.00 0.47 0.00 0.00 
 0.00 0.00 0.00 0.11 1.00 1.00 0.20 0.00 0.00 0.00 0.00 0.00 0.00 0.00 0.03 0.97 1.00 0.30 0.00 0.00 
 0.00 0.00 0.00 0.32 1.00 0.97 0.02 0.00 0.00 0.00 0.00 0.00 0.00 0.00 0.29 1.00 0.96 0.05 0.00 0.00 
 0.00 0.00 0.00 0.53 1.00 0.78 0.00 0.00 0.00 0.00 0.00 0.00 0.00 0.00 0.72 1.00 0.61 0.00 0.00 0.00 
 0.00 0.00 0.00 0.75 1.00 0.64 0.00 0.00 0.00 0.00 0.00 0.00 0.00 0.33 1.00 0.95 0.12 0.00 0.00 0.00 
 0.00 0.00 0.01 0.95 1.00 0.83 0.00 0.00 0.00 0.00 0.00 0.00 0.27 0.96 1.00 0.37 0.00 0.00 0.00 0.00 
 0.00 0.00 0.17 1.00 1.00 0.97 0.48 0.00 0.00 0.00 0.12 0.57 0.99 1.00 0.47 0.00 0.00 0.00 0.00 0.00 
 0.00 0.00 0.38 1.00 0.91 0.45 1.00 0.85 0.73 0.83 1.00 1.00 0.93 0.34 0.00 0.00 0.00 0.00 0.00 0.00 
 0.00 0.00 0.28 0.79 0.42 0.00 0.45 0.92 1.00 1.00 0.84 0.49 0.07 0.00 0.00 0.00 0.00 0.00 0.00 0.00 
 