-1.00 -1.00 -1.00 -1.00 -1.00 -1.00 -0.22 0.95 0.01 -1.00 -1.00 -1.00 -1.00 -1.00 -1.00 -1.00 -1.00 -1.00 -1.00 -1.00 
 -1.00 -1.00 -1.00 -1.00 -1.00 -1.00 0.54 1.00 -0.06 -1.00 -1.00 -1.00 -1.00 -1.00 -1.00 -1.00 -1.00 -1.00 -1.00 -1.00 
 -1.00 -1.00 -1.00 -1.00 -1.00 -0.96 0.93 1.00 -0.47 -1.00 -1.00 -1.00 -1.00 -1.00 -1.00 -1.00 -1.00 -1.00 -1.00 -1.00 
 -1.00 -1.00 -1.00 -1.00 -1.00 -0.62 1.00 0.99 -0.88 -1.00 -1.00 -1.00 -1.00 -1.00 -1.00 -1.00 -1.00 -1.00 -1.00 -1.00 
 -1.00 -1.00 -1.00 -1.00 -1.00 -0.19 1.00 0.69 -1.00 -1.00 -0.91 -0.49 -0.31 -0.49 -0.94 -1.00 -1.00 -1.00 -1.00 -1.00 
 -1.00 -1.00 -1.00 -1.00 -1.00 0.24 1.00 0.26 -0.87 0.12 0.91 1.00 1.00 1.00 0.84 -0.30 -1.00 -1.00 -1.00 -1.00 
 -1.00 -1.00 -1.00 -1.00 -1.00 0.66 1.00 0.20 0.76 0.63 0.06 -0.06 0.27 0.91 1.00 0.99 -0.33 -1.00 -1.00 -1.00 
 -1.00 -1.00 -1.00 -1.00 -0.89 0.98 1.00 0.91 -0.27 -0.99 -1.00 -1.00 -1.00 -0.76 0.69 1.00 0.82 -0.94 -1.00 -1.00 
 -1.00 -1.00 -1.00 -1.00 -0.49 1.00 1.00 -0.45 -1.00 -1.00 -1.00 -1.00 -1.00 -1.00 -0.58 1.00 1.00 -0.40 -1.00 -1.00 
 -1.00 -1.00 -1.00 -1.00 -0.06 1.00 0.68 -1.00 -1.00 -1.00 -1.00 -1.00 -1.00 -1.00 -1.00 0.73 1.00 -0.01 -1.00 -1.00 
 -1.00 -1.00 -1.00 -1.00 0.36 1.00 0.25 -1.00 -1.00 -1.00 -1.00 -1.00 -1.00 -1.00 -1.00 0.52 1.00 0.09 -1.00 -1.00 
 -1.00 -1.00 -1.00 -0.99 0.79 1.00 -0.17 -1.00 -1.00 -1.00 -1.00 -1.00 -1.00 -1.00 -1.00 0.64 1.00 -0.05 -1.00 -1.00 
 -1.00 -1.00 -1.00 -0.79 1.00 1.00 -0.59 -1.00 -1.00 -1.00 -1.00 -1.00 -1.00 -1.00 -0.95 0.95 1.00 -0.40 -1.00 -1.00 
 -1.00 -1.00 -1.00 -0.36 1.00 0.94 -0.95 -1.00 -1.00 -1.00 -1.00 -1.00 -1.00 -1.00 -0.43 1.00 0.93 -0.90 -1.00 -1.00 
 -1.00 -1.00 -1.00 0.07 1.00 0.56 -1.00 -1.00 -1.00 -1.00 -1.00 -1.00 -1.00 -1.00 0.44 1.00 0.22 -1.00 -1.00 -1.00 
 -1.00 -1.00 -1.00 0.49 1.00 0.27 -1.00 -1.00 -1.00 -1.00 -1.00 -1.00 -1.00 -0.33 1.00 0.91 -0.76 -1.00 -1.00 -1.00 
 -1.00 -1.00 -0.98 0.90 1.00 0.66 -0.99 -1.00 -1.00 -1.00 -1.00 -1.00 -0.45 0.92 1.00 -0.25 -1.00 -1.00 -1.00 -1.00 
 -1.00 -1.00 -0.66 1.00 1.00 0.94 -0.04 -0.99 -1.00 -1.00 -0.76 0.15 0.98 1.00 -0.06 -1.00 -1.00 -1.00 -1.00 -1.00 
 -1.00 -1.00 -0.24 1.00 0.82 -0.11 1.00 0.69 0.45 0.66 0.99 1.00 0.86 -0.33 -1.00 -1.00 -1.00 -1.00 -1.00 -1.00 
 -1.00 -1.00 -0.44 0.58 -0.17 -0.99 -0.09 0.84 1.00 0.99 0.68 -0.01 -0.86 -1.00 -1.00 -1.00 -1.00 -1.00 -1.00 -1.00 
 