0.00 0.00 0.00 0.00 0.67 1.00 0.89 0.00 0.00 0.00 0.00 0.00 0.00 0.00 0.00 0.00 0.00 0.00 0.00 0.00 
 0.00 0.00 0.00 0.00 0.67 1.00 0.89 0.00 0.00 0.00 0.00 0.00 0.00 0.00 0.00 0.00 0.00 0.00 0.00 0.00 
 0.00 0.00 0.00 0.00 0.67 1.00 0.89 0.00 0.00 0.00 0.00 0.00 0.00 0.00 0.00 0.00 0.00 0.00 0.00 0.00 
 0.00 0.00 0.00 0.00 0.67 1.00 0.89 0.00 0.00 0.00 0.00 0.00 0.00 0.00 0.00 0.00 0.00 0.00 0.00 0.00 
 0.00 0.00 0.00 0.00 0.67 1.00 0.89 0.00 0.00 0.00 0.00 0.00 0.00 0.00 0.00 0.00 0.00 0.00 0.00 0.00 
 0.00 0.00 0.00 0.00 0.67 1.00 0.89 0.00 0.00 0.00 0.03 0.11 0.11 0.04 0.00 0.00 0.00 0.00 0.00 0.00 
 0.00 0.00 0.00 0.00 0.67 1.00 0.89 0.00 0.10 0.56 0.89 1.00 1.00 0.88 0.44 0.03 0.00 0.00 0.00 0.00 
 0.00 0.00 0.00 0.00 0.67 1.00 0.89 0.21 0.89 1.00 1.00 1.00 1.00 1.00 1.00 0.61 0.00 0.00 0.00 0.00 
 0.00 0.00 0.00 0.00 0.67 1.00 0.95 0.90 1.00 0.83 0.41 0.22 0.42 0.91 1.00 0.99 0.30 0.00 0.00 0.00 
 0.00 0.00 0.00 0.00 0.67 1.00 1.00 1.00 0.65 0.04 0.00 0.00 0.00 0.25 0.99 1.00 0.74 0.00 0.00 0.00 
 0.00 0.00 0.00 0.00 0.67 1.00 1.00 0.69 0.02 0.00 0.00 0.00 0.00 0.00 0.78 1.00 0.94 0.05 0.00 0.00 
 0.00 0.00 0.00 0.00 0.67 1.00 0.93 0.06 0.00 0.00 0.00 0.00 0.00 0.00 0.53 1.00 1.00 0.22 0.00 0.00 
 0.00 0.00 0.00 0.00 0.67 1.00 0.89 0.00 0.00 0.00 0.00 0.00 0.00 0.00 0.41 1.00 1.00 0.33 0.00 0.00 
 0.00 0.00 0.00 0.00 0.67 1.00 0.89 0.00 0.00 0.00 0.00 0.00 0.00 0.00 0.33 1.00 1.00 0.33 0.00 0.00 
 0.00 0.00 0.00 0.00 0.67 1.00 0.89 0.00 0.00 0.00 0.00 0.00 0.00 0.00 0.37 1.00 1.00 0.32 0.00 0.00 
 0.00 0.00 0.00 0.00 0.67 1.00 0.89 0.00 0.00 0.00 0.00 0.00 0.00 0.00 0.51 1.00 1.00 0.19 0.00 0.00 
 0.00 0.00 0.00 0.00 0.67 1.00 0.89 0.00 0.00 0.00 0.00 0.00 0.00 0.02 0.77 1.00 0.90 0.03 0.00 0.00 
 0.00 0.00 0.00 0.00 0.67 1.00 0.89 0.00 0.00 0.00 0.00 0.00 0.00 0.25 1.00 1.00 0.61 0.00 0.00 0.00 
 0.00 0.00 0.00 0.00 0.67 1.00 0.90 0.06 0.00 0.00 0.00 0.00 0.20 0.88 1.00 0.93 0.13 0.00 0.00 0.00 
 0.00 0.00 0.00 0.00 0.67 1.00 1.00 0.94 0.69 0.56 0.56 0.72 0.99 1.00 0.98 0.32 0.00 0.00 0.00 0.00 
 