0.00 0.00 0.00 0.90 1.00 1.00 0.90 0.00 0.00 0.00 0.00 0.00 0.00 0.00 0.00 0.00 0.00 0.00 0.00 0.00 
 0.00 0.00 0.00 0.90 1.00 1.00 0.90 0.00 0.00 0.00 0.00 0.00 0.00 0.00 0.00 0.00 0.00 0.00 0.00 0.00 
 0.00 0.00 0.00 0.90 1.00 1.00 0.90 0.00 0.00 0.00 0.00 0.00 0.00 0.00 0.00 0.00 0.00 0.00 0.00 0.00 
 0.00 0.00 0.00 0.90 1.00 1.00 0.90 0.00 0.00 0.00 0.00 0.00 0.00 0.00 0.00 0.00 0.00 0.00 0.00 0.00 
 0.00 0.00 0.00 0.90 1.00 1.00 0.90 0.00 0.00 0.00 0.00 0.00 0.00 0.00 0.00 0.00 0.00 0.00 0.00 0.00 
 0.00 0.00 0.00 0.90 1.00 1.00 0.90 0.00 0.06 0.41 0.65 0.69 0.55 0.27 0.02 0.00 0.00 0.00 0.00 0.00 
 0.00 0.00 0.00 0.90 1.00 1.00 0.90 0.22 0.89 1.00 1.00 1.00 1.00 1.00 0.75 0.11 0.00 0.00 0.00 0.00 
 0.00 0.00 0.00 0.90 1.00 1.00 0.97 0.94 1.00 1.00 1.00 1.00 1.00 1.00 1.00 0.82 0.05 0.00 0.00 0.00 
 0.00 0.00 0.00 0.90 1.00 1.00 1.00 1.00 0.71 0.28 0.22 0.51 0.96 1.00 1.00 1.00 0.51 0.00 0.00 0.00 
 0.00 0.00 0.00 0.90 1.00 1.00 1.00 0.69 0.01 0.00 0.00 0.00 0.33 1.00 1.00 1.00 0.89 0.01 0.00 0.00 
 0.00 0.00 0.00 0.90 1.00 1.00 0.99 0.19 0.00 0.00 0.00 0.00 0.01 0.82 1.00 1.00 1.00 0.19 0.00 0.00 
 0.00 0.00 0.00 0.90 1.00 1.00 0.90 0.00 0.00 0.00 0.00 0.00 0.00 0.61 1.00 1.00 1.00 0.34 0.00 0.00 
 0.00 0.00 0.00 0.90 1.00 1.00 0.90 0.00 0.00 0.00 0.00 0.00 0.00 0.50 1.00 1.00 1.00 0.40 0.00 0.00 
 0.00 0.00 0.00 0.90 1.00 1.00 0.90 0.00 0.00 0.00 0.00 0.00 0.00 0.51 1.00 1.00 1.00 0.39 0.00 0.00 
 0.00 0.00 0.00 0.90 1.00 1.00 0.95 0.06 0.00 0.00 0.00 0.00 0.00 0.63 1.00 1.00 1.00 0.27 0.00 0.00 
 0.00 0.00 0.00 0.90 1.00 1.00 1.00 0.36 0.00 0.00 0.00 0.00 0.03 0.88 1.00 1.00 0.97 0.10 0.00 0.00 
 0.00 0.00 0.00 0.90 1.00 1.00 1.00 0.88 0.12 0.00 0.00 0.01 0.48 1.00 1.00 1.00 0.79 0.00 0.00 0.00 
 0.00 0.00 0.00 0.90 1.00 1.00 0.99 1.00 0.92 0.53 0.41 0.67 1.00 1.00 1.00 0.99 0.32 0.00 0.00 0.00 
 0.00 0.00 0.00 0.90 1.00 1.00 0.76 0.78 1.00 1.00 1.00 1.00 1.00 1.00 1.00 0.58 0.00 0.00 0.00 0.00 
 0.00 0.00 0.00 0.90 1.00 1.00 0.70 0.07 0.67 1.00 1.00 1.00 1.00 0.96 0.48 0.01 0.00 0.00 0.00 0.00 
 