0.00 0.00 0.00 0.00 0.06 0.35 0.77 0.75 0.00 0.00 0.00 0.00 0.00 0.00 0.00 0.00 0.00 0.00 0.00 0.00 
 0.00 0.00 0.00 0.28 0.78 0.99 1.00 0.75 0.00 0.00 0.00 0.00 0.00 0.00 0.00 0.00 0.00 0.00 0.00 0.00 
 0.00 0.00 0.00 0.00 0.00 0.67 1.00 0.75 0.00 0.00 0.00 0.00 0.00 0.00 0.00 0.00 0.00 0.00 0.00 0.00 
 0.00 0.00 0.00 0.00 0.00 0.50 1.00 0.75 0.00 0.00 0.00 0.00 0.00 0.00 0.00 0.00 0.00 0.00 0.00 0.00 
 0.00 0.00 0.00 0.00 0.00 0.50 1.00 0.75 0.00 0.00 0.00 0.00 0.00 0.00 0.00 0.00 0.00 0.00 0.00 0.00 
 0.00 0.00 0.00 0.00 0.00 0.50 1.00 0.75 0.00 0.00 0.00 0.00 0.00 0.00 0.00 0.00 0.00 0.00 0.00 0.00 
 0.00 0.00 0.00 0.00 0.00 0.50 1.00 0.75 0.00 0.02 0.19 0.38 0.28 0.06 0.00 0.00 0.00 0.00 0.00 0.00 
 0.00 0.00 0.00 0.00 0.00 0.50 1.00 0.75 0.06 0.63 1.00 1.00 1.00 0.89 0.30 0.00 0.00 0.00 0.00 0.00 
 0.00 0.00 0.00 0.00 0.00 0.50 1.00 0.78 0.71 0.78 0.63 0.74 0.99 1.00 0.97 0.25 0.00 0.00 0.00 0.00 
 0.00 0.00 0.00 0.00 0.00 0.50 1.00 0.94 0.38 0.00 0.00 0.00 0.36 0.97 1.00 0.82 0.02 0.00 0.00 0.00 
 0.00 0.00 0.00 0.00 0.00 0.50 1.00 0.75 0.00 0.00 0.00 0.00 0.00 0.55 1.00 1.00 0.22 0.00 0.00 0.00 
 0.00 0.00 0.00 0.00 0.00 0.50 1.00 0.75 0.00 0.00 0.00 0.00 0.00 0.17 1.00 1.00 0.41 0.00 0.00 0.00 
 0.00 0.00 0.00 0.00 0.00 0.50 1.00 0.75 0.00 0.00 0.00 0.00 0.00 0.06 0.94 1.00 0.50 0.00 0.00 0.00 
 0.00 0.00 0.00 0.00 0.00 0.50 1.00 0.75 0.00 0.00 0.00 0.00 0.00 0.00 0.88 1.00 0.49 0.00 0.00 0.00 
 0.00 0.00 0.00 0.00 0.00 0.50 1.00 0.75 0.00 0.00 0.00 0.00 0.00 0.03 0.91 1.00 0.33 0.00 0.00 0.00 
 0.00 0.00 0.00 0.00 0.00 0.50 1.00 0.75 0.00 0.00 0.00 0.00 0.00 0.13 1.00 0.94 0.08 0.00 0.00 0.00 
 0.00 0.00 0.00 0.00 0.00 0.50 1.00 0.75 0.00 0.00 0.00 0.00 0.00 0.35 1.00 0.61 0.00 0.00 0.00 0.00 
 0.00 0.00 0.00 0.00 0.00 0.50 1.00 0.82 0.03 0.00 0.00 0.00 0.08 0.85 0.85 0.08 0.00 0.00 0.00 0.00 
 0.00 0.00 0.00 0.00 0.00 0.28 0.91 1.00 0.74 0.24 0.13 0.19 0.77 0.80 0.14 0.00 0.00 0.00 0.00 0.00 
 0.00 0.00 0.00 0.00 0.00 0.00 0.06 0.47 0.80 0.99 0.99 0.80 0.42 0.03 0.00 0.00 0.00 0.00 0.00 0.00 
 