0.05 0.45 0.56 0.93 1.00 1.00 1.00 1.00 1.00 1.00 1.00 0.95 0.85 0.71 0.44 0.10 0.00 0.00 0.00 0.00 
 0.00 0.00 0.00 0.29 1.00 1.00 0.94 0.30 0.16 0.11 0.16 0.32 0.65 0.98 1.00 0.94 0.38 0.00 0.00 0.00 
 0.00 0.00 0.00 0.11 1.00 1.00 0.89 0.00 0.00 0.00 0.00 0.00 0.00 0.29 0.95 1.00 0.99 0.40 0.00 0.00 
 0.00 0.00 0.00 0.11 1.00 1.00 0.89 0.00 0.00 0.00 0.00 0.00 0.00 0.00 0.38 1.00 1.00 0.93 0.06 0.00 
 0.00 0.00 0.00 0.11 1.00 1.00 0.89 0.00 0.00 0.00 0.00 0.00 0.00 0.00 0.09 0.98 1.00 1.00 0.33 0.00 
 0.00 0.00 0.00 0.11 1.00 1.00 0.89 0.00 0.00 0.00 0.00 0.00 0.00 0.00 0.00 0.89 1.00 1.00 0.45 0.00 
 0.00 0.00 0.00 0.11 1.00 1.00 0.89 0.00 0.00 0.00 0.00 0.00 0.00 0.00 0.09 0.98 1.00 1.00 0.33 0.00 
 0.00 0.00 0.00 0.11 1.00 1.00 0.89 0.00 0.00 0.00 0.00 0.00 0.00 0.00 0.33 1.00 1.00 0.90 0.06 0.00 
 0.00 0.00 0.00 0.11 1.00 1.00 0.89 0.00 0.00 0.00 0.00 0.00 0.02 0.27 0.93 1.00 0.96 0.33 0.00 0.00 
 0.00 0.00 0.00 0.11 1.00 1.00 0.98 0.68 0.57 0.56 0.56 0.67 0.84 1.00 0.99 0.80 0.29 0.00 0.00 0.00 
 0.00 0.00 0.00 0.11 1.00 1.00 0.96 0.63 0.56 0.56 0.58 0.71 0.89 1.00 0.99 0.76 0.40 0.05 0.00 0.00 
 0.00 0.00 0.00 0.11 1.00 1.00 0.89 0.00 0.00 0.00 0.00 0.00 0.02 0.33 0.87 1.00 1.00 0.84 0.14 0.00 
 0.00 0.00 0.00 0.11 1.00 1.00 0.89 0.00 0.00 0.00 0.00 0.00 0.00 0.00 0.09 0.85 1.00 1.00 0.80 0.02 
 0.00 0.00 0.00 0.11 1.00 1.00 0.89 0.00 0.00 0.00 0.00 0.00 0.00 0.00 0.00 0.31 1.00 1.00 1.00 0.32 
 0.00 0.00 0.00 0.11 1.00 1.00 0.89 0.00 0.00 0.00 0.00 0.00 0.00 0.00 0.00 0.06 0.95 1.00 1.00 0.53 
 0.00 0.00 0.00 0.11 1.00 1.00 0.89 0.00 0.00 0.00 0.00 0.00 0.00 0.00 0.00 0.02 0.90 1.00 1.00 0.53 
 0.00 0.00 0.00 0.11 1.00 1.00 0.89 0.00 0.00 0.00 0.00 0.00 0.00 0.00 0.00 0.16 1.00 1.00 1.00 0.30 
 0.00 0.00 0.00 0.11 1.00 1.00 0.89 0.00 0.00 0.00 0.00 0.00 0.00 0.00 0.02 0.62 1.00 1.00 0.82 0.02 
 0.00 0.00 0.00 0.13 1.00 1.00 0.89 0.00 0.00 0.00 0.00 0.00 0.00 0.07 0.60 1.00 1.00 0.90 0.19 0.00 
 0.00 0.00 0.02 0.51 1.00 1.00 0.98 0.73 0.57 0.46 0.45 0.49 0.67 0.94 1.00 1.00 0.74 0.16 0.00 0.00 
 