0.00 0.00 0.90 1.00 1.00 1.00 1.00 0.70 0.00 0.00 0.00 0.00 0.00 0.00 0.00 0.00 0.00 0.00 0.00 0.00 
 0.00 0.00 0.90 1.00 1.00 1.00 1.00 0.70 0.00 0.00 0.00 0.00 0.00 0.00 0.00 0.00 0.00 0.00 0.00 0.00 
 0.00 0.00 0.90 1.00 1.00 1.00 1.00 0.70 0.00 0.00 0.00 0.00 0.00 0.00 0.00 0.00 0.00 0.00 0.00 0.00 
 0.00 0.00 0.90 1.00 1.00 1.00 1.00 0.70 0.00 0.00 0.00 0.00 0.00 0.00 0.00 0.00 0.00 0.00 0.00 0.00 
 0.00 0.00 0.90 1.00 1.00 1.00 1.00 0.70 0.00 0.00 0.00 0.00 0.00 0.00 0.00 0.00 0.00 0.00 0.00 0.00 
 0.00 0.00 0.90 1.00 1.00 1.00 1.00 0.70 0.02 0.30 0.64 0.79 0.78 0.62 0.26 0.01 0.00 0.00 0.00 0.00 
 0.00 0.00 0.90 1.00 1.00 1.00 1.00 0.77 0.72 1.00 1.00 1.00 1.00 1.00 1.00 0.66 0.04 0.00 0.00 0.00 
 0.00 0.00 0.90 1.00 1.00 1.00 1.00 1.00 1.00 1.00 1.00 1.00 1.00 1.00 1.00 1.00 0.67 0.01 0.00 0.00 
 0.00 0.00 0.90 1.00 1.00 1.00 1.00 1.00 1.00 1.00 1.00 1.00 1.00 1.00 1.00 1.00 1.00 0.30 0.00 0.00 
 0.00 0.00 0.90 1.00 1.00 1.00 1.00 1.00 0.92 0.51 0.44 0.82 1.00 1.00 1.00 1.00 1.00 0.68 0.00 0.00 
 0.00 0.00 0.90 1.00 1.00 1.00 1.00 0.97 0.20 0.00 0.00 0.08 0.91 1.00 1.00 1.00 1.00 0.89 0.00 0.00 
 0.00 0.00 0.90 1.00 1.00 1.00 1.00 0.78 0.00 0.00 0.00 0.00 0.61 1.00 1.00 1.00 1.00 0.96 0.06 0.00 
 0.00 0.00 0.90 1.00 1.00 1.00 1.00 0.70 0.00 0.00 0.00 0.00 0.50 1.00 1.00 1.00 1.00 1.00 0.10 0.00 
 0.00 0.00 0.90 1.00 1.00 1.00 1.00 0.71 0.00 0.00 0.00 0.00 0.54 1.00 1.00 1.00 1.00 0.97 0.07 0.00 
 0.00 0.00 0.90 1.00 1.00 1.00 1.00 0.87 0.01 0.00 0.00 0.00 0.74 1.00 1.00 1.00 1.00 0.89 0.00 0.00 
 0.00 0.00 0.90 1.00 1.00 1.00 1.00 1.00 0.51 0.03 0.01 0.34 0.99 1.00 1.00 1.00 1.00 0.72 0.00 0.00 
 0.00 0.00 0.90 1.00 1.00 1.00 1.00 1.00 1.00 0.89 0.85 1.00 1.00 1.00 1.00 1.00 1.00 0.38 0.00 0.00 
 0.00 0.00 0.90 1.00 1.00 1.00 1.00 0.98 1.00 1.00 1.00 1.00 1.00 1.00 1.00 1.00 0.83 0.02 0.00 0.00 
 0.00 0.00 0.90 1.00 1.00 1.00 1.00 0.50 0.93 1.00 1.00 1.00 1.00 1.00 1.00 0.92 0.20 0.00 0.00 0.00 
 0.00 0.00 0.90 1.00 1.00 1.00 1.00 0.30 0.17 0.76 1.00 1.00 1.00 0.99 0.73 0.16 0.00 0.00 0.00 0.00 
 