0.01 0.48 0.73 0.91 0.92 0.71 0.55 0.75 0.70 0.68 0.52 0.27 0.03 0.00 0.00 0.00 0.00 0.00 0.00 0.00 
 0.01 0.04 0.93 0.77 0.02 0.00 0.00 0.00 0.01 0.18 0.60 0.95 0.85 0.02 0.00 0.00 0.00 0.00 0.00 0.00 
 0.00 0.00 0.83 0.64 0.00 0.00 0.00 0.00 0.00 0.00 0.00 0.66 0.85 0.00 0.00 0.00 0.00 0.00 0.00 0.00 
 0.00 0.00 0.57 0.78 0.00 0.00 0.00 0.00 0.00 0.00 0.10 0.89 0.30 0.00 0.00 0.00 0.00 0.00 0.00 0.00 
 0.00 0.00 0.66 0.93 0.00 0.00 0.00 0.00 0.02 0.29 0.78 0.27 0.00 0.00 0.00 0.00 0.00 0.00 0.00 0.00 
 0.00 0.00 0.56 0.93 0.32 0.22 0.22 0.53 0.73 0.55 0.09 0.00 0.00 0.00 0.00 0.00 0.00 0.00 0.00 0.00 
 0.00 0.00 0.54 1.00 0.89 0.70 0.71 0.87 0.98 1.00 0.81 0.39 0.20 0.03 0.00 0.00 0.00 0.00 0.00 0.00 
 0.00 0.00 0.36 1.00 0.18 0.00 0.00 0.00 0.07 0.34 0.49 0.88 1.00 0.79 0.42 0.09 0.00 0.00 0.00 0.00 
 0.00 0.00 0.25 0.91 0.10 0.00 0.00 0.00 0.00 0.00 0.00 0.02 0.29 0.59 0.98 0.90 0.29 0.00 0.00 0.00 
 0.00 0.00 0.37 0.95 0.03 0.00 0.00 0.00 0.00 0.00 0.00 0.00 0.00 0.00 0.20 0.84 0.93 0.44 0.01 0.00 
 0.00 0.00 0.34 1.00 0.10 0.00 0.00 0.00 0.00 0.00 0.00 0.00 0.00 0.00 0.00 0.03 0.62 1.00 0.53 0.00 
 0.00 0.00 0.33 1.00 0.09 0.00 0.00 0.00 0.00 0.00 0.00 0.00 0.00 0.00 0.00 0.00 0.04 0.75 0.91 0.09 
 0.00 0.00 0.37 1.00 0.11 0.00 0.00 0.00 0.00 0.00 0.00 0.00 0.00 0.00 0.00 0.00 0.00 0.11 0.98 0.55 
 0.00 0.00 0.22 1.00 0.21 0.00 0.00 0.00 0.00 0.00 0.00 0.00 0.00 0.00 0.00 0.00 0.00 0.00 0.78 0.85 
 0.00 0.00 0.22 0.96 0.08 0.00 0.00 0.00 0.00 0.00 0.00 0.00 0.00 0.00 0.00 0.00 0.00 0.00 0.74 0.87 
 0.00 0.00 0.30 0.96 0.30 0.00 0.00 0.00 0.00 0.00 0.00 0.00 0.00 0.00 0.00 0.00 0.00 0.04 0.86 0.65 
 0.00 0.00 0.34 0.84 0.13 0.00 0.00 0.00 0.00 0.00 0.00 0.00 0.00 0.00 0.00 0.00 0.00 0.35 0.85 0.28 
 0.00 0.00 0.42 1.00 0.18 0.00 0.00 0.00 0.00 0.00 0.00 0.00 0.00 0.00 0.00 0.02 0.38 0.96 0.29 0.00 
 0.00 0.00 0.34 0.95 0.24 0.00 0.00 0.00 0.00 0.00 0.00 0.00 0.00 0.00 0.20 0.73 0.51 0.20 0.00 0.00 
 0.00 0.27 0.82 0.95 0.53 0.30 0.03 0.00 0.00 0.00 0.02 0.25 0.49 0.78 0.65 0.30 0.03 0.00 0.00 0.00 
 