0.00 0.00 0.00 0.00 0.00 0.00 0.00 0.83 1.00 1.00 0.87 0.00 0.00 0.00 0.00 0.00 0.00 0.00 0.00 0.00 
 0.00 0.00 0.00 0.00 0.00 0.00 0.10 0.99 1.00 1.00 0.69 0.00 0.00 0.00 0.00 0.00 0.00 0.00 0.00 0.00 
 0.00 0.00 0.00 0.00 0.00 0.00 0.22 1.00 1.00 1.00 0.48 0.00 0.00 0.00 0.00 0.00 0.00 0.00 0.00 0.00 
 0.00 0.00 0.00 0.00 0.00 0.00 0.42 1.00 1.00 1.00 0.30 0.00 0.00 0.00 0.00 0.00 0.00 0.00 0.00 0.00 
 0.00 0.00 0.00 0.00 0.00 0.00 0.63 1.00 1.00 0.98 0.11 0.00 0.00 0.00 0.00 0.00 0.00 0.00 0.00 0.00 
 0.00 0.00 0.00 0.00 0.00 0.00 0.83 1.00 1.00 0.84 0.00 0.02 0.16 0.31 0.30 0.14 0.00 0.00 0.00 0.00 
 0.00 0.00 0.00 0.00 0.00 0.10 0.99 1.00 1.00 0.52 0.25 0.79 1.00 1.00 1.00 0.99 0.64 0.05 0.00 0.00 
 0.00 0.00 0.00 0.00 0.00 0.22 1.00 1.00 0.99 0.56 0.99 1.00 1.00 1.00 1.00 1.00 1.00 0.65 0.00 0.00 
 0.00 0.00 0.00 0.00 0.00 0.42 1.00 1.00 0.98 0.98 1.00 0.99 0.84 0.85 1.00 1.00 1.00 0.98 0.15 0.00 
 0.00 0.00 0.00 0.00 0.00 0.63 1.00 1.00 1.00 1.00 0.94 0.35 0.00 0.03 0.73 1.00 1.00 1.00 0.40 0.00 
 0.00 0.00 0.00 0.00 0.00 0.83 1.00 1.00 1.00 0.96 0.27 0.00 0.00 0.00 0.38 1.00 1.00 1.00 0.53 0.00 
 0.00 0.00 0.00 0.00 0.10 0.99 1.00 1.00 1.00 0.47 0.00 0.00 0.00 0.00 0.33 1.00 1.00 1.00 0.55 0.00 
 0.00 0.00 0.00 0.00 0.22 1.00 1.00 1.00 0.83 0.03 0.00 0.00 0.00 0.00 0.41 1.00 1.00 1.00 0.45 0.00 
 0.00 0.00 0.00 0.00 0.42 1.00 1.00 1.00 0.42 0.00 0.00 0.00 0.00 0.00 0.55 1.00 1.00 1.00 0.33 0.00 
 0.00 0.00 0.00 0.00 0.63 1.00 1.00 0.96 0.10 0.00 0.00 0.00 0.00 0.02 0.79 1.00 1.00 0.98 0.13 0.00 
 0.00 0.00 0.00 0.00 0.83 1.00 1.00 0.87 0.00 0.00 0.00 0.00 0.00 0.19 1.00 1.00 1.00 0.83 0.00 0.00 
 0.00 0.00 0.00 0.10 0.99 1.00 1.00 0.69 0.00 0.00 0.00 0.00 0.02 0.65 1.00 1.00 1.00 0.46 0.00 0.00 
 0.00 0.00 0.00 0.22 1.00 1.00 1.00 0.48 0.00 0.00 0.00 0.02 0.47 1.00 1.00 1.00 0.87 0.05 0.00 0.00 
 0.00 0.00 0.00 0.42 1.00 1.00 1.00 0.60 0.25 0.22 0.30 0.69 1.00 1.00 1.00 0.96 0.27 0.00 0.00 0.00 
 0.00 0.00 0.00 0.62 1.00 1.00 1.00 1.00 1.00 1.00 1.00 1.00 1.00 1.00 0.96 0.35 0.00 0.00 0.00 0.00 
 