0.00 0.11 1.00 1.00 1.00 1.00 1.00 1.00 1.00 1.00 1.00 1.00 1.00 0.89 0.71 0.35 0.04 0.00 0.00 0.00 
 0.00 0.02 0.19 0.44 0.88 1.00 1.00 1.00 0.31 0.22 0.18 0.24 0.46 0.90 1.00 1.00 0.78 0.09 0.00 0.00 
 0.00 0.00 0.00 0.00 0.24 1.00 1.00 1.00 0.11 0.00 0.00 0.00 0.00 0.15 0.94 1.00 1.00 0.73 0.00 0.00 
 0.00 0.00 0.00 0.00 0.11 1.00 1.00 1.00 0.11 0.00 0.00 0.00 0.00 0.00 0.56 1.00 1.00 0.99 0.18 0.00 
 0.00 0.00 0.00 0.00 0.11 1.00 1.00 1.00 0.11 0.00 0.00 0.00 0.00 0.00 0.36 1.00 1.00 1.00 0.33 0.00 
 0.00 0.00 0.00 0.00 0.11 1.00 1.00 1.00 0.11 0.00 0.00 0.00 0.00 0.00 0.35 1.00 1.00 1.00 0.26 0.00 
 0.00 0.00 0.00 0.00 0.11 1.00 1.00 1.00 0.11 0.00 0.00 0.00 0.00 0.00 0.51 1.00 1.00 0.93 0.05 0.00 
 0.00 0.00 0.00 0.00 0.11 1.00 1.00 1.00 0.11 0.00 0.00 0.00 0.00 0.05 0.83 1.00 0.99 0.45 0.00 0.00 
 0.00 0.00 0.00 0.00 0.11 1.00 1.00 1.00 0.11 0.00 0.00 0.00 0.05 0.58 1.00 0.94 0.45 0.00 0.00 0.00 
 0.00 0.00 0.00 0.00 0.11 1.00 1.00 1.00 0.51 0.45 0.46 0.60 0.88 0.85 0.55 0.11 0.00 0.00 0.00 0.00 
 0.00 0.00 0.00 0.00 0.11 1.00 1.00 1.00 0.80 0.78 0.73 0.78 0.87 0.89 0.71 0.41 0.07 0.00 0.00 0.00 
 0.00 0.00 0.00 0.00 0.11 1.00 1.00 1.00 0.11 0.00 0.00 0.00 0.00 0.26 0.83 1.00 0.91 0.37 0.00 0.00 
 0.00 0.00 0.00 0.00 0.11 1.00 1.00 1.00 0.11 0.00 0.00 0.00 0.00 0.00 0.09 0.87 1.00 0.99 0.44 0.00 
 0.00 0.00 0.00 0.00 0.11 1.00 1.00 1.00 0.11 0.00 0.00 0.00 0.00 0.00 0.00 0.41 1.00 1.00 0.95 0.11 
 0.00 0.00 0.00 0.00 0.11 1.00 1.00 1.00 0.11 0.00 0.00 0.00 0.00 0.00 0.00 0.15 1.00 1.00 1.00 0.42 
 0.00 0.00 0.00 0.00 0.11 1.00 1.00 1.00 0.11 0.00 0.00 0.00 0.00 0.00 0.00 0.11 1.00 1.00 1.00 0.56 
 0.00 0.00 0.00 0.00 0.11 1.00 1.00 1.00 0.11 0.00 0.00 0.00 0.00 0.00 0.00 0.24 1.00 1.00 1.00 0.51 
 0.00 0.00 0.00 0.00 0.11 1.00 1.00 1.00 0.11 0.00 0.00 0.00 0.00 0.00 0.00 0.48 1.00 1.00 0.99 0.25 
 0.00 0.00 0.00 0.00 0.11 1.00 1.00 1.00 0.13 0.00 0.00 0.00 0.00 0.00 0.10 0.90 1.00 1.00 0.73 0.00 
 0.00 0.00 0.00 0.00 0.35 1.00 1.00 1.00 0.55 0.02 0.00 0.00 0.00 0.16 0.79 1.00 1.00 0.83 0.11 0.00 
 