0.00 0.00 0.50 1.00 1.00 1.00 1.00 1.00 1.00 1.00 1.00 0.91 0.74 0.43 0.05 0.00 0.00 0.00 0.00 0.00 
 0.00 0.00 0.50 1.00 1.00 1.00 1.00 1.00 1.00 1.00 1.00 1.00 1.00 1.00 0.84 0.14 0.00 0.00 0.00 0.00 
 0.00 0.00 0.50 1.00 1.00 0.52 0.40 0.40 0.40 0.40 0.44 0.56 0.84 1.00 1.00 0.79 0.01 0.00 0.00 0.00 
 0.00 0.00 0.50 1.00 1.00 0.20 0.00 0.00 0.00 0.00 0.00 0.00 0.03 0.72 1.00 1.00 0.30 0.00 0.00 0.00 
 0.00 0.00 0.50 1.00 1.00 0.20 0.00 0.00 0.00 0.00 0.00 0.00 0.00 0.23 1.00 1.00 0.55 0.00 0.00 0.00 
 0.00 0.00 0.50 1.00 1.00 0.20 0.00 0.00 0.00 0.00 0.00 0.00 0.00 0.11 1.00 1.00 0.58 0.00 0.00 0.00 
 0.00 0.00 0.50 1.00 1.00 0.20 0.00 0.00 0.00 0.00 0.00 0.00 0.00 0.29 1.00 1.00 0.38 0.00 0.00 0.00 
 0.00 0.00 0.50 1.00 1.00 0.20 0.00 0.00 0.00 0.00 0.00 0.00 0.13 0.82 1.00 0.85 0.04 0.00 0.00 0.00 
 0.00 0.00 0.50 1.00 1.00 0.68 0.60 0.60 0.60 0.60 0.62 0.75 0.97 1.00 0.87 0.15 0.00 0.00 0.00 0.00 
 0.00 0.00 0.50 1.00 1.00 1.00 1.00 1.00 1.00 1.00 1.00 1.00 1.00 0.96 0.38 0.02 0.00 0.00 0.00 0.00 
 0.00 0.00 0.50 1.00 1.00 0.84 0.80 0.80 0.80 0.80 0.81 0.90 0.97 1.00 1.00 0.76 0.10 0.00 0.00 0.00 
 0.00 0.00 0.50 1.00 1.00 0.20 0.00 0.00 0.00 0.00 0.00 0.00 0.12 0.62 1.00 1.00 0.75 0.01 0.00 0.00 
 0.00 0.00 0.50 1.00 1.00 0.20 0.00 0.00 0.00 0.00 0.00 0.00 0.00 0.01 0.63 1.00 1.00 0.30 0.00 0.00 
 0.00 0.00 0.50 1.00 1.00 0.20 0.00 0.00 0.00 0.00 0.00 0.00 0.00 0.00 0.19 1.00 1.00 0.55 0.00 0.00 
 0.00 0.00 0.50 1.00 1.00 0.20 0.00 0.00 0.00 0.00 0.00 0.00 0.00 0.00 0.11 1.00 1.00 0.60 0.00 0.00 
 0.00 0.00 0.50 1.00 1.00 0.20 0.00 0.00 0.00 0.00 0.00 0.00 0.00 0.00 0.34 1.00 1.00 0.46 0.00 0.00 
 0.00 0.00 0.50 1.00 1.00 0.20 0.00 0.00 0.00 0.00 0.00 0.00 0.00 0.09 0.84 1.00 0.98 0.17 0.00 0.00 
 0.00 0.00 0.50 1.00 1.00 0.44 0.30 0.30 0.30 0.30 0.30 0.34 0.53 0.91 1.00 1.00 0.65 0.00 0.00 0.00 
 0.00 0.00 0.50 1.00 1.00 1.00 1.00 1.00 1.00 1.00 1.00 1.00 1.00 1.00 1.00 0.74 0.06 0.00 0.00 0.00 
 0.00 0.00 0.50 1.00 1.00 1.00 1.00 1.00 1.00 1.00 1.00 1.00 0.93 0.72 0.37 0.01 0.00 0.00 0.00 0.00 
 