0.00 0.00 0.00 0.00 0.00 0.00 0.00 0.61 1.00 0.84 0.00 0.00 0.00 0.00 0.00 0.00 0.00 0.00 0.00 0.00 
 0.00 0.00 0.00 0.00 0.00 0.00 0.00 0.81 1.00 0.63 0.00 0.00 0.00 0.00 0.00 0.00 0.00 0.00 0.00 0.00 
 0.00 0.00 0.00 0.00 0.00 0.00 0.09 0.99 1.00 0.43 0.00 0.00 0.00 0.00 0.00 0.00 0.00 0.00 0.00 0.00 
 0.00 0.00 0.00 0.00 0.00 0.00 0.23 1.00 1.00 0.21 0.00 0.00 0.00 0.00 0.00 0.00 0.00 0.00 0.00 0.00 
 0.00 0.00 0.00 0.00 0.00 0.00 0.45 1.00 0.93 0.03 0.00 0.00 0.00 0.00 0.00 0.00 0.00 0.00 0.00 0.00 
 0.00 0.00 0.00 0.00 0.00 0.00 0.66 1.00 0.79 0.02 0.35 0.69 0.80 0.67 0.30 0.01 0.00 0.00 0.00 0.00 
 0.00 0.00 0.00 0.00 0.00 0.01 0.86 1.00 0.69 0.74 1.00 1.00 1.00 1.00 1.00 0.54 0.00 0.00 0.00 0.00 
 0.00 0.00 0.00 0.00 0.00 0.11 1.00 1.00 1.00 0.88 0.37 0.12 0.24 0.76 1.00 0.99 0.30 0.00 0.00 0.00 
 0.00 0.00 0.00 0.00 0.00 0.28 1.00 1.00 0.88 0.10 0.00 0.00 0.00 0.05 0.87 1.00 0.74 0.00 0.00 0.00 
 0.00 0.00 0.00 0.00 0.00 0.49 1.00 0.99 0.31 0.00 0.00 0.00 0.00 0.00 0.49 1.00 0.90 0.00 0.00 0.00 
 0.00 0.00 0.00 0.00 0.00 0.69 1.00 0.81 0.00 0.00 0.00 0.00 0.00 0.00 0.32 1.00 0.99 0.09 0.00 0.00 
 0.00 0.00 0.00 0.00 0.03 0.91 1.00 0.47 0.00 0.00 0.00 0.00 0.00 0.00 0.31 1.00 1.00 0.10 0.00 0.00 
 0.00 0.00 0.00 0.00 0.13 1.00 0.98 0.14 0.00 0.00 0.00 0.00 0.00 0.00 0.44 1.00 0.93 0.03 0.00 0.00 
 0.00 0.00 0.00 0.00 0.32 1.00 0.90 0.00 0.00 0.00 0.00 0.00 0.00 0.00 0.64 1.00 0.86 0.00 0.00 0.00 
 0.00 0.00 0.00 0.00 0.53 1.00 0.90 0.00 0.00 0.00 0.00 0.00 0.00 0.04 0.91 1.00 0.61 0.00 0.00 0.00 
 0.00 0.00 0.00 0.00 0.75 1.00 0.90 0.00 0.00 0.00 0.00 0.00 0.00 0.32 1.00 0.99 0.25 0.00 0.00 0.00 
 0.00 0.00 0.00 0.05 0.95 1.00 0.99 0.18 0.00 0.00 0.00 0.00 0.04 0.82 1.00 0.76 0.00 0.00 0.00 0.00 
 0.00 0.00 0.00 0.16 1.00 0.94 0.87 0.73 0.05 0.00 0.00 0.06 0.65 1.00 0.94 0.18 0.00 0.00 0.00 0.00 
 0.00 0.00 0.00 0.37 1.00 0.80 0.36 1.00 0.85 0.54 0.56 0.88 1.00 0.95 0.28 0.00 0.00 0.00 0.00 0.00 
 0.00 0.00 0.00 0.57 1.00 0.58 0.01 0.48 0.98 1.00 1.00 1.00 0.79 0.21 0.00 0.00 0.00 0.00 0.00 0.00 
 