0.00 0.00 0.08 0.65 0.94 1.00 1.00 1.00 1.00 0.15 0.00 0.00 0.00 0.00 0.00 0.00 0.00 0.00 0.00 0.00 
 0.00 0.00 0.00 0.00 0.43 1.00 1.00 1.00 1.00 0.15 0.00 0.00 0.00 0.00 0.00 0.00 0.00 0.00 0.00 0.00 
 0.00 0.00 0.00 0.00 0.29 1.00 1.00 1.00 1.00 0.15 0.00 0.00 0.00 0.00 0.00 0.00 0.00 0.00 0.00 0.00 
 0.00 0.00 0.00 0.00 0.29 1.00 1.00 1.00 1.00 0.15 0.00 0.00 0.00 0.00 0.00 0.00 0.00 0.00 0.00 0.00 
 0.00 0.00 0.00 0.00 0.29 1.00 1.00 1.00 1.00 0.15 0.00 0.00 0.00 0.00 0.00 0.00 0.00 0.00 0.00 0.00 
 0.00 0.00 0.00 0.00 0.29 1.00 1.00 1.00 1.00 0.15 0.00 0.00 0.00 0.00 0.00 0.00 0.00 0.00 0.00 0.00 
 0.00 0.00 0.00 0.00 0.29 1.00 1.00 1.00 1.00 0.15 0.16 0.57 0.82 0.84 0.64 0.25 0.00 0.00 0.00 0.00 
 0.00 0.00 0.00 0.00 0.29 1.00 1.00 1.00 1.00 0.47 0.92 0.86 0.94 1.00 1.00 0.98 0.49 0.00 0.00 0.00 
 0.00 0.00 0.00 0.00 0.29 1.00 1.00 1.00 1.00 0.86 0.27 0.00 0.16 0.88 1.00 1.00 0.98 0.37 0.00 0.00 
 0.00 0.00 0.00 0.00 0.29 1.00 1.00 1.00 1.00 0.23 0.00 0.00 0.00 0.37 1.00 1.00 1.00 0.88 0.04 0.00 
 0.00 0.00 0.00 0.00 0.29 1.00 1.00 1.00 1.00 0.15 0.00 0.00 0.00 0.15 1.00 1.00 1.00 1.00 0.33 0.00 
 0.00 0.00 0.00 0.00 0.29 1.00 1.00 1.00 1.00 0.15 0.00 0.00 0.00 0.11 0.96 1.00 1.00 1.00 0.55 0.00 
 0.00 0.00 0.00 0.00 0.29 1.00 1.00 1.00 1.00 0.15 0.00 0.00 0.00 0.00 0.86 1.00 1.00 1.00 0.69 0.00 
 0.00 0.00 0.00 0.00 0.29 1.00 1.00 1.00 1.00 0.15 0.00 0.00 0.00 0.00 0.86 1.00 1.00 1.00 0.72 0.00 
 0.00 0.00 0.00 0.00 0.29 1.00 1.00 1.00 1.00 0.15 0.00 0.00 0.00 0.00 0.86 1.00 1.00 1.00 0.65 0.00 
 0.00 0.00 0.00 0.00 0.29 1.00 1.00 1.00 1.00 0.15 0.00 0.00 0.00 0.02 0.88 1.00 1.00 1.00 0.51 0.00 
 0.00 0.00 0.00 0.00 0.29 1.00 1.00 1.00 1.00 0.15 0.00 0.00 0.00 0.15 1.00 1.00 1.00 0.98 0.23 0.00 
 0.00 0.00 0.00 0.00 0.29 1.00 1.00 1.00 1.00 0.15 0.00 0.00 0.00 0.15 1.00 1.00 1.00 0.80 0.00 0.00 
 0.00 0.00 0.00 0.00 0.29 1.00 1.00 1.00 1.00 0.25 0.00 0.00 0.00 0.29 1.00 1.00 0.98 0.31 0.00 0.00 
 0.00 0.00 0.00 0.00 0.29 1.00 1.00 1.00 1.00 0.59 0.00 0.00 0.02 0.69 1.00 1.00 0.55 0.00 0.00 0.00 
 