0.00 0.35 0.77 0.95 1.00 1.00 0.97 0.77 0.70 0.70 0.70 0.71 0.77 0.73 0.49 0.11 0.00 0.00 0.00 0.00 
 0.00 0.00 0.00 0.17 0.97 1.00 0.30 0.00 0.00 0.00 0.00 0.00 0.00 0.14 0.68 0.94 0.35 0.00 0.00 0.00 
 0.00 0.00 0.00 0.00 0.81 0.91 0.01 0.00 0.00 0.00 0.00 0.00 0.00 0.00 0.02 0.71 0.98 0.23 0.00 0.00 
 0.00 0.00 0.00 0.00 0.80 0.90 0.00 0.00 0.00 0.00 0.00 0.00 0.00 0.00 0.00 0.20 1.00 0.67 0.00 0.00 
 0.00 0.00 0.00 0.00 0.80 0.90 0.00 0.00 0.00 0.00 0.00 0.00 0.00 0.00 0.00 0.10 1.00 0.80 0.00 0.00 
 0.00 0.00 0.00 0.00 0.80 0.90 0.00 0.00 0.00 0.00 0.00 0.00 0.00 0.00 0.00 0.15 1.00 0.75 0.00 0.00 
 0.00 0.00 0.00 0.00 0.80 0.90 0.00 0.00 0.00 0.00 0.00 0.00 0.00 0.00 0.00 0.55 1.00 0.43 0.00 0.00 
 0.00 0.00 0.00 0.00 0.80 0.90 0.00 0.00 0.00 0.00 0.00 0.00 0.00 0.00 0.31 0.99 0.68 0.01 0.00 0.00 
 0.00 0.00 0.00 0.00 0.80 0.90 0.00 0.00 0.00 0.00 0.00 0.01 0.14 0.52 0.83 0.42 0.01 0.00 0.00 0.00 
 0.00 0.00 0.00 0.00 0.80 0.97 0.70 0.70 0.70 0.70 0.70 0.71 0.86 0.88 0.51 0.17 0.00 0.00 0.00 0.00 
 0.00 0.00 0.00 0.00 0.80 0.90 0.00 0.00 0.00 0.00 0.00 0.00 0.00 0.11 0.58 0.97 0.64 0.07 0.00 0.00 
 0.00 0.00 0.00 0.00 0.80 0.90 0.00 0.00 0.00 0.00 0.00 0.00 0.00 0.00 0.00 0.37 0.99 0.74 0.01 0.00 
 0.00 0.00 0.00 0.00 0.80 0.90 0.00 0.00 0.00 0.00 0.00 0.00 0.00 0.00 0.00 0.00 0.62 1.00 0.34 0.00 
 0.00 0.00 0.00 0.00 0.80 0.90 0.00 0.00 0.00 0.00 0.00 0.00 0.00 0.00 0.00 0.00 0.23 1.00 0.64 0.00 
 0.00 0.00 0.00 0.00 0.80 0.90 0.00 0.00 0.00 0.00 0.00 0.00 0.00 0.00 0.00 0.00 0.10 1.00 0.70 0.00 
 0.00 0.00 0.00 0.00 0.80 0.90 0.00 0.00 0.00 0.00 0.00 0.00 0.00 0.00 0.00 0.00 0.15 1.00 0.67 0.00 
 0.00 0.00 0.00 0.00 0.80 0.90 0.00 0.00 0.00 0.00 0.00 0.00 0.00 0.00 0.00 0.00 0.46 1.00 0.39 0.00 
 0.00 0.00 0.00 0.00 0.80 0.90 0.00 0.00 0.00 0.00 0.00 0.00 0.00 0.00 0.00 0.17 0.93 0.80 0.02 0.00 
 0.00 0.00 0.00 0.06 0.92 0.98 0.16 0.00 0.00 0.00 0.00 0.00 0.00 0.01 0.28 0.90 0.79 0.10 0.00 0.00 
 0.00 0.25 0.55 0.82 1.00 1.00 0.88 0.55 0.50 0.50 0.50 0.50 0.58 0.81 0.80 0.43 0.02 0.00 0.00 0.00 
 