0.00 0.00 0.11 1.00 1.00 1.00 1.00 1.00 1.00 1.00 1.00 1.00 0.89 0.71 0.38 0.04 0.00 0.00 0.00 0.00 
 0.00 0.00 0.11 1.00 1.00 1.00 1.00 1.00 1.00 1.00 1.00 1.00 1.00 1.00 1.00 0.80 0.13 0.00 0.00 0.00 
 0.00 0.00 0.11 1.00 1.00 1.00 1.00 1.00 1.00 1.00 1.00 1.00 1.00 1.00 1.00 1.00 0.73 0.00 0.00 0.00 
 0.00 0.00 0.11 1.00 1.00 1.00 0.71 0.33 0.33 0.33 0.33 0.38 0.65 0.99 1.00 1.00 0.99 0.19 0.00 0.00 
 0.00 0.00 0.11 1.00 1.00 1.00 0.56 0.00 0.00 0.00 0.00 0.00 0.00 0.57 1.00 1.00 1.00 0.40 0.00 0.00 
 0.00 0.00 0.11 1.00 1.00 1.00 0.56 0.00 0.00 0.00 0.00 0.00 0.00 0.26 1.00 1.00 1.00 0.45 0.00 0.00 
 0.00 0.00 0.11 1.00 1.00 1.00 0.56 0.00 0.00 0.00 0.00 0.00 0.00 0.26 1.00 1.00 1.00 0.36 0.00 0.00 
 0.00 0.00 0.11 1.00 1.00 1.00 0.56 0.00 0.00 0.00 0.00 0.00 0.02 0.60 1.00 1.00 0.96 0.11 0.00 0.00 
 0.00 0.00 0.11 1.00 1.00 1.00 0.71 0.33 0.33 0.33 0.33 0.37 0.67 1.00 1.00 1.00 0.60 0.00 0.00 0.00 
 0.00 0.00 0.11 1.00 1.00 1.00 1.00 1.00 1.00 1.00 1.00 1.00 1.00 1.00 0.95 0.58 0.04 0.00 0.00 0.00 
 0.00 0.00 0.11 1.00 1.00 1.00 1.00 1.00 1.00 1.00 1.00 1.00 1.00 1.00 0.80 0.44 0.06 0.00 0.00 0.00 
 0.00 0.00 0.11 1.00 1.00 1.00 0.95 0.89 0.89 0.89 0.89 0.89 0.99 1.00 1.00 1.00 0.85 0.14 0.00 0.00 
 0.00 0.00 0.11 1.00 1.00 1.00 0.56 0.00 0.00 0.00 0.00 0.00 0.15 0.52 0.98 1.00 1.00 0.77 0.00 0.00 
 0.00 0.00 0.11 1.00 1.00 1.00 0.56 0.00 0.00 0.00 0.00 0.00 0.00 0.00 0.56 1.00 1.00 0.99 0.20 0.00 
 0.00 0.00 0.11 1.00 1.00 1.00 0.56 0.00 0.00 0.00 0.00 0.00 0.00 0.00 0.26 1.00 1.00 1.00 0.40 0.00 
 0.00 0.00 0.11 1.00 1.00 1.00 0.56 0.00 0.00 0.00 0.00 0.00 0.00 0.00 0.25 1.00 1.00 1.00 0.45 0.00 
 0.00 0.00 0.11 1.00 1.00 1.00 0.56 0.00 0.00 0.00 0.00 0.00 0.00 0.00 0.51 1.00 1.00 1.00 0.36 0.00 
 0.00 0.00 0.11 1.00 1.00 1.00 0.56 0.00 0.00 0.00 0.00 0.00 0.09 0.37 0.96 1.00 1.00 0.98 0.14 0.00 
 0.00 0.00 0.11 1.00 1.00 1.00 0.95 0.89 0.89 0.89 0.89 0.89 0.98 1.00 1.00 1.00 1.00 0.68 0.00 0.00 
 0.00 0.00 0.11 1.00 1.00 1.00 1.00 1.00 1.00 1.00 1.00 1.00 1.00 1.00 1.00 1.00 0.87 0.11 0.00 0.00 
 