-1.00 -1.00 -1.00 -1.00 -0.95 -0.67 -0.30 0.17 0.68 -0.99 -1.00 -1.00 -1.00 -1.00 -1.00 -1.00 -1.00 -1.00 -1.00 -1.00 
 -1.00 -1.00 -1.00 -1.00 -0.00 0.55 0.93 1.00 0.64 -1.00 -1.00 -1.00 -1.00 -1.00 -1.00 -1.00 -1.00 -1.00 -1.00 -1.00 
 -1.00 -1.00 -1.00 -1.00 -1.00 -1.00 0.35 1.00 0.30 -1.00 -1.00 -1.00 -1.00 -1.00 -1.00 -1.00 -1.00 -1.00 -1.00 -1.00 
 -1.00 -1.00 -1.00 -1.00 -1.00 -1.00 0.61 1.00 -0.03 -1.00 -1.00 -1.00 -1.00 -1.00 -1.00 -1.00 -1.00 -1.00 -1.00 -1.00 
 -1.00 -1.00 -1.00 -1.00 -1.00 -0.98 0.92 1.00 -0.36 -1.00 -1.00 -1.00 -1.00 -1.00 -1.00 -1.00 -1.00 -1.00 -1.00 -1.00 
 -1.00 -1.00 -1.00 -1.00 -1.00 -0.73 1.00 1.00 -0.69 -1.00 -1.00 -1.00 -1.00 -1.00 -1.00 -1.00 -1.00 -1.00 -1.00 -1.00 
 -1.00 -1.00 -1.00 -1.00 -1.00 -0.39 1.00 0.95 -0.97 -1.00 -1.00 -1.00 -0.97 -0.99 -1.00 -1.00 -1.00 -1.00 -1.00 -1.00 
 -1.00 -1.00 -1.00 -1.00 -1.00 -0.06 1.00 0.63 -1.00 -0.76 0.18 0.78 1.00 0.91 0.32 -0.76 -1.00 -1.00 -1.00 -1.00 
 -1.00 -1.00 -1.00 -1.00 -1.00 0.28 1.00 0.30 -0.48 0.86 0.65 0.54 0.90 1.00 1.00 0.77 -0.85 -1.00 -1.00 -1.00 
 -1.00 -1.00 -1.00 -1.00 -1.00 0.62 1.00 0.60 0.33 -0.73 -1.00 -1.00 -0.89 0.40 1.00 1.00 -0.00 -1.00 -1.00 -1.00 
 -1.00 -1.00 -1.00 -1.00 -0.98 0.93 1.00 0.29 -0.98 -1.00 -1.00 -1.00 -1.00 -0.84 0.95 1.00 0.48 -1.00 -1.00 -1.00 
 -1.00 -1.00 -1.00 -1.00 -0.72 1.00 1.00 -0.69 -1.00 -1.00 -1.00 -1.00 -1.00 -1.00 0.59 1.00 0.58 -1.00 -1.00 -1.00 
 -1.00 -1.00 -1.00 -1.00 -0.39 1.00 0.94 -0.98 -1.00 -1.00 -1.00 -1.00 -1.00 -1.00 0.51 1.00 0.35 -1.00 -1.00 -1.00 
 -1.00 -1.00 -1.00 -1.00 -0.05 1.00 0.63 -1.00 -1.00 -1.00 -1.00 -1.00 -1.00 -1.00 0.72 1.00 -0.17 -1.00 -1.00 -1.00 
 -1.00 -1.00 -1.00 -1.00 0.29 1.00 0.29 -1.00 -1.00 -1.00 -1.00 -1.00 -1.00 -0.80 0.99 0.91 -0.86 -1.00 -1.00 -1.00 
 -1.00 -1.00 -1.00 -1.00 0.62 1.00 -0.04 -1.00 -1.00 -1.00 -1.00 -1.00 -1.00 -0.07 1.00 -0.04 -1.00 -1.00 -1.00 -1.00 
 -1.00 -1.00 -1.00 -0.97 0.94 1.00 -0.37 -1.00 -1.00 -1.00 -1.00 -1.00 -0.80 0.86 0.49 -0.96 -1.00 -1.00 -1.00 -1.00 
 -1.00 -1.00 -1.00 -0.65 1.00 1.00 -0.19 -1.00 -1.00 -1.00 -1.00 -0.80 0.61 0.23 -0.91 -1.00 -1.00 -1.00 -1.00 -1.00 
 -1.00 -1.00 -1.00 -0.19 1.00 1.00 1.00 0.51 -0.08 -0.25 0.10 0.59 -0.47 -1.00 -1.00 -1.00 -1.00 -1.00 -1.00 -1.00 
 -1.00 -1.00 -1.00 0.21 -0.23 -0.14 0.67 0.98 1.00 0.81 0.05 -0.91 -1.00 -1.00 -1.00 -1.00 -1.00 -1.00 -1.00 -1.00 
 