-1.00 -1.00 -1.00 -1.00 -0.98 -0.57 -0.01 0.55 0.98 -0.47 -1.00 -1.00 -1.00 -1.00 -1.00 -1.00 -1.00 -1.00 -1.00 -1.00 
 -1.00 -1.00 -1.00 -1.00 -0.48 0.71 0.78 1.00 1.00 -0.80 -1.00 -1.00 -1.00 -1.00 -1.00 -1.00 -1.00 -1.00 -1.00 -1.00 
 -1.00 -1.00 -1.00 -1.00 -1.00 -1.00 -0.30 1.00 0.87 -0.99 -1.00 -1.00 -1.00 -1.00 -1.00 -1.00 -1.00 -1.00 -1.00 -1.00 
 -1.00 -1.00 -1.00 -1.00 -1.00 -1.00 0.04 1.00 0.53 -1.00 -1.00 -1.00 -1.00 -1.00 -1.00 -1.00 -1.00 -1.00 -1.00 -1.00 
 -1.00 -1.00 -1.00 -1.00 -1.00 -1.00 0.37 1.00 0.20 -1.00 -1.00 -1.00 -1.00 -1.00 -1.00 -1.00 -1.00 -1.00 -1.00 -1.00 
 -1.00 -1.00 -1.00 -1.00 -1.00 -1.00 0.70 1.00 -0.14 -1.00 -1.00 -1.00 -1.00 -1.00 -1.00 -1.00 -1.00 -1.00 -1.00 -1.00 
 -1.00 -1.00 -1.00 -1.00 -1.00 -0.94 0.98 1.00 -0.47 -0.99 -0.75 -0.48 -0.50 -0.85 -1.00 -1.00 -1.00 -1.00 -1.00 -1.00 
 -1.00 -1.00 -1.00 -1.00 -1.00 -0.62 1.00 1.00 0.18 0.74 1.00 1.00 1.00 0.97 0.19 -0.94 -1.00 -1.00 -1.00 -1.00 
 -1.00 -1.00 -1.00 -1.00 -1.00 -0.29 1.00 0.91 -0.07 -0.48 -0.62 -0.36 0.48 1.00 1.00 0.25 -1.00 -1.00 -1.00 -1.00 
 -1.00 -1.00 -1.00 -1.00 -1.00 0.04 1.00 0.52 -1.00 -1.00 -1.00 -1.00 -0.98 0.45 1.00 0.99 -0.72 -1.00 -1.00 -1.00 
 -1.00 -1.00 -1.00 -1.00 -1.00 0.38 1.00 0.19 -1.00 -1.00 -1.00 -1.00 -1.00 -0.46 1.00 1.00 -0.22 -1.00 -1.00 -1.00 
 -1.00 -1.00 -1.00 -1.00 -1.00 0.71 1.00 -0.15 -1.00 -1.00 -1.00 -1.00 -1.00 -0.80 1.00 1.00 -0.07 -1.00 -1.00 -1.00 
 -1.00 -1.00 -1.00 -1.00 -0.93 0.98 1.00 -0.47 -1.00 -1.00 -1.00 -1.00 -1.00 -0.80 1.00 1.00 -0.18 -1.00 -1.00 -1.00 
 -1.00 -1.00 -1.00 -1.00 -0.62 1.00 1.00 -0.81 -1.00 -1.00 -1.00 -1.00 -1.00 -0.56 1.00 1.00 -0.51 -1.00 -1.00 -1.00 
 -1.00 -1.00 -1.00 -1.00 -0.29 1.00 0.85 -0.99 -1.00 -1.00 -1.00 -1.00 -1.00 -0.14 1.00 0.91 -0.94 -1.00 -1.00 -1.00 
 -1.00 -1.00 -1.00 -1.00 0.05 1.00 0.52 -1.00 -1.00 -1.00 -1.00 -1.00 -1.00 0.51 1.00 0.22 -1.00 -1.00 -1.00 -1.00 
 -1.00 -1.00 -1.00 -1.00 0.38 1.00 0.18 -1.00 -1.00 -1.00 -1.00 -1.00 -0.50 1.00 0.91 -0.76 -1.00 -1.00 -1.00 -1.00 
 -1.00 -1.00 -1.00 -1.00 0.72 1.00 -0.15 -1.00 -1.00 -1.00 -1.00 -0.68 0.80 0.98 -0.33 -1.00 -1.00 -1.00 -1.00 -1.00 
 -1.00 -1.00 -1.00 -0.93 0.98 1.00 -0.36 -0.87 -0.80 -0.51 0.11 0.92 0.83 -0.40 -1.00 -1.00 -1.00 -1.00 -1.00 -1.00 
 -1.00 -1.00 -1.00 -0.62 1.00 1.00 1.00 1.00 1.00 0.96 0.56 -0.11 -0.88 -1.00 -1.00 -1.00 -1.00 -1.00 -1.00 -1.00 
 