-1.00 -1.00 -1.00 -1.00 -1.00 -0.98 -0.61 -0.04 0.58 -0.60 -1.00 -1.00 -1.00 -1.00 -1.00 -1.00 -1.00 -1.00 -1.00 -1.00 
 -1.00 -1.00 -1.00 -1.00 -0.66 0.36 0.97 1.00 0.99 -0.91 -1.00 -1.00 -1.00 -1.00 -1.00 -1.00 -1.00 -1.00 -1.00 -1.00 
 -1.00 -1.00 -1.00 -1.00 -1.00 -1.00 0.33 1.00 0.75 -1.00 -1.00 -1.00 -1.00 -1.00 -1.00 -1.00 -1.00 -1.00 -1.00 -1.00 
 -1.00 -1.00 -1.00 -1.00 -1.00 -1.00 0.51 1.00 0.41 -1.00 -1.00 -1.00 -1.00 -1.00 -1.00 -1.00 -1.00 -1.00 -1.00 -1.00 
 -1.00 -1.00 -1.00 -1.00 -1.00 -0.99 0.84 1.00 0.07 -1.00 -1.00 -1.00 -1.00 -1.00 -1.00 -1.00 -1.00 -1.00 -1.00 -1.00 
 -1.00 -1.00 -1.00 -1.00 -1.00 -0.83 1.00 1.00 -0.25 -1.00 -1.00 -1.00 -1.00 -1.00 -1.00 -1.00 -1.00 -1.00 -1.00 -1.00 
 -1.00 -1.00 -1.00 -1.00 -1.00 -0.49 1.00 1.00 -0.59 -1.00 -0.64 -0.13 -0.03 -0.40 -0.97 -1.00 -1.00 -1.00 -1.00 -1.00 
 -1.00 -1.00 -1.00 -1.00 -1.00 -0.16 1.00 0.98 -0.74 0.40 1.00 1.00 1.00 1.00 0.58 -0.84 -1.00 -1.00 -1.00 -1.00 
 -1.00 -1.00 -1.00 -1.00 -1.00 0.18 1.00 0.83 0.61 0.18 -0.26 -0.10 0.77 1.00 1.00 0.38 -1.00 -1.00 -1.00 -1.00 
 -1.00 -1.00 -1.00 -1.00 -1.00 0.51 1.00 0.87 -0.64 -1.00 -1.00 -1.00 -0.77 0.88 1.00 1.00 -0.73 -1.00 -1.00 -1.00 
 -1.00 -1.00 -1.00 -1.00 -0.99 0.84 1.00 0.11 -1.00 -1.00 -1.00 -1.00 -1.00 0.15 1.00 1.00 -0.29 -1.00 -1.00 -1.00 
 -1.00 -1.00 -1.00 -1.00 -0.82 1.00 1.00 -0.26 -1.00 -1.00 -1.00 -1.00 -1.00 -0.25 1.00 1.00 -0.16 -1.00 -1.00 -1.00 
 -1.00 -1.00 -1.00 -1.00 -0.49 1.00 1.00 -0.60 -1.00 -1.00 -1.00 -1.00 -1.00 -0.33 1.00 1.00 -0.29 -1.00 -1.00 -1.00 
 -1.00 -1.00 -1.00 -1.00 -0.15 1.00 0.98 -0.91 -1.00 -1.00 -1.00 -1.00 -1.00 -0.21 1.00 1.00 -0.66 -1.00 -1.00 -1.00 
 -1.00 -1.00 -1.00 -1.00 0.18 1.00 0.73 -1.00 -1.00 -1.00 -1.00 -1.00 -1.00 0.11 1.00 0.72 -0.99 -1.00 -1.00 -1.00 
 -1.00 -1.00 -1.00 -1.00 0.51 1.00 0.40 -1.00 -1.00 -1.00 -1.00 -1.00 -1.00 0.61 1.00 -0.16 -1.00 -1.00 -1.00 -1.00 
 -1.00 -1.00 -1.00 -0.99 0.85 1.00 0.07 -1.00 -1.00 -1.00 -1.00 -1.00 -0.62 1.00 0.62 -0.96 -1.00 -1.00 -1.00 -1.00 
 -1.00 -1.00 -1.00 -0.81 1.00 1.00 -0.27 -1.00 -1.00 -1.00 -1.00 -0.96 0.53 0.80 -0.73 -1.00 -1.00 -1.00 -1.00 -1.00 
 -1.00 -1.00 -1.00 -0.66 1.00 1.00 0.21 -0.95 -1.00 -1.00 -0.80 0.40 0.63 -0.73 -1.00 -1.00 -1.00 -1.00 -1.00 -1.00 
 -1.00 -1.00 -1.00 -1.00 -0.40 0.51 0.97 0.87 0.53 0.59 0.62 -0.15 -0.95 -1.00 -1.00 -1.00 -1.00 -1.00 -1.00 -1.00 
 