-1.00 -1.00 -1.00 -0.18 0.95 1.00 1.00 0.95 -0.48 -1.00 -1.00 -1.00 -1.00 -1.00 -1.00 -1.00 -1.00 -1.00 -1.00 -1.00 
 -1.00 -1.00 -1.00 0.11 0.98 0.98 1.00 1.00 -0.45 -1.00 -1.00 -1.00 -1.00 -1.00 -1.00 -1.00 -1.00 -1.00 -1.00 -1.00 
 -1.00 -1.00 -1.00 -1.00 -1.00 -0.72 1.00 1.00 -0.78 -1.00 -1.00 -1.00 -1.00 -1.00 -1.00 -1.00 -1.00 -1.00 -1.00 -1.00 
 -1.00 -1.00 -1.00 -1.00 -1.00 -0.38 1.00 0.88 -0.99 -1.00 -1.00 -1.00 -1.00 -1.00 -1.00 -1.00 -1.00 -1.00 -1.00 -1.00 
 -1.00 -1.00 -1.00 -1.00 -1.00 -0.05 1.00 0.56 -1.00 -1.00 -1.00 -1.00 -1.00 -1.00 -1.00 -1.00 -1.00 -1.00 -1.00 -1.00 
 -1.00 -1.00 -1.00 -1.00 -1.00 0.29 1.00 0.23 -1.00 -0.96 -0.58 -0.36 -0.47 -0.90 -1.00 -1.00 -1.00 -1.00 -1.00 -1.00 
 -1.00 -1.00 -1.00 -1.00 -1.00 0.62 1.00 -0.02 0.00 0.84 1.00 1.00 1.00 0.92 0.00 -0.98 -1.00 -1.00 -1.00 -1.00 
 -1.00 -1.00 -1.00 -1.00 -0.98 0.93 1.00 0.93 1.00 0.94 0.48 0.39 0.84 1.00 1.00 0.22 -1.00 -1.00 -1.00 -1.00 
 -1.00 -1.00 -1.00 -1.00 -0.72 1.00 1.00 1.00 0.22 -0.84 -1.00 -1.00 -0.93 0.26 1.00 1.00 -0.45 -1.00 -1.00 -1.00 
 -1.00 -1.00 -1.00 -1.00 -0.38 1.00 1.00 0.08 -1.00 -1.00 -1.00 -1.00 -1.00 -0.95 0.69 1.00 0.36 -1.00 -1.00 -1.00 
 -1.00 -1.00 -1.00 -1.00 -0.05 1.00 0.76 -0.95 -1.00 -1.00 -1.00 -1.00 -1.00 -1.00 -0.04 1.00 0.80 -1.00 -1.00 -1.00 
 -1.00 -1.00 -1.00 -1.00 0.29 1.00 0.22 -1.00 -1.00 -1.00 -1.00 -1.00 -1.00 -1.00 -0.35 1.00 0.94 -1.00 -1.00 -1.00 
 -1.00 -1.00 -1.00 -1.00 0.62 1.00 -0.11 -1.00 -1.00 -1.00 -1.00 -1.00 -1.00 -1.00 -0.29 1.00 0.81 -1.00 -1.00 -1.00 
 -1.00 -1.00 -1.00 -0.98 0.94 1.00 -0.44 -1.00 -1.00 -1.00 -1.00 -1.00 -1.00 -1.00 0.09 1.00 0.45 -1.00 -1.00 -1.00 
 -1.00 -1.00 -1.00 -0.71 1.00 1.00 -0.58 -1.00 -1.00 -1.00 -1.00 -1.00 -1.00 -0.95 0.76 1.00 -0.18 -1.00 -1.00 -1.00 
 -1.00 -1.00 -1.00 -0.38 1.00 1.00 -0.33 -1.00 -1.00 -1.00 -1.00 -1.00 -1.00 -0.07 1.00 0.83 -0.91 -1.00 -1.00 -1.00 
 -1.00 -1.00 -1.00 -0.04 1.00 1.00 0.38 -1.00 -1.00 -1.00 -1.00 -1.00 -0.35 0.97 1.00 -0.31 -1.00 -1.00 -1.00 -1.00 
 -1.00 -1.00 -1.00 0.29 1.00 1.00 1.00 -0.04 -0.95 -1.00 -0.74 0.17 0.99 1.00 0.05 -1.00 -1.00 -1.00 -1.00 -1.00 
 -1.00 -1.00 -1.00 0.62 1.00 0.67 1.00 1.00 0.92 0.84 1.00 1.00 0.94 -0.15 -0.99 -1.00 -1.00 -1.00 -1.00 -1.00 
 -1.00 -1.00 -1.00 0.38 0.69 -0.73 -0.22 0.76 1.00 1.00 0.82 0.18 -0.73 -1.00 -1.00 -1.00 -1.00 -1.00 -1.00 -1.00 
 