-1.00 -1.00 -1.00 -1.00 0.32 0.67 0.69 -1.00 -1.00 -1.00 -1.00 -1.00 -1.00 -1.00 -1.00 -1.00 -1.00 -1.00 -1.00 -1.00 
 -1.00 -1.00 -1.00 -1.00 -0.99 -0.11 0.80 -1.00 -1.00 -1.00 -1.00 -1.00 -1.00 -1.00 -1.00 -1.00 -1.00 -1.00 -1.00 -1.00 
 -1.00 -1.00 -1.00 -1.00 -1.00 -0.49 0.80 -1.00 -1.00 -1.00 -1.00 -1.00 -1.00 -1.00 -1.00 -1.00 -1.00 -1.00 -1.00 -1.00 
 -1.00 -1.00 -1.00 -1.00 -1.00 -0.50 0.80 -1.00 -1.00 -1.00 -1.00 -1.00 -1.00 -1.00 -1.00 -1.00 -1.00 -1.00 -1.00 -1.00 
 -1.00 -1.00 -1.00 -1.00 -1.00 -0.50 0.80 -1.00 -1.00 -1.00 -1.00 -1.00 -1.00 -1.00 -1.00 -1.00 -1.00 -1.00 -1.00 -1.00 
 -1.00 -1.00 -1.00 -1.00 -1.00 -0.50 0.80 -1.00 -1.00 -1.00 -1.00 -1.00 -1.00 -1.00 -1.00 -1.00 -1.00 -1.00 -1.00 -1.00 
 -1.00 -1.00 -1.00 -1.00 -1.00 -0.50 0.80 -1.00 -1.00 -1.00 -1.00 -1.00 -1.00 -1.00 -1.00 -1.00 -1.00 -1.00 -1.00 -1.00 
 -1.00 -1.00 -1.00 -1.00 -1.00 -0.50 0.80 -1.00 -0.93 -0.39 -0.29 -0.18 -0.65 -1.00 -1.00 -1.00 -1.00 -1.00 -1.00 -1.00 
 -1.00 -1.00 -1.00 -1.00 -1.00 -0.50 0.80 -0.68 -0.32 -0.94 -1.00 -0.95 0.01 0.07 -0.98 -1.00 -1.00 -1.00 -1.00 -1.00 
 -1.00 -1.00 -1.00 -1.00 -1.00 -0.50 0.87 -0.28 -1.00 -1.00 -1.00 -1.00 -1.00 0.22 -0.02 -1.00 -1.00 -1.00 -1.00 -1.00 
 -1.00 -1.00 -1.00 -1.00 -1.00 -0.50 0.91 -0.95 -1.00 -1.00 -1.00 -1.00 -1.00 -0.76 0.95 -0.76 -1.00 -1.00 -1.00 -1.00 
 -1.00 -1.00 -1.00 -1.00 -1.00 -0.50 0.84 -1.00 -1.00 -1.00 -1.00 -1.00 -1.00 -1.00 0.66 -0.03 -1.00 -1.00 -1.00 -1.00 
 -1.00 -1.00 -1.00 -1.00 -1.00 -0.50 0.84 -1.00 -1.00 -1.00 -1.00 -1.00 -1.00 -1.00 0.38 0.44 -1.00 -1.00 -1.00 -1.00 
 -1.00 -1.00 -1.00 -1.00 -1.00 -0.50 0.84 -1.00 -1.00 -1.00 -1.00 -1.00 -1.00 -1.00 0.29 0.63 -1.00 -1.00 -1.00 -1.00 
 -1.00 -1.00 -1.00 -1.00 -1.00 -0.50 0.84 -1.00 -1.00 -1.00 -1.00 -1.00 -1.00 -1.00 0.32 0.57 -1.00 -1.00 -1.00 -1.00 
 -1.00 -1.00 -1.00 -1.00 -1.00 -0.50 0.84 -1.00 -1.00 -1.00 -1.00 -1.00 -1.00 -1.00 0.51 0.24 -1.00 -1.00 -1.00 -1.00 
 -1.00 -1.00 -1.00 -1.00 -1.00 -0.50 0.84 -1.00 -1.00 -1.00 -1.00 -1.00 -1.00 -0.95 0.90 -0.40 -1.00 -1.00 -1.00 -1.00 
 -1.00 -1.00 -1.00 -1.00 -1.00 -0.50 0.86 -0.70 -1.00 -1.00 -1.00 -1.00 -1.00 -0.26 0.57 -0.98 -1.00 -1.00 -1.00 -1.00 
 -1.00 -1.00 -1.00 -1.00 -1.00 -0.50 0.08 -0.22 -0.94 -1.00 -1.00 -1.00 -0.70 0.61 -0.74 -1.00 -1.00 -1.00 -1.00 -1.00 
 -1.00 -1.00 -1.00 -1.00 -1.00 -0.52 -0.51 -0.95 -0.32 -0.36 -0.47 -0.11 0.11 -0.82 -1.00 -1.00 -1.00 -1.00 -1.00 -1.00 
 