-1.00 -1.00 -1.00 0.34 1.00 1.00 0.90 -0.90 -1.00 -1.00 -1.00 -1.00 -1.00 -1.00 -1.00 -1.00 -1.00 -1.00 -1.00 -1.00 
 -1.00 -1.00 -1.00 -0.42 -0.01 0.48 1.00 -0.84 -1.00 -1.00 -1.00 -1.00 -1.00 -1.00 -1.00 -1.00 -1.00 -1.00 -1.00 -1.00 
 -1.00 -1.00 -1.00 -1.00 -1.00 -0.04 1.00 -0.84 -1.00 -1.00 -1.00 -1.00 -1.00 -1.00 -1.00 -1.00 -1.00 -1.00 -1.00 -1.00 
 -1.00 -1.00 -1.00 -1.00 -1.00 -0.04 1.00 -0.84 -1.00 -1.00 -1.00 -1.00 -1.00 -1.00 -1.00 -1.00 -1.00 -1.00 -1.00 -1.00 
 -1.00 -1.00 -1.00 -1.00 -1.00 -0.04 1.00 -0.84 -1.00 -1.00 -1.00 -1.00 -1.00 -1.00 -1.00 -1.00 -1.00 -1.00 -1.00 -1.00 
 -1.00 -1.00 -1.00 -1.00 -1.00 -0.04 1.00 -0.84 -1.00 -0.94 -0.48 -0.26 -0.51 -0.98 -1.00 -1.00 -1.00 -1.00 -1.00 -1.00 
 -1.00 -1.00 -1.00 -1.00 -1.00 -0.04 1.00 -0.84 -0.25 0.84 1.00 1.00 1.00 0.67 -0.65 -1.00 -1.00 -1.00 -1.00 -1.00 
 -1.00 -1.00 -1.00 -1.00 -1.00 -0.04 1.00 0.09 0.87 -0.10 -0.66 -0.65 0.03 0.95 0.86 -0.73 -1.00 -1.00 -1.00 -1.00 
 -1.00 -1.00 -1.00 -1.00 -1.00 -0.04 1.00 0.86 -0.69 -1.00 -1.00 -1.00 -1.00 -0.42 0.98 0.46 -1.00 -1.00 -1.00 -1.00 
 -1.00 -1.00 -1.00 -1.00 -1.00 -0.04 1.00 -0.18 -1.00 -1.00 -1.00 -1.00 -1.00 -1.00 0.18 1.00 -0.62 -1.00 -1.00 -1.00 
 -1.00 -1.00 -1.00 -1.00 -1.00 -0.04 1.00 -0.80 -1.00 -1.00 -1.00 -1.00 -1.00 -1.00 -0.67 1.00 -0.00 -1.00 -1.00 -1.00 
 -1.00 -1.00 -1.00 -1.00 -1.00 -0.04 1.00 -0.84 -1.00 -1.00 -1.00 -1.00 -1.00 -1.00 -0.99 0.84 0.37 -1.00 -1.00 -1.00 
 -1.00 -1.00 -1.00 -1.00 -1.00 -0.04 1.00 -0.84 -1.00 -1.00 -1.00 -1.00 -1.00 -1.00 -1.00 0.62 0.54 -1.00 -1.00 -1.00 
 -1.00 -1.00 -1.00 -1.00 -1.00 -0.04 1.00 -0.84 -1.00 -1.00 -1.00 -1.00 -1.00 -1.00 -1.00 0.67 0.50 -1.00 -1.00 -1.00 
 -1.00 -1.00 -1.00 -1.00 -1.00 -0.04 1.00 -0.83 -1.00 -1.00 -1.00 -1.00 -1.00 -1.00 -0.94 0.95 0.24 -1.00 -1.00 -1.00 
 -1.00 -1.00 -1.00 -1.00 -1.00 -0.04 1.00 -0.47 -1.00 -1.00 -1.00 -1.00 -1.00 -1.00 -0.35 1.00 -0.25 -1.00 -1.00 -1.00 
 -1.00 -1.00 -1.00 -1.00 -1.00 -0.04 1.00 0.39 -1.00 -1.00 -1.00 -1.00 -1.00 -0.93 0.67 0.87 -0.89 -1.00 -1.00 -1.00 
 -1.00 -1.00 -1.00 -1.00 -1.00 -0.04 1.00 0.85 -0.15 -1.00 -1.00 -1.00 -0.89 0.40 1.00 -0.15 -1.00 -1.00 -1.00 -1.00 
 -1.00 -1.00 -1.00 -1.00 -1.00 -0.04 1.00 -0.39 0.91 0.45 -0.04 0.14 0.81 1.00 0.18 -0.99 -1.00 -1.00 -1.00 -1.00 
 -1.00 -1.00 -1.00 -1.00 -1.00 -0.38 0.53 -0.93 -0.65 0.41 0.95 0.98 0.61 -0.29 -0.99 -1.00 -1.00 -1.00 -1.00 -1.00 
 