0.00 0.00 0.00 0.00 0.70 1.00 0.40 0.00 0.00 0.00 0.00 0.00 0.00 0.00 0.00 0.00 0.00 0.00 0.00 0.00 
 0.00 0.00 0.00 0.00 0.70 1.00 0.40 0.00 0.00 0.00 0.00 0.00 0.00 0.00 0.00 0.00 0.00 0.00 0.00 0.00 
 0.00 0.00 0.00 0.00 0.70 1.00 0.40 0.00 0.00 0.00 0.00 0.00 0.00 0.00 0.00 0.00 0.00 0.00 0.00 0.00 
 0.00 0.00 0.00 0.00 0.70 1.00 0.40 0.00 0.00 0.00 0.00 0.00 0.00 0.00 0.00 0.00 0.00 0.00 0.00 0.00 
 0.00 0.00 0.00 0.00 0.70 1.00 0.40 0.00 0.00 0.00 0.00 0.00 0.00 0.00 0.00 0.00 0.00 0.00 0.00 0.00 
 0.00 0.00 0.00 0.00 0.70 1.00 0.40 0.00 0.00 0.00 0.00 0.00 0.00 0.00 0.00 0.00 0.00 0.00 0.00 0.00 
 0.00 0.00 0.00 0.00 0.70 1.00 0.40 0.03 0.28 0.48 0.50 0.36 0.09 0.00 0.00 0.00 0.00 0.00 0.00 0.00 
 0.00 0.00 0.00 0.00 0.70 1.00 0.56 0.81 1.00 1.00 1.00 1.00 0.96 0.45 0.01 0.00 0.00 0.00 0.00 0.00 
 0.00 0.00 0.00 0.00 0.70 1.00 1.00 0.87 0.50 0.31 0.36 0.69 0.99 1.00 0.48 0.00 0.00 0.00 0.00 0.00 
 0.00 0.00 0.00 0.00 0.70 1.00 0.69 0.05 0.00 0.00 0.00 0.00 0.49 1.00 0.96 0.11 0.00 0.00 0.00 0.00 
 0.00 0.00 0.00 0.00 0.70 1.00 0.40 0.00 0.00 0.00 0.00 0.00 0.03 0.87 1.00 0.46 0.00 0.00 0.00 0.00 
 0.00 0.00 0.00 0.00 0.70 1.00 0.40 0.00 0.00 0.00 0.00 0.00 0.00 0.58 1.00 0.68 0.00 0.00 0.00 0.00 
 0.00 0.00 0.00 0.00 0.70 1.00 0.40 0.00 0.00 0.00 0.00 0.00 0.00 0.44 1.00 0.80 0.00 0.00 0.00 0.00 
 0.00 0.00 0.00 0.00 0.70 1.00 0.40 0.00 0.00 0.00 0.00 0.00 0.00 0.41 1.00 0.80 0.00 0.00 0.00 0.00 
 0.00 0.00 0.00 0.00 0.70 1.00 0.40 0.00 0.00 0.00 0.00 0.00 0.00 0.52 1.00 0.71 0.00 0.00 0.00 0.00 
 0.00 0.00 0.00 0.00 0.70 1.00 0.40 0.00 0.00 0.00 0.00 0.00 0.00 0.73 1.00 0.52 0.00 0.00 0.00 0.00 
 0.00 0.00 0.00 0.00 0.70 1.00 0.49 0.00 0.00 0.00 0.00 0.00 0.19 0.99 0.98 0.19 0.00 0.00 0.00 0.00 
 0.00 0.00 0.00 0.00 0.70 1.00 0.96 0.40 0.03 0.00 0.00 0.16 0.85 1.00 0.67 0.00 0.00 0.00 0.00 0.00 
 0.00 0.00 0.00 0.00 0.70 1.00 0.73 1.00 0.88 0.70 0.75 0.98 1.00 0.82 0.08 0.00 0.00 0.00 0.00 0.00 
 0.00 0.00 0.00 0.00 0.56 0.75 0.04 0.42 0.90 1.00 1.00 0.93 0.54 0.05 0.00 0.00 0.00 0.00 0.00 0.00 
 