0.00 0.09 0.94 1.00 1.00 1.00 0.13 0.00 0.00 0.00 0.00 0.00 0.00 0.00 0.00 0.00 0.00 0.00 0.00 0.00 
 0.00 0.02 0.31 0.38 0.53 1.00 0.13 0.00 0.00 0.00 0.00 0.00 0.00 0.00 0.00 0.00 0.00 0.00 0.00 0.00 
 0.00 0.00 0.00 0.00 0.25 1.00 0.13 0.00 0.00 0.00 0.00 0.00 0.00 0.00 0.00 0.00 0.00 0.00 0.00 0.00 
 0.00 0.00 0.00 0.00 0.25 1.00 0.13 0.00 0.00 0.00 0.00 0.00 0.00 0.00 0.00 0.00 0.00 0.00 0.00 0.00 
 0.00 0.00 0.00 0.00 0.25 1.00 0.13 0.00 0.00 0.00 0.00 0.00 0.00 0.00 0.00 0.00 0.00 0.00 0.00 0.00 
 0.00 0.00 0.00 0.00 0.25 1.00 0.13 0.00 0.00 0.00 0.00 0.00 0.00 0.00 0.00 0.00 0.00 0.00 0.00 0.00 
 0.00 0.00 0.00 0.00 0.25 1.00 0.13 0.00 0.02 0.28 0.63 0.82 0.88 0.80 0.58 0.25 0.02 0.00 0.00 0.00 
 0.00 0.00 0.00 0.00 0.25 1.00 0.13 0.14 0.74 0.99 0.80 0.58 0.50 0.61 0.85 1.00 0.69 0.09 0.00 0.00 
 0.00 0.00 0.00 0.00 0.25 1.00 0.30 0.91 0.85 0.27 0.00 0.00 0.00 0.00 0.02 0.38 0.93 0.83 0.11 0.00 
 0.00 0.00 0.00 0.00 0.25 1.00 0.91 0.83 0.09 0.00 0.00 0.00 0.00 0.00 0.00 0.00 0.17 0.91 0.75 0.02 
 0.00 0.00 0.00 0.00 0.25 1.00 0.94 0.17 0.00 0.00 0.00 0.00 0.00 0.00 0.00 0.00 0.00 0.31 1.00 0.38 
 0.00 0.00 0.00 0.00 0.25 1.00 0.61 0.00 0.00 0.00 0.00 0.00 0.00 0.00 0.00 0.00 0.00 0.02 0.75 0.77 
 0.00 0.00 0.00 0.00 0.25 1.00 0.30 0.00 0.00 0.00 0.00 0.00 0.00 0.00 0.00 0.00 0.00 0.00 0.44 0.97 
 0.00 0.00 0.00 0.00 0.25 1.00 0.14 0.00 0.00 0.00 0.00 0.00 0.00 0.00 0.00 0.00 0.00 0.00 0.27 1.00 
 0.00 0.00 0.00 0.00 0.25 1.00 0.14 0.00 0.00 0.00 0.00 0.00 0.00 0.00 0.00 0.00 0.00 0.00 0.27 1.00 
 0.00 0.00 0.00 0.00 0.25 1.00 0.28 0.00 0.00 0.00 0.00 0.00 0.00 0.00 0.00 0.00 0.00 0.00 0.41 0.99 
 0.00 0.00 0.00 0.00 0.25 1.00 0.56 0.00 0.00 0.00 0.00 0.00 0.00 0.00 0.00 0.00 0.00 0.00 0.69 0.77 
 0.00 0.00 0.00 0.00 0.25 1.00 0.93 0.11 0.00 0.00 0.00 0.00 0.00 0.00 0.00 0.00 0.00 0.22 0.99 0.38 
 0.00 0.00 0.00 0.00 0.25 1.00 0.94 0.75 0.06 0.00 0.00 0.00 0.00 0.00 0.00 0.00 0.13 0.85 0.75 0.02 
 0.00 0.00 0.00 0.00 0.25 1.00 0.36 0.96 0.78 0.16 0.00 0.00 0.00 0.00 0.00 0.24 0.86 0.89 0.11 0.00 
 