0.00 0.00 0.00 0.00 0.00 0.00 0.10 1.00 1.00 1.00 0.32 0.00 0.00 0.00 0.00 0.00 0.00 0.00 0.00 0.00 
 0.00 0.00 0.00 0.00 0.00 0.00 0.22 1.00 1.00 0.99 0.13 0.00 0.00 0.00 0.00 0.00 0.00 0.00 0.00 0.00 
 0.00 0.00 0.00 0.00 0.00 0.00 0.40 1.00 1.00 0.90 0.00 0.00 0.00 0.00 0.00 0.00 0.00 0.00 0.00 0.00 
 0.00 0.00 0.00 0.00 0.00 0.00 0.58 1.00 1.00 0.78 0.00 0.00 0.00 0.00 0.00 0.00 0.00 0.00 0.00 0.00 
 0.00 0.00 0.00 0.00 0.00 0.00 0.77 1.00 1.00 0.60 0.00 0.00 0.00 0.00 0.00 0.00 0.00 0.00 0.00 0.00 
 0.00 0.00 0.00 0.00 0.00 0.05 0.95 1.00 1.00 0.43 0.09 0.25 0.30 0.20 0.05 0.00 0.00 0.00 0.00 0.00 
 0.00 0.00 0.00 0.00 0.00 0.14 1.00 1.00 1.00 0.80 0.98 1.00 1.00 1.00 0.92 0.47 0.02 0.00 0.00 0.00 
 0.00 0.00 0.00 0.00 0.00 0.32 1.00 1.00 1.00 1.00 1.00 1.00 1.00 1.00 1.00 1.00 0.63 0.01 0.00 0.00 
 0.00 0.00 0.00 0.00 0.00 0.50 1.00 1.00 1.00 0.93 0.66 0.62 0.81 0.99 1.00 1.00 1.00 0.38 0.00 0.00 
 0.00 0.00 0.00 0.00 0.00 0.68 1.00 1.00 0.83 0.11 0.00 0.00 0.00 0.38 0.99 1.00 1.00 0.80 0.00 0.00 
 0.00 0.00 0.00 0.00 0.01 0.87 1.00 1.00 0.50 0.00 0.00 0.00 0.00 0.00 0.69 1.00 1.00 0.96 0.06 0.00 
 0.00 0.00 0.00 0.00 0.10 1.00 1.00 1.00 0.32 0.00 0.00 0.00 0.00 0.00 0.45 1.00 1.00 1.00 0.19 0.00 
 0.00 0.00 0.00 0.00 0.23 1.00 1.00 0.99 0.13 0.00 0.00 0.00 0.00 0.00 0.40 1.00 1.00 1.00 0.19 0.00 
 0.00 0.00 0.00 0.00 0.41 1.00 1.00 0.89 0.00 0.00 0.00 0.00 0.00 0.00 0.51 1.00 1.00 0.97 0.07 0.00 
 0.00 0.00 0.00 0.00 0.59 1.00 1.00 0.75 0.00 0.00 0.00 0.00 0.00 0.01 0.76 1.00 1.00 0.85 0.00 0.00 
 0.00 0.00 0.00 0.00 0.80 1.00 1.00 0.57 0.00 0.00 0.00 0.00 0.00 0.25 1.00 1.00 1.00 0.52 0.00 0.00 
 0.00 0.00 0.00 0.10 0.99 1.00 1.00 0.39 0.00 0.00 0.00 0.00 0.13 0.86 1.00 1.00 0.89 0.07 0.00 0.00 
 0.00 0.00 0.00 0.32 1.00 1.00 1.00 0.73 0.15 0.10 0.13 0.42 0.91 1.00 1.00 0.97 0.30 0.00 0.00 0.00 
 0.00 0.00 0.00 0.65 1.00 1.00 1.00 1.00 1.00 1.00 1.00 1.00 1.00 1.00 0.96 0.36 0.00 0.00 0.00 0.00 
 0.00 0.00 0.07 0.95 1.00 0.93 0.76 1.00 1.00 1.00 1.00 1.00 1.00 0.82 0.22 0.00 0.00 0.00 0.00 0.00 
 