0.00 0.00 0.00 0.00 0.00 0.00 0.03 0.28 0.45 0.61 0.75 0.73 0.00 0.00 0.00 0.00 0.00 0.00 0.00 0.00 
 0.00 0.00 0.00 0.00 0.00 0.00 0.06 0.28 0.47 1.00 1.00 0.56 0.00 0.00 0.00 0.00 0.00 0.00 0.00 0.00 
 0.00 0.00 0.00 0.00 0.00 0.00 0.00 0.00 0.17 1.00 1.00 0.28 0.00 0.00 0.00 0.00 0.00 0.00 0.00 0.00 
 0.00 0.00 0.00 0.00 0.00 0.00 0.00 0.00 0.31 1.00 0.86 0.03 0.00 0.00 0.00 0.00 0.00 0.00 0.00 0.00 
 0.00 0.00 0.00 0.00 0.00 0.00 0.00 0.00 0.61 1.00 0.70 0.00 0.00 0.00 0.00 0.00 0.00 0.00 0.00 0.00 
 0.00 0.00 0.00 0.00 0.00 0.00 0.00 0.06 0.89 1.00 0.42 0.00 0.00 0.00 0.00 0.00 0.00 0.00 0.00 0.00 
 0.00 0.00 0.00 0.00 0.00 0.00 0.00 0.20 1.00 0.95 0.14 0.00 0.00 0.00 0.00 0.00 0.00 0.00 0.00 0.00 
 0.00 0.00 0.00 0.00 0.00 0.00 0.00 0.47 1.00 0.81 0.00 0.03 0.20 0.33 0.28 0.09 0.00 0.00 0.00 0.00 
 0.00 0.00 0.00 0.00 0.00 0.00 0.00 0.75 1.00 0.56 0.17 0.70 1.00 1.00 1.00 0.89 0.28 0.00 0.00 0.00 
 0.00 0.00 0.00 0.00 0.00 0.00 0.14 0.97 1.00 0.50 0.73 0.36 0.17 0.36 0.89 1.00 0.86 0.06 0.00 0.00 
 0.00 0.00 0.00 0.00 0.00 0.00 0.31 1.00 0.97 0.67 0.06 0.00 0.00 0.00 0.33 1.00 1.00 0.33 0.00 0.00 
 0.00 0.00 0.00 0.00 0.00 0.00 0.61 1.00 0.86 0.09 0.00 0.00 0.00 0.00 0.17 1.00 1.00 0.50 0.00 0.00 
 0.00 0.00 0.00 0.00 0.00 0.06 0.89 1.00 0.50 0.00 0.00 0.00 0.00 0.00 0.17 1.00 1.00 0.47 0.00 0.00 
 0.00 0.00 0.00 0.00 0.00 0.20 1.00 0.95 0.14 0.00 0.00 0.00 0.00 0.00 0.17 1.00 1.00 0.31 0.00 0.00 
 0.00 0.00 0.00 0.00 0.00 0.47 1.00 0.81 0.00 0.00 0.00 0.00 0.00 0.00 0.31 1.00 0.92 0.09 0.00 0.00 
 0.00 0.00 0.00 0.00 0.00 0.75 1.00 0.56 0.00 0.00 0.00 0.00 0.00 0.00 0.61 1.00 0.64 0.00 0.00 0.00 
 0.00 0.00 0.00 0.00 0.14 0.97 1.00 0.28 0.00 0.00 0.00 0.00 0.00 0.11 0.95 0.95 0.17 0.00 0.00 0.00 
 0.00 0.00 0.00 0.00 0.31 1.00 0.86 0.03 0.00 0.00 0.00 0.00 0.00 0.47 1.00 0.53 0.00 0.00 0.00 0.00 
 0.00 0.00 0.00 0.00 0.58 1.00 0.70 0.00 0.00 0.00 0.00 0.00 0.20 0.95 0.67 0.03 0.00 0.00 0.00 0.00 
 0.00 0.00 0.00 0.06 0.86 1.00 0.42 0.00 0.00 0.00 0.00 0.14 0.84 0.70 0.03 0.00 0.00 0.00 0.00 0.00 
 