0.00 0.00 0.00 0.09 0.20 0.40 0.66 0.69 0.00 0.00 0.00 0.00 0.00 0.00 0.00 0.00 0.00 0.00 0.00 0.00 
 0.00 0.00 0.06 0.78 0.84 1.00 1.00 0.70 0.00 0.00 0.00 0.00 0.00 0.00 0.00 0.00 0.00 0.00 0.00 0.00 
 0.00 0.00 0.00 0.00 0.01 0.88 1.00 0.65 0.00 0.00 0.00 0.00 0.00 0.00 0.00 0.00 0.00 0.00 0.00 0.00 
 0.00 0.00 0.00 0.00 0.00 0.80 1.00 0.60 0.00 0.00 0.00 0.00 0.00 0.00 0.00 0.00 0.00 0.00 0.00 0.00 
 0.00 0.00 0.00 0.00 0.00 0.79 1.00 0.60 0.00 0.00 0.00 0.00 0.00 0.00 0.00 0.00 0.00 0.00 0.00 0.00 
 0.00 0.00 0.00 0.00 0.00 0.70 1.00 0.60 0.00 0.00 0.00 0.00 0.00 0.00 0.00 0.00 0.00 0.00 0.00 0.00 
 0.00 0.00 0.00 0.00 0.00 0.70 1.00 0.60 0.00 0.00 0.00 0.02 0.10 0.03 0.00 0.00 0.00 0.00 0.00 0.00 
 0.00 0.00 0.00 0.00 0.00 0.70 1.00 0.60 0.00 0.15 0.62 0.90 1.00 0.92 0.63 0.15 0.00 0.00 0.00 0.00 
 0.00 0.00 0.00 0.00 0.00 0.70 1.00 0.60 0.23 0.93 0.87 0.81 0.93 1.00 1.00 0.93 0.20 0.00 0.00 0.00 
 0.00 0.00 0.00 0.00 0.00 0.70 1.00 0.79 0.79 0.25 0.00 0.00 0.04 0.52 0.99 1.00 0.82 0.01 0.00 0.00 
 0.00 0.00 0.00 0.00 0.00 0.70 1.00 0.92 0.12 0.00 0.00 0.00 0.00 0.00 0.58 1.00 1.00 0.28 0.00 0.00 
 0.00 0.00 0.00 0.00 0.00 0.70 1.00 0.63 0.00 0.00 0.00 0.00 0.00 0.00 0.15 1.00 1.00 0.51 0.00 0.00 
 0.00 0.00 0.00 0.00 0.00 0.70 1.00 0.60 0.00 0.00 0.00 0.00 0.00 0.00 0.02 0.90 1.00 0.60 0.00 0.00 
 0.00 0.00 0.00 0.00 0.00 0.70 1.00 0.60 0.00 0.00 0.00 0.00 0.00 0.00 0.00 0.80 1.00 0.55 0.00 0.00 
 0.00 0.00 0.00 0.00 0.00 0.70 1.00 0.60 0.00 0.00 0.00 0.00 0.00 0.00 0.00 0.84 1.00 0.35 0.00 0.00 
 0.00 0.00 0.00 0.00 0.00 0.70 1.00 0.60 0.00 0.00 0.00 0.00 0.00 0.00 0.07 0.97 0.93 0.06 0.00 0.00 
 0.00 0.00 0.00 0.00 0.00 0.70 1.00 0.60 0.00 0.00 0.00 0.00 0.00 0.00 0.32 1.00 0.53 0.00 0.00 0.00 
 0.00 0.00 0.00 0.00 0.00 0.79 1.00 0.72 0.02 0.00 0.00 0.00 0.00 0.06 0.83 0.76 0.04 0.00 0.00 0.00 
 0.00 0.00 0.00 0.00 0.00 0.82 1.00 1.00 0.70 0.20 0.04 0.03 0.19 0.74 0.61 0.03 0.00 0.00 0.00 0.00 
 0.00 0.00 0.00 0.00 0.01 0.91 0.73 0.94 1.00 1.00 0.94 0.93 0.91 0.33 0.00 0.00 0.00 0.00 0.00 0.00 
 