0.00 0.00 0.00 0.00 0.00 0.10 0.45 0.84 0.56 0.00 0.00 0.00 0.00 0.00 0.00 0.00 0.00 0.00 0.00 0.00 
 0.00 0.00 0.00 0.06 0.53 0.90 1.00 1.00 0.56 0.00 0.00 0.00 0.00 0.00 0.00 0.00 0.00 0.00 0.00 0.00 
 0.00 0.00 0.00 0.02 0.02 0.22 1.00 1.00 0.56 0.00 0.00 0.00 0.00 0.00 0.00 0.00 0.00 0.00 0.00 0.00 
 0.00 0.00 0.00 0.00 0.00 0.11 1.00 1.00 0.56 0.00 0.00 0.00 0.00 0.00 0.00 0.00 0.00 0.00 0.00 0.00 
 0.00 0.00 0.00 0.00 0.00 0.11 1.00 1.00 0.56 0.00 0.00 0.00 0.00 0.00 0.00 0.00 0.00 0.00 0.00 0.00 
 0.00 0.00 0.00 0.00 0.00 0.11 1.00 1.00 0.56 0.00 0.00 0.00 0.00 0.00 0.00 0.00 0.00 0.00 0.00 0.00 
 0.00 0.00 0.00 0.00 0.00 0.11 1.00 1.00 0.56 0.00 0.00 0.00 0.00 0.00 0.00 0.00 0.00 0.00 0.00 0.00 
 0.00 0.00 0.00 0.00 0.00 0.11 1.00 1.00 0.56 0.00 0.05 0.40 0.64 0.62 0.36 0.04 0.00 0.00 0.00 0.00 
 0.00 0.00 0.00 0.00 0.00 0.11 1.00 1.00 0.56 0.14 0.80 1.00 1.00 1.00 1.00 0.80 0.14 0.00 0.00 0.00 
 0.00 0.00 0.00 0.00 0.00 0.11 1.00 1.00 0.64 0.83 0.79 0.57 0.67 0.95 1.00 1.00 0.82 0.04 0.00 0.00 
 0.00 0.00 0.00 0.00 0.00 0.11 1.00 1.00 0.94 0.38 0.00 0.00 0.00 0.16 0.87 1.00 1.00 0.48 0.00 0.00 
 0.00 0.00 0.00 0.00 0.00 0.11 1.00 1.00 0.57 0.00 0.00 0.00 0.00 0.00 0.22 0.99 1.00 0.85 0.00 0.00 
 0.00 0.00 0.00 0.00 0.00 0.11 1.00 1.00 0.56 0.00 0.00 0.00 0.00 0.00 0.00 0.73 1.00 0.96 0.07 0.00 
 0.00 0.00 0.00 0.00 0.00 0.11 1.00 1.00 0.56 0.00 0.00 0.00 0.00 0.00 0.00 0.48 1.00 1.00 0.21 0.00 
 0.00 0.00 0.00 0.00 0.00 0.11 1.00 1.00 0.56 0.00 0.00 0.00 0.00 0.00 0.00 0.35 1.00 1.00 0.22 0.00 
 0.00 0.00 0.00 0.00 0.00 0.11 1.00 1.00 0.56 0.00 0.00 0.00 0.00 0.00 0.00 0.33 1.00 0.99 0.13 0.00 
 0.00 0.00 0.00 0.00 0.00 0.11 1.00 1.00 0.56 0.00 0.00 0.00 0.00 0.00 0.00 0.41 1.00 0.88 0.00 0.00 
 0.00 0.00 0.00 0.00 0.00 0.11 1.00 1.00 0.56 0.00 0.00 0.00 0.00 0.00 0.00 0.61 1.00 0.61 0.00 0.00 
 0.00 0.00 0.00 0.00 0.00 0.11 1.00 1.00 0.56 0.00 0.00 0.00 0.00 0.00 0.06 0.90 0.94 0.14 0.00 0.00 
 0.00 0.00 0.00 0.00 0.00 0.11 1.00 1.00 0.64 0.00 0.00 0.00 0.00 0.00 0.51 0.99 0.40 0.00 0.00 0.00 
 