0.00 0.00 0.00 0.00 0.90 1.00 0.70 0.00 0.00 0.00 0.00 0.00 0.00 0.00 0.00 0.00 0.00 0.00 0.00 0.00 
 0.00 0.00 0.00 0.00 0.90 1.00 0.70 0.00 0.00 0.00 0.00 0.00 0.00 0.00 0.00 0.00 0.00 0.00 0.00 0.00 
 0.00 0.00 0.00 0.00 0.90 1.00 0.70 0.00 0.00 0.00 0.00 0.00 0.00 0.00 0.00 0.00 0.00 0.00 0.00 0.00 
 0.00 0.00 0.00 0.00 0.90 1.00 0.70 0.00 0.00 0.00 0.00 0.00 0.00 0.00 0.00 0.00 0.00 0.00 0.00 0.00 
 0.00 0.00 0.00 0.00 0.90 1.00 0.70 0.00 0.00 0.00 0.00 0.00 0.00 0.00 0.00 0.00 0.00 0.00 0.00 0.00 
 0.00 0.00 0.00 0.00 0.90 1.00 0.70 0.00 0.00 0.09 0.29 0.40 0.34 0.13 0.00 0.00 0.00 0.00 0.00 0.00 
 0.00 0.00 0.00 0.00 0.90 1.00 0.70 0.09 0.60 0.97 1.00 1.00 1.00 0.99 0.64 0.07 0.00 0.00 0.00 0.00 
 0.00 0.00 0.00 0.00 0.90 1.00 0.86 0.90 1.00 1.00 0.94 0.93 1.00 1.00 1.00 0.76 0.03 0.00 0.00 0.00 
 0.00 0.00 0.00 0.00 0.90 1.00 1.00 0.97 0.63 0.23 0.04 0.03 0.27 0.84 1.00 1.00 0.45 0.00 0.00 0.00 
 0.00 0.00 0.00 0.00 0.90 1.00 0.88 0.19 0.00 0.00 0.00 0.00 0.00 0.13 0.96 1.00 0.86 0.01 0.00 0.00 
 0.00 0.00 0.00 0.00 0.90 1.00 0.70 0.00 0.00 0.00 0.00 0.00 0.00 0.00 0.62 1.00 1.00 0.19 0.00 0.00 
 0.00 0.00 0.00 0.00 0.90 1.00 0.70 0.00 0.00 0.00 0.00 0.00 0.00 0.00 0.37 1.00 1.00 0.36 0.00 0.00 
 0.00 0.00 0.00 0.00 0.90 1.00 0.70 0.00 0.00 0.00 0.00 0.00 0.00 0.00 0.24 1.00 1.00 0.47 0.00 0.00 
 0.00 0.00 0.00 0.00 0.90 1.00 0.70 0.00 0.00 0.00 0.00 0.00 0.00 0.00 0.20 1.00 1.00 0.50 0.00 0.00 
 0.00 0.00 0.00 0.00 0.90 1.00 0.70 0.00 0.00 0.00 0.00 0.00 0.00 0.00 0.23 1.00 1.00 0.46 0.00 0.00 
 0.00 0.00 0.00 0.00 0.90 1.00 0.70 0.00 0.00 0.00 0.00 0.00 0.00 0.00 0.36 1.00 1.00 0.33 0.00 0.00 
 0.00 0.00 0.00 0.00 0.90 1.00 0.70 0.00 0.00 0.00 0.00 0.00 0.00 0.00 0.60 1.00 0.97 0.11 0.00 0.00 
 0.00 0.00 0.00 0.00 0.90 1.00 0.70 0.00 0.00 0.00 0.00 0.00 0.00 0.13 0.96 1.00 0.75 0.00 0.00 0.00 
 0.00 0.00 0.00 0.00 0.90 1.00 0.82 0.16 0.00 0.00 0.00 0.00 0.17 0.80 1.00 0.98 0.26 0.00 0.00 0.00 
 0.00 0.00 0.00 0.00 0.90 1.00 1.00 0.99 0.80 0.64 0.60 0.74 0.98 1.00 1.00 0.53 0.00 0.00 0.00 0.00 
 