0.00 0.00 0.00 0.10 0.89 0.90 0.95 0.06 0.00 0.00 0.00 0.00 0.00 0.00 0.00 0.00 0.00 0.00 0.00 0.00 
 0.00 0.00 0.00 0.03 0.91 1.00 0.89 0.00 0.00 0.00 0.00 0.00 0.00 0.00 0.00 0.00 0.00 0.00 0.00 0.00 
 0.00 0.00 0.00 0.00 0.84 1.00 0.89 0.00 0.00 0.00 0.00 0.00 0.00 0.00 0.00 0.00 0.00 0.00 0.00 0.00 
 0.00 0.00 0.00 0.00 0.78 1.00 0.89 0.00 0.00 0.00 0.00 0.00 0.00 0.00 0.00 0.00 0.00 0.00 0.00 0.00 
 0.00 0.00 0.00 0.00 0.69 1.00 0.89 0.00 0.00 0.00 0.00 0.00 0.00 0.00 0.00 0.00 0.00 0.00 0.00 0.00 
 0.00 0.00 0.00 0.00 0.67 1.00 0.89 0.00 0.00 0.00 0.00 0.00 0.00 0.00 0.00 0.00 0.00 0.00 0.00 0.00 
 0.00 0.00 0.00 0.00 0.64 1.00 0.89 0.00 0.03 0.19 0.37 0.45 0.40 0.21 0.03 0.00 0.00 0.00 0.00 0.00 
 0.00 0.00 0.00 0.00 0.56 1.00 0.89 0.20 0.80 1.00 1.00 1.00 1.00 1.00 0.78 0.18 0.00 0.00 0.00 0.00 
 0.00 0.00 0.00 0.00 0.56 1.00 0.96 0.93 0.94 0.78 0.67 0.74 0.94 1.00 1.00 0.91 0.16 0.00 0.00 0.00 
 0.00 0.00 0.00 0.00 0.56 1.00 1.00 0.65 0.07 0.00 0.00 0.00 0.09 0.67 1.00 1.00 0.78 0.02 0.00 0.00 
 0.00 0.00 0.00 0.00 0.56 1.00 0.90 0.02 0.00 0.00 0.00 0.00 0.00 0.04 0.78 1.00 1.00 0.32 0.00 0.00 
 0.00 0.00 0.00 0.00 0.56 1.00 0.89 0.00 0.00 0.00 0.00 0.00 0.00 0.00 0.27 1.00 1.00 0.65 0.00 0.00 
 0.00 0.00 0.00 0.00 0.56 1.00 0.89 0.00 0.00 0.00 0.00 0.00 0.00 0.00 0.06 0.95 1.00 0.84 0.00 0.00 
 0.00 0.00 0.00 0.00 0.56 1.00 0.89 0.00 0.00 0.00 0.00 0.00 0.00 0.00 0.00 0.80 1.00 0.89 0.00 0.00 
 0.00 0.00 0.00 0.00 0.56 1.00 0.89 0.00 0.00 0.00 0.00 0.00 0.00 0.00 0.00 0.78 1.00 0.89 0.00 0.00 
 0.00 0.00 0.00 0.00 0.56 1.00 0.89 0.00 0.00 0.00 0.00 0.00 0.00 0.00 0.02 0.89 1.00 0.79 0.00 0.00 
 0.00 0.00 0.00 0.00 0.64 1.00 0.89 0.00 0.00 0.00 0.00 0.00 0.00 0.00 0.16 1.00 1.00 0.57 0.00 0.00 
 0.00 0.00 0.00 0.00 0.67 1.00 0.89 0.00 0.00 0.00 0.00 0.00 0.00 0.00 0.53 1.00 0.99 0.22 0.00 0.00 
 0.00 0.00 0.00 0.00 0.67 1.00 0.98 0.09 0.00 0.00 0.00 0.00 0.00 0.22 0.96 1.00 0.72 0.00 0.00 0.00 
 0.00 0.00 0.00 0.00 0.67 1.00 1.00 0.64 0.16 0.00 0.00 0.04 0.37 0.93 1.00 0.91 0.14 0.00 0.00 0.00 
 