0.00 0.00 0.00 0.00 0.48 0.96 0.24 0.00 0.00 0.00 0.00 0.00 0.00 0.00 0.00 0.00 0.00 0.00 0.00 0.00 
 0.00 0.00 0.00 0.05 0.95 1.00 0.33 0.00 0.00 0.00 0.00 0.00 0.00 0.00 0.00 0.00 0.00 0.00 0.00 0.00 
 0.00 0.00 0.00 0.09 1.00 1.00 0.27 0.00 0.00 0.00 0.00 0.00 0.00 0.00 0.00 0.00 0.00 0.00 0.00 0.00 
 0.00 0.00 0.00 0.09 1.00 1.00 0.22 0.00 0.00 0.00 0.00 0.00 0.00 0.00 0.00 0.00 0.00 0.00 0.00 0.00 
 0.00 0.00 0.00 0.09 1.00 1.00 0.18 0.00 0.00 0.00 0.00 0.00 0.00 0.00 0.00 0.00 0.00 0.00 0.00 0.00 
 0.00 0.00 0.00 0.09 1.00 1.00 0.18 0.00 0.00 0.00 0.00 0.00 0.00 0.00 0.00 0.00 0.00 0.00 0.00 0.00 
 0.00 0.00 0.00 0.09 1.00 1.00 0.18 0.03 0.27 0.51 0.53 0.36 0.09 0.00 0.00 0.00 0.00 0.00 0.00 0.00 
 0.00 0.00 0.00 0.09 1.00 1.00 0.47 0.84 1.00 1.00 1.00 1.00 0.95 0.39 0.00 0.00 0.00 0.00 0.00 0.00 
 0.00 0.00 0.00 0.09 1.00 1.00 1.00 1.00 0.98 0.87 0.85 0.97 1.00 0.99 0.42 0.00 0.00 0.00 0.00 0.00 
 0.00 0.00 0.00 0.09 1.00 1.00 0.99 0.69 0.16 0.00 0.00 0.14 0.77 1.00 0.95 0.13 0.00 0.00 0.00 0.00 
 0.00 0.00 0.00 0.09 1.00 1.00 0.45 0.00 0.00 0.00 0.00 0.00 0.09 0.93 1.00 0.54 0.00 0.00 0.00 0.00 
 0.00 0.00 0.00 0.09 1.00 1.00 0.18 0.00 0.00 0.00 0.00 0.00 0.00 0.55 1.00 0.82 0.00 0.00 0.00 0.00 
 0.00 0.00 0.00 0.09 1.00 1.00 0.18 0.00 0.00 0.00 0.00 0.00 0.00 0.33 1.00 0.91 0.00 0.00 0.00 0.00 
 0.00 0.00 0.00 0.09 0.99 1.00 0.18 0.00 0.00 0.00 0.00 0.00 0.00 0.28 1.00 0.91 0.00 0.00 0.00 0.00 
 0.00 0.00 0.00 0.00 0.91 1.00 0.18 0.00 0.00 0.00 0.00 0.00 0.00 0.43 1.00 0.89 0.00 0.00 0.00 0.00 
 0.00 0.00 0.00 0.00 0.91 1.00 0.18 0.00 0.00 0.00 0.00 0.00 0.02 0.80 1.00 0.66 0.00 0.00 0.00 0.00 
 0.00 0.00 0.00 0.00 0.91 1.00 0.25 0.00 0.00 0.00 0.00 0.01 0.50 1.00 0.99 0.27 0.00 0.00 0.00 0.00 
 0.00 0.00 0.00 0.00 0.91 1.00 0.97 0.65 0.37 0.27 0.37 0.73 1.00 1.00 0.64 0.00 0.00 0.00 0.00 0.00 
 0.00 0.00 0.00 0.07 0.98 1.00 1.00 1.00 1.00 1.00 1.00 1.00 1.00 0.70 0.04 0.00 0.00 0.00 0.00 0.00 
 0.00 0.00 0.00 0.00 0.62 0.80 0.50 0.83 0.99 1.00 0.99 0.81 0.39 0.01 0.00 0.00 0.00 0.00 0.00 0.00 
 