0.00 0.00 0.00 0.00 0.67 1.00 0.78 0.00 0.00 0.00 0.00 0.00 0.00 0.00 0.00 0.00 0.00 0.00 0.00 0.00 
 0.00 0.00 0.00 0.00 0.67 1.00 0.78 0.00 0.00 0.00 0.00 0.00 0.00 0.00 0.00 0.00 0.00 0.00 0.00 0.00 
 0.00 0.00 0.00 0.00 0.67 1.00 0.78 0.00 0.00 0.00 0.00 0.00 0.00 0.00 0.00 0.00 0.00 0.00 0.00 0.00 
 0.00 0.00 0.00 0.00 0.67 1.00 0.78 0.00 0.00 0.00 0.00 0.00 0.00 0.00 0.00 0.00 0.00 0.00 0.00 0.00 
 0.00 0.00 0.00 0.00 0.67 1.00 0.78 0.00 0.00 0.00 0.00 0.00 0.00 0.00 0.00 0.00 0.00 0.00 0.00 0.00 
 0.00 0.00 0.00 0.00 0.67 1.00 0.78 0.00 0.00 0.00 0.00 0.00 0.00 0.00 0.00 0.00 0.00 0.00 0.00 0.00 
 0.00 0.00 0.00 0.00 0.67 1.00 0.78 0.00 0.00 0.07 0.11 0.11 0.04 0.00 0.00 0.00 0.00 0.00 0.00 0.00 
 0.00 0.00 0.00 0.00 0.67 1.00 0.78 0.07 0.60 0.96 1.00 1.00 0.88 0.44 0.03 0.00 0.00 0.00 0.00 0.00 
 0.00 0.00 0.00 0.00 0.67 1.00 0.83 0.78 1.00 1.00 0.98 1.00 1.00 1.00 0.69 0.03 0.00 0.00 0.00 0.00 
 0.00 0.00 0.00 0.00 0.67 1.00 1.00 1.00 0.68 0.19 0.09 0.24 0.77 1.00 1.00 0.55 0.00 0.00 0.00 0.00 
 0.00 0.00 0.00 0.00 0.67 1.00 1.00 0.73 0.02 0.00 0.00 0.00 0.06 0.85 1.00 0.94 0.06 0.00 0.00 0.00 
 0.00 0.00 0.00 0.00 0.67 1.00 0.99 0.21 0.00 0.00 0.00 0.00 0.00 0.42 1.00 1.00 0.35 0.00 0.00 0.00 
 0.00 0.00 0.00 0.00 0.67 1.00 0.88 0.00 0.00 0.00 0.00 0.00 0.00 0.18 1.00 1.00 0.52 0.00 0.00 0.00 
 0.00 0.00 0.00 0.00 0.67 1.00 0.78 0.00 0.00 0.00 0.00 0.00 0.00 0.11 1.00 1.00 0.61 0.00 0.00 0.00 
 0.00 0.00 0.00 0.00 0.67 1.00 0.78 0.00 0.00 0.00 0.00 0.00 0.00 0.11 1.00 1.00 0.62 0.00 0.00 0.00 
 0.00 0.00 0.00 0.00 0.67 1.00 0.88 0.00 0.00 0.00 0.00 0.00 0.00 0.16 1.00 1.00 0.53 0.00 0.00 0.00 
 0.00 0.00 0.00 0.00 0.67 1.00 0.98 0.19 0.00 0.00 0.00 0.00 0.00 0.42 1.00 1.00 0.36 0.00 0.00 0.00 
 0.00 0.00 0.00 0.00 0.67 1.00 1.00 0.71 0.03 0.00 0.00 0.00 0.07 0.87 1.00 0.94 0.09 0.00 0.00 0.00 
 0.00 0.00 0.00 0.00 0.67 1.00 1.00 1.00 0.71 0.22 0.13 0.31 0.79 1.00 1.00 0.53 0.00 0.00 0.00 0.00 
 0.00 0.00 0.00 0.00 0.67 1.00 0.84 0.82 1.00 1.00 1.00 1.00 1.00 1.00 0.69 0.03 0.00 0.00 0.00 0.00 
 