0.00 0.00 0.00 0.11 1.00 1.00 0.33 0.00 0.00 0.00 0.00 0.00 0.00 0.00 0.00 0.00 0.00 0.00 0.00 0.00 
 0.00 0.00 0.00 0.11 1.00 1.00 0.33 0.00 0.00 0.00 0.00 0.00 0.00 0.00 0.00 0.00 0.00 0.00 0.00 0.00 
 0.00 0.00 0.00 0.11 1.00 1.00 0.33 0.00 0.00 0.00 0.00 0.00 0.00 0.00 0.00 0.00 0.00 0.00 0.00 0.00 
 0.00 0.00 0.00 0.11 1.00 1.00 0.33 0.00 0.00 0.00 0.00 0.00 0.00 0.00 0.00 0.00 0.00 0.00 0.00 0.00 
 0.00 0.00 0.00 0.11 1.00 1.00 0.33 0.00 0.00 0.00 0.00 0.00 0.00 0.00 0.00 0.00 0.00 0.00 0.00 0.00 
 0.00 0.00 0.00 0.11 1.00 1.00 0.33 0.13 0.57 0.83 0.89 0.78 0.49 0.09 0.00 0.00 0.00 0.00 0.00 0.00 
 0.00 0.00 0.00 0.11 1.00 1.00 0.58 0.93 1.00 1.00 1.00 1.00 1.00 0.90 0.25 0.00 0.00 0.00 0.00 0.00 
 0.00 0.00 0.00 0.11 1.00 1.00 1.00 0.95 0.48 0.16 0.14 0.40 0.90 1.00 0.90 0.11 0.00 0.00 0.00 0.00 
 0.00 0.00 0.00 0.11 1.00 1.00 0.99 0.32 0.00 0.00 0.00 0.00 0.19 0.96 1.00 0.64 0.00 0.00 0.00 0.00 
 0.00 0.00 0.00 0.11 1.00 1.00 0.74 0.00 0.00 0.00 0.00 0.00 0.00 0.57 1.00 0.93 0.05 0.00 0.00 0.00 
 0.00 0.00 0.00 0.11 1.00 1.00 0.38 0.00 0.00 0.00 0.00 0.00 0.00 0.25 1.00 1.00 0.27 0.00 0.00 0.00 
 0.00 0.00 0.00 0.11 1.00 1.00 0.19 0.00 0.00 0.00 0.00 0.00 0.00 0.11 1.00 1.00 0.41 0.00 0.00 0.00 
 0.00 0.00 0.00 0.11 1.00 1.00 0.11 0.00 0.00 0.00 0.00 0.00 0.00 0.11 1.00 1.00 0.45 0.00 0.00 0.00 
 0.00 0.00 0.00 0.11 1.00 1.00 0.13 0.00 0.00 0.00 0.00 0.00 0.00 0.11 1.00 1.00 0.41 0.00 0.00 0.00 
 0.00 0.00 0.00 0.11 1.00 1.00 0.25 0.00 0.00 0.00 0.00 0.00 0.00 0.19 1.00 1.00 0.27 0.00 0.00 0.00 
 0.00 0.00 0.00 0.11 1.00 1.00 0.46 0.00 0.00 0.00 0.00 0.00 0.00 0.46 1.00 0.94 0.05 0.00 0.00 0.00 
 0.00 0.00 0.00 0.11 1.00 1.00 0.84 0.05 0.00 0.00 0.00 0.00 0.07 0.89 1.00 0.68 0.00 0.00 0.00 0.00 
 0.00 0.00 0.00 0.11 1.00 1.00 1.00 0.69 0.09 0.00 0.00 0.09 0.68 1.00 0.95 0.19 0.00 0.00 0.00 0.00 
 0.00 0.00 0.00 0.11 1.00 1.00 0.77 1.00 0.94 0.71 0.71 0.94 1.00 0.99 0.42 0.00 0.00 0.00 0.00 0.00 
 0.00 0.00 0.00 0.11 1.00 1.00 0.25 0.53 0.98 1.00 1.00 1.00 0.89 0.35 0.00 0.00 0.00 0.00 0.00 0.00 
 