0.00 0.00 0.00 0.40 1.00 0.50 0.00 0.00 0.00 0.00 0.00 0.00 0.00 0.00 0.00 0.00 0.00 0.00 0.00 0.00 
 0.00 0.00 0.00 0.40 1.00 0.50 0.00 0.00 0.00 0.00 0.00 0.00 0.00 0.00 0.00 0.00 0.00 0.00 0.00 0.00 
 0.00 0.00 0.00 0.40 1.00 0.50 0.00 0.00 0.00 0.00 0.00 0.00 0.00 0.00 0.00 0.00 0.00 0.00 0.00 0.00 
 0.00 0.00 0.00 0.40 1.00 0.50 0.00 0.00 0.00 0.00 0.00 0.00 0.00 0.00 0.00 0.00 0.00 0.00 0.00 0.00 
 0.00 0.00 0.00 0.40 1.00 0.50 0.00 0.00 0.00 0.00 0.00 0.00 0.00 0.00 0.00 0.00 0.00 0.00 0.00 0.00 
 0.00 0.00 0.00 0.40 1.00 0.50 0.00 0.00 0.00 0.09 0.14 0.16 0.09 0.00 0.00 0.00 0.00 0.00 0.00 0.00 
 0.00 0.00 0.00 0.40 1.00 0.50 0.01 0.32 0.78 0.99 1.00 1.00 0.99 0.73 0.22 0.00 0.00 0.00 0.00 0.00 
 0.00 0.00 0.00 0.40 1.00 0.51 0.55 0.95 0.64 0.40 0.31 0.45 0.75 0.99 0.97 0.33 0.00 0.00 0.00 0.00 
 0.00 0.00 0.00 0.40 1.00 0.79 0.89 0.18 0.00 0.00 0.00 0.00 0.00 0.39 0.99 0.93 0.12 0.00 0.00 0.00 
 0.00 0.00 0.00 0.40 1.00 0.99 0.30 0.00 0.00 0.00 0.00 0.00 0.00 0.00 0.60 1.00 0.57 0.00 0.00 0.00 
 0.00 0.00 0.00 0.40 1.00 0.83 0.00 0.00 0.00 0.00 0.00 0.00 0.00 0.00 0.19 1.00 0.86 0.00 0.00 0.00 
 0.00 0.00 0.00 0.40 1.00 0.57 0.00 0.00 0.00 0.00 0.00 0.00 0.00 0.00 0.04 0.94 0.97 0.07 0.00 0.00 
 0.00 0.00 0.00 0.40 1.00 0.45 0.00 0.00 0.00 0.00 0.00 0.00 0.00 0.00 0.00 0.82 1.00 0.19 0.00 0.00 
 0.00 0.00 0.00 0.40 1.00 0.40 0.00 0.00 0.00 0.00 0.00 0.00 0.00 0.00 0.00 0.80 1.00 0.20 0.00 0.00 
 0.00 0.00 0.00 0.40 1.00 0.50 0.00 0.00 0.00 0.00 0.00 0.00 0.00 0.00 0.00 0.87 1.00 0.14 0.00 0.00 
 0.00 0.00 0.00 0.40 1.00 0.66 0.00 0.00 0.00 0.00 0.00 0.00 0.00 0.00 0.10 0.99 0.92 0.02 0.00 0.00 
 0.00 0.00 0.00 0.40 1.00 0.91 0.04 0.00 0.00 0.00 0.00 0.00 0.00 0.00 0.37 1.00 0.74 0.00 0.00 0.00 
 0.00 0.00 0.00 0.40 1.00 0.97 0.52 0.00 0.00 0.00 0.00 0.00 0.00 0.08 0.86 1.00 0.35 0.00 0.00 0.00 
 0.00 0.00 0.00 0.41 1.00 0.61 0.91 0.54 0.08 0.00 0.00 0.01 0.20 0.80 1.00 0.72 0.01 0.00 0.00 0.00 
 0.00 0.00 0.00 0.50 1.00 0.50 0.21 0.87 0.97 0.79 0.71 0.85 1.00 1.00 0.70 0.06 0.00 0.00 0.00 0.00 
 