0.00 0.00 0.00 0.00 0.00 0.40 0.85 0.22 0.00 0.00 0.00 0.00 0.00 0.00 0.00 0.00 0.00 0.00 0.00 0.00 
 0.00 0.00 0.00 0.00 0.00 0.22 0.82 0.13 0.00 0.00 0.00 0.00 0.00 0.00 0.00 0.00 0.00 0.00 0.00 0.00 
 0.00 0.00 0.00 0.00 0.00 0.30 0.55 0.00 0.00 0.00 0.00 0.00 0.00 0.00 0.00 0.00 0.00 0.00 0.00 0.00 
 0.00 0.00 0.00 0.00 0.00 0.36 0.63 0.01 0.00 0.00 0.00 0.00 0.00 0.00 0.00 0.00 0.00 0.00 0.00 0.00 
 0.00 0.00 0.00 0.00 0.00 0.45 0.96 0.05 0.00 0.00 0.00 0.00 0.00 0.00 0.00 0.00 0.00 0.00 0.00 0.00 
 0.00 0.00 0.00 0.00 0.00 0.54 0.97 0.10 0.00 0.00 0.00 0.00 0.00 0.00 0.00 0.00 0.00 0.00 0.00 0.00 
 0.00 0.00 0.00 0.00 0.00 0.53 1.00 0.11 0.00 0.00 0.00 0.00 0.00 0.00 0.00 0.00 0.00 0.00 0.00 0.00 
 0.00 0.00 0.00 0.00 0.00 0.39 0.98 0.10 0.00 0.00 0.00 0.00 0.00 0.00 0.00 0.00 0.00 0.00 0.00 0.00 
 0.00 0.00 0.00 0.00 0.00 0.47 0.84 0.07 0.00 0.00 0.00 0.00 0.00 0.00 0.00 0.00 0.00 0.00 0.00 0.00 
 0.00 0.00 0.00 0.00 0.00 0.52 0.89 0.05 0.00 0.00 0.00 0.00 0.00 0.00 0.00 0.00 0.00 0.00 0.00 0.00 
 0.00 0.00 0.00 0.00 0.00 0.33 0.99 0.12 0.00 0.00 0.00 0.00 0.00 0.00 0.00 0.00 0.00 0.00 0.00 0.00 
 0.00 0.00 0.00 0.00 0.00 0.18 0.88 0.24 0.50 0.74 0.76 0.86 0.72 0.47 0.00 0.00 0.00 0.00 0.00 0.00 
 0.00 0.00 0.00 0.00 0.00 0.36 0.98 0.66 0.19 0.06 0.18 0.27 0.53 0.90 0.81 0.18 0.00 0.00 0.00 0.00 
 0.00 0.00 0.00 0.00 0.00 0.34 0.42 0.00 0.00 0.00 0.00 0.00 0.00 0.07 0.66 0.79 0.00 0.00 0.00 0.00 
 0.00 0.00 0.00 0.00 0.00 0.27 0.77 0.00 0.00 0.00 0.00 0.00 0.00 0.00 0.01 0.81 0.15 0.00 0.00 0.00 
 0.00 0.00 0.00 0.00 0.00 0.37 0.97 0.09 0.00 0.00 0.00 0.00 0.00 0.00 0.11 0.80 0.27 0.00 0.00 0.00 
 0.00 0.00 0.00 0.00 0.00 0.39 0.92 0.01 0.00 0.00 0.00 0.00 0.00 0.00 0.60 0.75 0.04 0.00 0.00 0.00 
 0.00 0.00 0.00 0.00 0.00 0.28 1.00 0.13 0.00 0.00 0.00 0.00 0.00 0.04 0.87 0.42 0.00 0.00 0.00 0.00 
 0.00 0.00 0.00 0.00 0.00 0.50 1.00 0.17 0.00 0.00 0.00 0.00 0.00 0.48 0.74 0.03 0.00 0.00 0.00 0.00 
 0.00 0.00 0.00 0.00 0.03 0.75 0.95 0.22 0.10 0.00 0.00 0.11 0.51 0.63 0.03 0.00 0.00 0.00 0.00 0.00 
 