-1.00 -1.00 -1.00 -1.00 -1.00 -1.00 -1.00 -0.62 0.12 0.62 0.90 0.98 0.87 0.53 -0.07 -0.85 -1.00 -1.00 -1.00 -1.00 
 -1.00 -1.00 -1.00 -1.00 -1.00 -0.80 0.36 1.00 1.00 0.60 -0.26 -0.22 0.78 1.00 1.00 0.86 -0.40 -1.00 -1.00 -1.00 
 -1.00 -1.00 -1.00 -1.00 -0.64 0.80 1.00 1.00 0.65 -0.92 -1.00 -1.00 -0.29 1.00 1.00 1.00 0.95 -0.59 -1.00 -1.00 
 -1.00 -1.00 -1.00 -0.78 0.82 1.00 1.00 1.00 -0.40 -1.00 -1.00 -1.00 -0.43 1.00 1.00 1.00 1.00 0.36 -1.00 -1.00 
 -1.00 -1.00 -0.99 0.45 1.00 1.00 1.00 0.87 -0.97 -1.00 -1.00 -1.00 -0.47 1.00 1.00 1.00 1.00 0.68 -1.00 -1.00 
 -1.00 -1.00 -0.47 1.00 1.00 1.00 1.00 0.47 -1.00 -1.00 -1.00 -1.00 -0.77 1.00 1.00 1.00 1.00 0.38 -1.00 -1.00 
 -1.00 -1.00 0.34 1.00 1.00 1.00 1.00 0.22 -1.00 -1.00 -1.00 -1.00 -1.00 0.15 1.00 1.00 0.69 -0.70 -1.00 -1.00 
 -1.00 -0.96 0.91 1.00 1.00 1.00 1.00 0.09 -1.00 -1.00 -1.00 -1.00 -1.00 -1.00 -0.79 -0.74 -0.98 -1.00 -1.00 -1.00 
 -1.00 -0.67 1.00 1.00 1.00 1.00 1.00 0.08 -1.00 -1.00 -1.00 -1.00 -1.00 -1.00 -1.00 -1.00 -1.00 -1.00 -1.00 -1.00 
 -1.00 -0.45 1.00 1.00 1.00 1.00 1.00 0.16 -1.00 -1.00 -1.00 -1.00 -1.00 -1.00 -1.00 -1.00 -1.00 -1.00 -1.00 -1.00 
 -1.00 -0.40 1.00 1.00 1.00 1.00 1.00 0.36 -1.00 -1.00 -1.00 -1.00 -1.00 -1.00 -1.00 -1.00 -1.00 -1.00 -1.00 -1.00 
 -1.00 -0.51 1.00 1.00 1.00 1.00 1.00 0.69 -1.00 -1.00 -1.00 -1.00 -1.00 -1.00 -1.00 -1.00 -1.00 -1.00 -1.00 -1.00 
 -1.00 -0.77 1.00 1.00 1.00 1.00 1.00 0.99 -0.81 -1.00 -1.00 -1.00 -1.00 -1.00 -1.00 -1.00 -1.00 -1.00 -1.00 -1.00 
 -1.00 -0.99 0.77 1.00 1.00 1.00 1.00 1.00 -0.13 -1.00 -1.00 -1.00 -1.00 -1.00 -1.00 -1.00 -1.00 -1.00 -1.00 -1.00 
 -1.00 -1.00 0.11 1.00 1.00 1.00 1.00 1.00 0.76 -0.93 -1.00 -1.00 -1.00 -1.00 -1.00 -1.00 -1.00 -1.00 -1.00 -1.00 
 -1.00 -1.00 -0.74 0.95 1.00 1.00 1.00 1.00 1.00 0.18 -0.99 -1.00 -1.00 -1.00 -1.00 -1.00 -0.94 0.32 -0.67 -1.00 
 -1.00 -1.00 -1.00 -0.01 1.00 1.00 1.00 1.00 1.00 1.00 0.24 -0.86 -1.00 -1.00 -1.00 -0.73 0.53 0.61 -0.91 -1.00 
 -1.00 -1.00 -1.00 -0.98 0.34 1.00 1.00 1.00 1.00 1.00 1.00 0.93 0.47 0.30 0.52 0.97 0.64 -0.83 -1.00 -1.00 
 -1.00 -1.00 -1.00 -1.00 -0.97 0.08 0.98 1.00 1.00 1.00 1.00 1.00 1.00 1.00 1.00 0.33 -0.88 -1.00 -1.00 -1.00 
 -1.00 -1.00 -1.00 -1.00 -1.00 -1.00 -0.65 0.22 0.81 1.00 1.00 1.00 0.88 0.35 -0.49 -1.00 -1.00 -1.00 -1.00 -1.00 
 