-1.00 -1.00 -1.00 -1.00 -1.00 -0.99 -0.48 0.23 0.69 0.93 1.00 0.89 0.60 0.07 -0.71 -1.00 -1.00 -1.00 -1.00 -1.00 
 -1.00 -1.00 -1.00 -1.00 -0.78 0.47 1.00 1.00 1.00 1.00 1.00 1.00 1.00 1.00 0.98 0.07 -0.97 -1.00 -1.00 -1.00 
 -1.00 -1.00 -1.00 -0.75 0.78 1.00 1.00 1.00 1.00 1.00 1.00 1.00 1.00 1.00 1.00 1.00 0.30 -0.99 -1.00 -1.00 
 -1.00 -1.00 -0.97 0.59 1.00 1.00 1.00 1.00 1.00 1.00 0.96 1.00 1.00 1.00 1.00 1.00 1.00 -0.22 -1.00 -1.00 
 -1.00 -1.00 -0.24 1.00 1.00 1.00 1.00 0.94 -0.15 -0.87 -0.99 -0.76 0.28 1.00 1.00 1.00 1.00 0.77 -0.97 -1.00 
 -1.00 -1.00 0.60 1.00 1.00 1.00 1.00 -0.20 -1.00 -1.00 -1.00 -1.00 -0.98 0.59 1.00 1.00 1.00 1.00 -0.51 -1.00 
 -1.00 -0.79 1.00 1.00 1.00 1.00 0.85 -0.95 -1.00 -1.00 -1.00 -1.00 -1.00 -0.24 1.00 1.00 1.00 1.00 -0.07 -1.00 
 -1.00 -0.37 1.00 1.00 1.00 1.00 0.34 -1.00 -1.00 -1.00 -1.00 -1.00 -1.00 -0.85 -0.18 -0.18 -0.18 -0.18 -0.55 -1.00 
 -1.00 -0.11 1.00 1.00 1.00 1.00 -0.00 -1.00 -1.00 -1.00 -1.00 -1.00 -1.00 -1.00 -1.00 -1.00 -1.00 -1.00 -1.00 -1.00 
 -1.00 0.02 1.00 1.00 1.00 1.00 -0.18 -1.00 -1.00 -1.00 -1.00 -1.00 -1.00 -1.00 -1.00 -1.00 -1.00 -1.00 -1.00 -1.00 
 -1.00 0.04 1.00 1.00 1.00 1.00 -0.20 -1.00 -1.00 -1.00 -1.00 -1.00 -1.00 -1.00 -1.00 -1.00 -1.00 -1.00 -1.00 -1.00 
 -1.00 -0.06 1.00 1.00 1.00 1.00 -0.07 -1.00 -1.00 -1.00 -1.00 -1.00 -1.00 -1.00 -1.00 -1.00 -1.00 -1.00 -1.00 -1.00 
 -1.00 -0.29 1.00 1.00 1.00 1.00 0.27 -1.00 -1.00 -1.00 -1.00 -1.00 -1.00 -0.89 -0.36 -0.36 -0.36 -0.36 -0.65 -1.00 
 -1.00 -0.68 1.00 1.00 1.00 1.00 0.84 -0.95 -1.00 -1.00 -1.00 -1.00 -1.00 -0.24 1.00 1.00 1.00 1.00 -0.09 -1.00 
 -1.00 -0.99 0.74 1.00 1.00 1.00 1.00 -0.06 -1.00 -1.00 -1.00 -1.00 -0.97 0.62 1.00 1.00 1.00 1.00 -0.57 -1.00 
 -1.00 -1.00 -0.06 1.00 1.00 1.00 1.00 0.98 -0.06 -0.90 -1.00 -0.83 0.28 1.00 1.00 1.00 1.00 0.69 -0.98 -1.00 
 -1.00 -1.00 -0.91 0.74 1.00 1.00 1.00 1.00 1.00 0.98 0.87 0.99 1.00 1.00 1.00 1.00 1.00 -0.36 -1.00 -1.00 
 -1.00 -1.00 -1.00 -0.61 0.89 1.00 1.00 1.00 1.00 1.00 1.00 1.00 1.00 1.00 1.00 1.00 0.12 -1.00 -1.00 -1.00 
 -1.00 -1.00 -1.00 -1.00 -0.65 0.65 1.00 1.00 1.00 1.00 1.00 1.00 1.00 1.00 0.95 -0.06 -0.99 -1.00 -1.00 -1.00 
 -1.00 -1.00 -1.00 -1.00 -1.00 -0.97 -0.31 0.37 0.81 1.00 1.00 0.96 0.64 0.07 -0.75 -1.00 -1.00 -1.00 -1.00 -1.00 
 