-1.00 -1.00 -1.00 -1.00 -1.00 -1.00 -1.00 -1.00 -0.88 -0.20 0.38 0.77 0.98 0.99 0.80 0.36 -0.36 -0.98 -1.00 -1.00 
 -1.00 -1.00 -1.00 -1.00 -1.00 -1.00 -0.92 0.00 0.90 1.00 0.89 0.27 0.00 0.25 0.92 1.00 1.00 0.48 -0.87 -1.00 
 -1.00 -1.00 -1.00 -1.00 -1.00 -0.65 0.69 1.00 1.00 0.26 -0.87 -1.00 -1.00 -1.00 -0.68 0.88 1.00 1.00 0.43 -1.00 
 -1.00 -1.00 -1.00 -1.00 -0.51 0.89 1.00 1.00 0.07 -0.99 -1.00 -1.00 -1.00 -1.00 -1.00 0.13 1.00 1.00 1.00 -0.68 
 -1.00 -1.00 -1.00 -0.65 0.89 1.00 1.00 0.41 -0.98 -1.00 -1.00 -1.00 -1.00 -1.00 -1.00 -0.04 1.00 1.00 1.00 -0.48 
 -1.00 -1.00 -0.92 0.69 1.00 1.00 0.91 -0.79 -1.00 -1.00 -1.00 -1.00 -1.00 -1.00 -1.00 0.11 1.00 1.00 0.88 -0.87 
 -1.00 -1.00 0.01 1.00 1.00 1.00 0.09 -1.00 -1.00 -1.00 -1.00 -1.00 -1.00 -1.00 -1.00 -0.72 0.41 0.41 -0.55 -1.00 
 -1.00 -0.87 0.90 1.00 1.00 0.99 -0.74 -1.00 -1.00 -1.00 -1.00 -1.00 -1.00 -1.00 -1.00 -1.00 -1.00 -1.00 -1.00 -1.00 
 -1.00 -0.18 1.00 1.00 1.00 0.55 -1.00 -1.00 -1.00 -1.00 -1.00 -1.00 -1.00 -1.00 -1.00 -1.00 -1.00 -1.00 -1.00 -1.00 
 -1.00 0.42 1.00 1.00 1.00 -0.00 -1.00 -1.00 -1.00 -1.00 -1.00 -1.00 -1.00 -1.00 -1.00 -1.00 -1.00 -1.00 -1.00 -1.00 
 -1.00 0.83 1.00 1.00 1.00 -0.44 -1.00 -1.00 -1.00 -1.00 -1.00 -1.00 -1.00 -1.00 -1.00 -1.00 -1.00 -1.00 -1.00 -1.00 
 -0.95 1.00 1.00 1.00 1.00 -0.74 -1.00 -1.00 -1.00 -1.00 -1.00 -1.00 -1.00 -1.00 -1.00 -1.00 -1.00 -1.00 -1.00 -1.00 
 -0.91 1.00 1.00 1.00 1.00 -0.89 -1.00 -1.00 -1.00 -1.00 -1.00 -1.00 -1.00 -1.00 -1.00 -1.00 -1.00 -1.00 -1.00 -1.00 
 -0.98 0.93 1.00 1.00 1.00 -0.82 -1.00 -1.00 -1.00 -1.00 -1.00 -1.00 -1.00 -1.00 -1.00 -1.00 -1.00 -1.00 -1.00 -1.00 
 -1.00 0.55 1.00 1.00 1.00 -0.47 -1.00 -1.00 -1.00 -1.00 -1.00 -1.00 -1.00 -1.00 -1.00 -1.00 -1.00 -1.00 -1.00 -1.00 
 -1.00 -0.10 1.00 1.00 1.00 0.26 -1.00 -1.00 -1.00 -1.00 -1.00 -1.00 -1.00 -1.00 -1.00 -1.00 -0.36 0.19 -0.98 -1.00 
 -1.00 -0.88 0.82 1.00 1.00 0.98 -0.47 -1.00 -1.00 -1.00 -1.00 -1.00 -1.00 -1.00 -0.87 0.19 1.00 0.47 -0.95 -1.00 
 -1.00 -1.00 -0.44 0.97 1.00 1.00 0.92 -0.20 -0.96 -1.00 -1.00 -1.00 -0.83 -0.07 0.84 1.00 0.22 -0.94 -1.00 -1.00 
 -1.00 -1.00 -1.00 -0.40 0.87 1.00 1.00 1.00 0.85 0.45 0.39 0.62 0.98 1.00 0.65 -0.44 -1.00 -1.00 -1.00 -1.00 
 -1.00 -1.00 -1.00 -1.00 -0.82 0.08 0.78 1.00 1.00 1.00 1.00 0.84 0.29 -0.43 -0.98 -1.00 -1.00 -1.00 -1.00 -1.00 
 