-1.00 -1.00 -1.00 -1.00 -1.00 -1.00 -1.00 -1.00 -0.69 -0.14 0.22 0.39 0.39 0.20 -0.19 -0.80 -1.00 -1.00 -1.00 -1.00 
 -1.00 -1.00 -1.00 -1.00 -1.00 -0.99 -0.38 0.57 1.00 1.00 1.00 1.00 1.00 1.00 1.00 0.97 0.25 -0.84 -1.00 -1.00 
 -1.00 -1.00 -1.00 -1.00 -0.81 0.43 1.00 1.00 1.00 0.79 0.40 0.27 0.38 0.78 1.00 1.00 1.00 0.76 -0.70 -1.00 
 -1.00 -1.00 -1.00 -0.65 0.79 1.00 1.00 0.37 -0.56 -0.99 -1.00 -1.00 -1.00 -0.99 -0.45 0.69 1.00 1.00 0.73 -0.90 
 -1.00 -1.00 -0.71 0.84 1.00 0.89 -0.37 -1.00 -1.00 -1.00 -1.00 -1.00 -1.00 -1.00 -1.00 -0.88 0.59 1.00 1.00 0.04 
 -1.00 -0.93 0.65 1.00 0.88 -0.60 -1.00 -1.00 -1.00 -1.00 -1.00 -1.00 -1.00 -1.00 -1.00 -1.00 -0.73 0.95 1.00 0.84 
 -1.00 0.02 1.00 1.00 -0.38 -1.00 -1.00 -1.00 -1.00 -1.00 -1.00 -1.00 -1.00 -1.00 -1.00 -1.00 -1.00 -0.37 -0.15 -0.15 
 -0.85 0.91 1.00 0.36 -1.00 -1.00 -1.00 -1.00 -1.00 -1.00 -1.00 -1.00 -1.00 -1.00 -1.00 -1.00 -1.00 -1.00 -1.00 -1.00 
 -0.15 1.00 1.00 -0.57 -1.00 -1.00 -1.00 -1.00 -1.00 -1.00 -1.00 -1.00 -1.00 -1.00 -1.00 -1.00 -1.00 -1.00 -1.00 -1.00 
 0.44 1.00 0.79 -0.99 -1.00 -1.00 -1.00 -1.00 -1.00 -1.00 -1.00 -1.00 -1.00 -1.00 -1.00 -1.00 -1.00 -1.00 -1.00 -1.00 
 0.81 1.00 0.41 -1.00 -1.00 -1.00 -1.00 -1.00 -1.00 -1.00 -1.00 -1.00 -1.00 -1.00 -1.00 -1.00 -1.00 -1.00 -1.00 -1.00 
 0.98 1.00 0.29 -1.00 -1.00 -1.00 -1.00 -1.00 -1.00 -1.00 -1.00 -1.00 -1.00 -1.00 -1.00 -1.00 -1.00 -1.00 -1.00 -1.00 
 0.95 1.00 0.45 -1.00 -1.00 -1.00 -1.00 -1.00 -1.00 -1.00 -1.00 -1.00 -1.00 -1.00 -1.00 -1.00 -1.00 -1.00 -1.00 -1.00 
 0.68 1.00 0.87 -0.95 -1.00 -1.00 -1.00 -1.00 -1.00 -1.00 -1.00 -1.00 -1.00 -1.00 -1.00 -0.98 -0.85 -0.85 -0.87 -1.00 
 0.18 1.00 1.00 -0.22 -1.00 -1.00 -1.00 -1.00 -1.00 -1.00 -1.00 -1.00 -1.00 -1.00 -0.98 0.18 1.00 1.00 -0.19 -1.00 
 -0.59 1.00 1.00 0.87 -0.69 -1.00 -1.00 -1.00 -1.00 -1.00 -1.00 -1.00 -1.00 -0.94 0.28 1.00 1.00 0.23 -0.99 -1.00 
 -1.00 0.29 1.00 1.00 0.84 -0.33 -0.98 -1.00 -1.00 -1.00 -1.00 -0.98 -0.42 0.66 1.00 1.00 0.37 -0.96 -1.00 -1.00 
 -1.00 -0.90 0.55 1.00 1.00 1.00 0.72 0.18 -0.06 -0.04 0.24 0.76 1.00 1.00 0.98 0.08 -0.97 -1.00 -1.00 -1.00 
 -1.00 -1.00 -0.94 0.06 0.93 1.00 1.00 1.00 1.00 1.00 1.00 1.00 1.00 0.47 -0.58 -1.00 -1.00 -1.00 -1.00 -1.00 
 -1.00 -1.00 -1.00 -1.00 -0.84 -0.18 0.33 0.65 0.76 0.68 0.40 -0.05 -0.69 -1.00 -1.00 -1.00 -1.00 -1.00 -1.00 -1.00 
 