0.00 0.00 0.00 0.00 0.00 0.00 0.00 0.11 0.42 0.73 0.89 1.00 1.00 0.86 0.67 0.33 0.09 0.00 0.53 0.17 
 0.00 0.00 0.00 0.00 0.00 0.06 0.47 0.95 0.97 0.70 0.39 0.20 0.17 0.25 0.50 0.84 0.89 0.67 0.97 0.31 
 0.00 0.00 0.00 0.00 0.11 0.73 1.00 0.86 0.28 0.00 0.00 0.00 0.00 0.00 0.00 0.06 0.61 1.00 1.00 0.33 
 0.00 0.00 0.00 0.09 0.75 1.00 0.92 0.20 0.00 0.00 0.00 0.00 0.00 0.00 0.00 0.00 0.03 0.58 1.00 0.42 
 0.00 0.00 0.00 0.56 1.00 1.00 0.47 0.00 0.00 0.00 0.00 0.00 0.00 0.00 0.00 0.00 0.00 0.09 0.86 0.50 
 0.00 0.00 0.22 0.97 1.00 0.89 0.06 0.00 0.00 0.00 0.00 0.00 0.00 0.00 0.00 0.00 0.00 0.00 0.39 0.53 
 0.00 0.00 0.61 1.00 1.00 0.64 0.00 0.00 0.00 0.00 0.00 0.00 0.00 0.00 0.00 0.00 0.00 0.00 0.11 0.53 
 0.00 0.11 0.95 1.00 1.00 0.33 0.00 0.00 0.00 0.00 0.00 0.00 0.00 0.00 0.00 0.00 0.00 0.00 0.00 0.00 
 0.00 0.25 1.00 1.00 1.00 0.17 0.00 0.00 0.00 0.00 0.00 0.00 0.00 0.00 0.00 0.00 0.00 0.00 0.00 0.00 
 0.00 0.39 1.00 1.00 0.89 0.06 0.00 0.00 0.00 0.00 0.00 0.00 0.00 0.00 0.00 0.00 0.00 0.00 0.00 0.00 
 0.00 0.50 1.00 1.00 0.84 0.00 0.00 0.00 0.00 0.00 0.00 0.00 0.00 0.00 0.00 0.00 0.00 0.00 0.00 0.00 
 0.00 0.50 1.00 1.00 0.84 0.00 0.00 0.00 0.00 0.00 0.00 0.00 0.00 0.00 0.00 0.00 0.00 0.00 0.00 0.00 
 0.00 0.45 1.00 1.00 0.86 0.03 0.00 0.00 0.00 0.00 0.00 0.00 0.00 0.00 0.00 0.00 0.00 0.00 0.00 0.00 
 0.00 0.28 1.00 1.00 1.00 0.20 0.00 0.00 0.00 0.00 0.00 0.00 0.00 0.00 0.00 0.00 0.00 0.00 0.00 0.00 
 0.00 0.14 0.97 1.00 1.00 0.39 0.00 0.00 0.00 0.00 0.00 0.00 0.00 0.00 0.00 0.00 0.00 0.00 0.00 0.00 
 0.00 0.00 0.70 1.00 1.00 0.70 0.00 0.00 0.00 0.00 0.00 0.00 0.00 0.00 0.00 0.00 0.00 0.00 0.00 0.03 
 0.00 0.00 0.25 0.97 1.00 0.92 0.17 0.00 0.00 0.00 0.00 0.00 0.00 0.00 0.00 0.00 0.00 0.00 0.03 0.56 
 0.00 0.00 0.00 0.61 1.00 1.00 0.73 0.03 0.00 0.00 0.00 0.00 0.00 0.00 0.00 0.00 0.00 0.03 0.47 0.39 
 0.00 0.00 0.00 0.09 0.81 1.00 1.00 0.58 0.06 0.00 0.00 0.00 0.00 0.00 0.00 0.00 0.03 0.47 0.58 0.00 
 0.00 0.00 0.00 0.00 0.11 0.75 1.00 1.00 0.81 0.25 0.00 0.00 0.00 0.00 0.00 0.20 0.70 0.61 0.03 0.00 
 