0.00 0.00 0.00 0.00 0.00 0.00 0.00 0.09 0.42 0.72 0.90 0.91 0.88 0.84 0.63 0.29 0.04 0.00 0.62 0.13 
 0.00 0.00 0.00 0.00 0.00 0.05 0.47 0.95 0.89 0.46 0.16 0.03 0.00 0.13 0.41 0.84 0.85 0.65 0.99 0.22 
 0.00 0.00 0.00 0.00 0.10 0.77 1.00 0.73 0.07 0.00 0.00 0.00 0.00 0.00 0.00 0.04 0.60 1.00 1.00 0.26 
 0.00 0.00 0.00 0.07 0.82 1.00 0.82 0.04 0.00 0.00 0.00 0.00 0.00 0.00 0.00 0.00 0.03 0.69 1.00 0.33 
 0.00 0.00 0.02 0.63 1.00 0.99 0.26 0.00 0.00 0.00 0.00 0.00 0.00 0.00 0.00 0.00 0.00 0.11 0.95 0.41 
 0.00 0.00 0.25 1.00 1.00 0.77 0.00 0.00 0.00 0.00 0.00 0.00 0.00 0.00 0.00 0.00 0.00 0.00 0.55 0.45 
 0.00 0.00 0.68 1.00 1.00 0.45 0.00 0.00 0.00 0.00 0.00 0.00 0.00 0.00 0.00 0.00 0.00 0.00 0.18 0.48 
 0.00 0.10 0.98 1.00 1.00 0.20 0.00 0.00 0.00 0.00 0.00 0.00 0.00 0.00 0.00 0.00 0.00 0.00 0.00 0.00 
 0.00 0.31 1.00 1.00 0.93 0.04 0.00 0.00 0.00 0.00 0.00 0.00 0.00 0.00 0.00 0.00 0.00 0.00 0.00 0.00 
 0.00 0.47 1.00 1.00 0.89 0.00 0.00 0.00 0.00 0.00 0.00 0.00 0.00 0.00 0.00 0.00 0.00 0.00 0.00 0.00 
 0.00 0.56 1.00 1.00 0.89 0.00 0.00 0.00 0.00 0.00 0.00 0.00 0.00 0.00 0.00 0.00 0.00 0.00 0.00 0.00 
 0.00 0.56 1.00 1.00 0.89 0.00 0.00 0.00 0.00 0.00 0.00 0.00 0.00 0.00 0.00 0.00 0.00 0.00 0.00 0.00 
 0.00 0.48 1.00 1.00 0.89 0.00 0.00 0.00 0.00 0.00 0.00 0.00 0.00 0.00 0.00 0.00 0.00 0.00 0.00 0.00 
 0.00 0.31 1.00 1.00 0.96 0.09 0.00 0.00 0.00 0.00 0.00 0.00 0.00 0.00 0.00 0.00 0.00 0.00 0.00 0.00 
 0.00 0.11 0.99 1.00 1.00 0.30 0.00 0.00 0.00 0.00 0.00 0.00 0.00 0.00 0.00 0.00 0.00 0.00 0.00 0.00 
 0.00 0.00 0.69 1.00 1.00 0.62 0.00 0.00 0.00 0.00 0.00 0.00 0.00 0.00 0.00 0.00 0.00 0.00 0.00 0.04 
 0.00 0.00 0.24 0.99 1.00 0.95 0.13 0.00 0.00 0.00 0.00 0.00 0.00 0.00 0.00 0.00 0.00 0.00 0.09 0.63 
 0.00 0.00 0.00 0.57 1.00 1.00 0.73 0.03 0.00 0.00 0.00 0.00 0.00 0.00 0.00 0.00 0.00 0.06 0.69 0.19 
 0.00 0.00 0.00 0.04 0.73 1.00 1.00 0.69 0.09 0.00 0.00 0.00 0.00 0.00 0.00 0.00 0.10 0.71 0.35 0.00 
 0.00 0.00 0.00 0.00 0.05 0.64 1.00 1.00 0.91 0.47 0.15 0.00 0.00 0.00 0.10 0.44 0.83 0.31 0.00 0.00 
 