0.00 0.00 0.00 0.00 0.00 0.00 0.00 0.00 0.16 0.47 0.72 0.88 1.00 1.00 1.00 0.92 0.80 0.59 0.37 0.04 
 0.00 0.00 0.00 0.00 0.00 0.00 0.16 0.65 0.98 1.00 1.00 1.00 1.00 1.00 1.00 1.00 1.00 1.00 0.96 0.11 
 0.00 0.00 0.00 0.00 0.02 0.35 0.94 1.00 1.00 1.00 1.00 1.00 1.00 1.00 1.00 1.00 1.00 1.00 0.86 0.00 
 0.00 0.00 0.00 0.00 0.45 1.00 1.00 1.00 1.00 1.00 1.00 1.00 1.00 0.98 1.00 1.00 1.00 1.00 0.72 0.00 
 0.00 0.00 0.00 0.29 0.98 1.00 1.00 1.00 1.00 0.96 0.62 0.27 0.15 0.13 0.16 0.33 0.57 0.86 0.51 0.00 
 0.00 0.00 0.11 0.90 1.00 1.00 1.00 1.00 0.84 0.21 0.00 0.00 0.00 0.00 0.00 0.00 0.00 0.02 0.11 0.00 
 0.00 0.00 0.47 1.00 1.00 1.00 1.00 0.92 0.15 0.00 0.00 0.00 0.00 0.00 0.00 0.00 0.00 0.00 0.00 0.00 
 0.00 0.08 0.92 1.00 1.00 1.00 1.00 0.43 0.00 0.00 0.00 0.00 0.00 0.00 0.00 0.00 0.00 0.00 0.00 0.00 
 0.00 0.29 1.00 1.00 1.00 1.00 0.86 0.02 0.00 0.00 0.00 0.00 0.00 0.00 0.00 0.00 0.00 0.00 0.00 0.00 
 0.00 0.57 1.00 1.00 1.00 1.00 0.62 0.00 0.00 0.00 0.00 0.00 0.00 0.00 0.00 0.00 0.00 0.00 0.00 0.00 
 0.00 0.78 1.00 1.00 1.00 1.00 0.37 0.00 0.00 0.00 0.00 0.00 0.00 0.00 0.00 0.00 0.00 0.00 0.00 0.00 
 0.02 0.88 1.00 1.00 1.00 1.00 0.25 0.00 0.00 0.00 0.00 0.00 0.00 0.00 0.00 0.00 0.00 0.00 0.00 0.00 
 0.15 1.00 1.00 1.00 1.00 1.00 0.16 0.00 0.00 0.00 0.00 0.00 0.00 0.00 0.00 0.00 0.00 0.00 0.00 0.00 
 0.11 0.96 1.00 1.00 1.00 1.00 0.33 0.00 0.00 0.00 0.00 0.00 0.00 0.00 0.00 0.00 0.00 0.00 0.00 0.00 
 0.00 0.84 1.00 1.00 1.00 1.00 0.69 0.02 0.00 0.00 0.00 0.00 0.00 0.00 0.00 0.00 0.00 0.00 0.00 0.00 
 0.00 0.62 1.00 1.00 1.00 1.00 1.00 0.59 0.11 0.00 0.00 0.00 0.00 0.13 0.29 0.51 0.00 0.00 0.00 0.00 
 0.00 0.27 1.00 1.00 1.00 1.00 1.00 1.00 0.96 0.76 0.72 0.72 0.82 0.98 1.00 0.86 0.00 0.00 0.00 0.00 
 0.00 0.02 0.67 1.00 1.00 1.00 1.00 1.00 1.00 1.00 1.00 1.00 1.00 1.00 1.00 0.86 0.00 0.00 0.00 0.00 
 0.00 0.00 0.08 0.72 1.00 1.00 1.00 1.00 1.00 1.00 1.00 1.00 1.00 1.00 1.00 0.86 0.00 0.00 0.00 0.00 
 0.00 0.00 0.00 0.02 0.41 0.86 1.00 1.00 1.00 1.00 1.00 1.00 1.00 0.98 0.76 0.43 0.00 0.00 0.00 0.00 
 