0.00 0.00 0.00 0.00 0.00 0.00 0.00 0.12 0.40 0.72 0.92 1.00 1.00 0.84 0.60 0.20 0.00 0.00 0.00 0.00 
 0.00 0.00 0.00 0.00 0.00 0.04 0.40 0.92 0.96 0.72 0.52 0.52 0.72 0.96 1.00 0.96 0.56 0.04 0.00 0.00 
 0.00 0.00 0.00 0.00 0.04 0.56 1.00 0.88 0.28 0.00 0.00 0.00 0.00 0.48 1.00 1.00 1.00 0.56 0.00 0.00 
 0.00 0.00 0.00 0.04 0.48 1.00 0.96 0.28 0.00 0.00 0.00 0.00 0.00 0.16 0.96 1.00 1.00 0.96 0.28 0.00 
 0.00 0.00 0.00 0.28 1.00 1.00 0.64 0.00 0.00 0.00 0.00 0.00 0.00 0.00 0.80 1.00 1.00 1.00 0.60 0.00 
 0.00 0.00 0.04 0.76 1.00 1.00 0.28 0.00 0.00 0.00 0.00 0.00 0.00 0.00 0.56 1.00 1.00 1.00 0.48 0.00 
 0.00 0.00 0.24 1.00 1.00 0.84 0.04 0.00 0.00 0.00 0.00 0.00 0.00 0.00 0.08 0.52 0.60 0.48 0.04 0.00 
 0.00 0.00 0.44 1.00 1.00 0.80 0.00 0.00 0.00 0.00 0.00 0.00 0.00 0.00 0.00 0.00 0.00 0.00 0.00 0.00 
 0.00 0.00 0.64 1.00 1.00 0.80 0.00 0.00 0.00 0.00 0.00 0.00 0.00 0.00 0.00 0.00 0.00 0.00 0.00 0.00 
 0.00 0.00 0.80 1.00 1.00 0.80 0.00 0.00 0.00 0.00 0.00 0.00 0.00 0.00 0.00 0.00 0.00 0.00 0.00 0.00 
 0.00 0.00 0.80 1.00 1.00 0.80 0.00 0.00 0.00 0.00 0.00 0.00 0.00 0.00 0.00 0.00 0.00 0.00 0.00 0.00 
 0.00 0.00 0.80 1.00 1.00 0.88 0.08 0.00 0.00 0.00 0.00 0.00 0.00 0.00 0.00 0.00 0.00 0.00 0.00 0.00 
 0.00 0.00 0.72 1.00 1.00 1.00 0.36 0.00 0.00 0.00 0.00 0.00 0.00 0.00 0.00 0.00 0.00 0.00 0.12 0.04 
 0.00 0.00 0.56 1.00 1.00 1.00 0.68 0.00 0.00 0.00 0.00 0.00 0.00 0.00 0.00 0.00 0.00 0.04 0.64 0.08 
 0.00 0.00 0.32 1.00 1.00 1.00 0.92 0.16 0.00 0.00 0.00 0.00 0.00 0.00 0.00 0.00 0.00 0.32 0.76 0.00 
 0.00 0.00 0.16 0.96 1.00 1.00 1.00 0.72 0.04 0.00 0.00 0.00 0.00 0.00 0.00 0.00 0.16 0.88 0.44 0.00 
 0.00 0.00 0.00 0.60 1.00 1.00 1.00 1.00 0.60 0.08 0.00 0.00 0.00 0.00 0.00 0.16 0.76 0.88 0.08 0.00 
 0.00 0.00 0.00 0.12 0.88 1.00 1.00 1.00 1.00 0.76 0.32 0.20 0.20 0.24 0.52 0.92 0.96 0.44 0.00 0.00 
 0.00 0.00 0.00 0.00 0.28 0.92 1.00 1.00 1.00 1.00 1.00 1.00 1.00 1.00 1.00 1.00 0.64 0.00 0.00 0.00 
 0.00 0.00 0.00 0.00 0.00 0.28 0.96 1.00 1.00 1.00 1.00 1.00 1.00 1.00 1.00 0.64 0.04 0.00 0.00 0.00 
 