0.00 0.00 0.00 0.00 0.00 0.00 0.00 0.00 0.17 0.52 0.77 0.93 1.00 0.99 0.89 0.74 0.46 0.08 0.00 0.00 
 0.00 0.00 0.00 0.00 0.00 0.00 0.07 0.61 0.99 1.00 1.00 1.00 1.00 1.00 1.00 1.00 1.00 0.40 0.00 0.00 
 0.00 0.00 0.00 0.00 0.00 0.12 0.84 1.00 0.99 0.74 0.40 0.19 0.10 0.12 0.26 0.50 0.83 0.40 0.00 0.00 
 0.00 0.00 0.00 0.00 0.08 0.85 1.00 0.92 0.31 0.00 0.00 0.00 0.00 0.00 0.00 0.00 0.01 0.08 0.00 0.00 
 0.00 0.00 0.00 0.01 0.64 1.00 0.94 0.21 0.00 0.00 0.00 0.00 0.00 0.00 0.00 0.00 0.00 0.00 0.00 0.00 
 0.00 0.00 0.00 0.21 1.00 1.00 0.41 0.00 0.00 0.00 0.00 0.00 0.00 0.00 0.00 0.00 0.00 0.00 0.00 0.00 
 0.00 0.00 0.00 0.59 1.00 0.87 0.02 0.00 0.00 0.00 0.00 0.00 0.00 0.00 0.00 0.00 0.00 0.00 0.00 0.00 
 0.00 0.00 0.02 0.88 1.00 0.56 0.00 0.00 0.00 0.00 0.00 0.00 0.00 0.00 0.00 0.00 0.00 0.00 0.00 0.00 
 0.00 0.00 0.10 1.00 1.00 0.34 0.00 0.00 0.00 0.00 0.00 0.00 0.00 0.00 0.00 0.00 0.00 0.00 0.00 0.00 
 0.00 0.00 0.18 1.00 1.00 0.22 0.00 0.00 0.00 0.00 0.00 0.00 0.00 0.00 0.00 0.00 0.00 0.00 0.00 0.00 
 0.00 0.00 0.20 1.00 1.00 0.20 0.00 0.00 0.00 0.00 0.00 0.00 0.00 0.00 0.00 0.00 0.00 0.00 0.00 0.00 
 0.00 0.00 0.17 1.00 1.00 0.25 0.00 0.00 0.00 0.00 0.00 0.00 0.00 0.00 0.00 0.00 0.00 0.00 0.00 0.00 
 0.00 0.00 0.10 1.00 1.00 0.41 0.00 0.00 0.00 0.00 0.00 0.00 0.00 0.00 0.00 0.00 0.00 0.00 0.00 0.00 
 0.00 0.00 0.01 0.85 1.00 0.69 0.00 0.00 0.00 0.00 0.00 0.00 0.00 0.00 0.00 0.00 0.00 0.00 0.00 0.00 
 0.00 0.00 0.00 0.53 1.00 0.96 0.13 0.00 0.00 0.00 0.00 0.00 0.00 0.00 0.00 0.00 0.00 0.00 0.00 0.00 
 0.00 0.00 0.00 0.14 0.97 1.00 0.73 0.02 0.00 0.00 0.00 0.00 0.00 0.00 0.00 0.00 0.00 0.00 0.00 0.00 
 0.00 0.00 0.00 0.00 0.49 1.00 1.00 0.65 0.05 0.00 0.00 0.00 0.00 0.00 0.00 0.00 0.01 0.05 0.00 0.00 
 0.00 0.00 0.00 0.00 0.02 0.68 1.00 1.00 0.86 0.40 0.12 0.04 0.00 0.06 0.13 0.36 0.74 0.40 0.00 0.00 
 0.00 0.00 0.00 0.00 0.00 0.02 0.56 0.98 1.00 1.00 1.00 0.94 0.90 0.96 1.00 1.00 1.00 0.39 0.00 0.00 
 0.00 0.00 0.00 0.00 0.00 0.00 0.00 0.21 0.64 0.92 1.00 1.00 1.00 1.00 0.97 0.77 0.42 0.04 0.00 0.00 
 