0.00 0.00 0.00 0.00 0.00 0.00 0.00 0.09 0.42 0.70 0.87 0.99 1.00 0.94 0.81 0.59 0.27 0.03 0.00 0.00 
 0.00 0.00 0.00 0.00 0.00 0.02 0.44 0.94 1.00 1.00 1.00 1.00 1.00 1.00 1.00 1.00 1.00 0.84 0.28 0.00 
 0.00 0.00 0.00 0.00 0.03 0.64 1.00 1.00 0.99 0.78 0.49 0.34 0.30 0.36 0.54 0.81 0.99 1.00 0.80 0.00 
 0.00 0.00 0.00 0.01 0.60 1.00 1.00 0.87 0.26 0.00 0.00 0.00 0.00 0.00 0.00 0.00 0.25 0.77 0.80 0.00 
 0.00 0.00 0.00 0.28 1.00 1.00 0.89 0.11 0.00 0.00 0.00 0.00 0.00 0.00 0.00 0.00 0.00 0.02 0.38 0.00 
 0.00 0.00 0.01 0.77 1.00 0.99 0.31 0.00 0.00 0.00 0.00 0.00 0.00 0.00 0.00 0.00 0.00 0.00 0.00 0.00 
 0.00 0.00 0.15 1.00 1.00 0.83 0.00 0.00 0.00 0.00 0.00 0.00 0.00 0.00 0.00 0.00 0.00 0.00 0.00 0.00 
 0.00 0.00 0.39 1.00 1.00 0.55 0.00 0.00 0.00 0.00 0.00 0.00 0.00 0.00 0.00 0.00 0.00 0.00 0.00 0.00 
 0.00 0.00 0.56 1.00 1.00 0.35 0.00 0.00 0.00 0.00 0.00 0.00 0.00 0.00 0.00 0.00 0.00 0.00 0.00 0.00 
 0.00 0.00 0.67 1.00 1.00 0.23 0.00 0.00 0.00 0.00 0.00 0.00 0.00 0.00 0.00 0.00 0.00 0.00 0.00 0.00 
 0.00 0.00 0.70 1.00 1.00 0.20 0.00 0.00 0.00 0.00 0.00 0.00 0.00 0.00 0.00 0.00 0.00 0.00 0.00 0.00 
 0.00 0.00 0.69 1.00 1.00 0.21 0.00 0.00 0.00 0.00 0.00 0.00 0.00 0.00 0.00 0.00 0.00 0.00 0.00 0.00 
 0.00 0.00 0.59 1.00 1.00 0.32 0.00 0.00 0.00 0.00 0.00 0.00 0.00 0.00 0.00 0.00 0.00 0.00 0.00 0.00 
 0.00 0.00 0.43 1.00 1.00 0.50 0.00 0.00 0.00 0.00 0.00 0.00 0.00 0.00 0.00 0.00 0.00 0.00 0.00 0.00 
 0.00 0.00 0.20 1.00 1.00 0.78 0.00 0.00 0.00 0.00 0.00 0.00 0.00 0.00 0.00 0.00 0.00 0.00 0.00 0.00 
 0.00 0.00 0.02 0.83 1.00 0.98 0.21 0.00 0.00 0.00 0.00 0.00 0.00 0.00 0.00 0.00 0.00 0.00 0.00 0.00 
 0.00 0.00 0.00 0.38 1.00 1.00 0.81 0.05 0.00 0.00 0.00 0.00 0.00 0.00 0.00 0.00 0.00 0.01 0.29 0.00 
 0.00 0.00 0.00 0.02 0.73 1.00 1.00 0.74 0.12 0.00 0.00 0.00 0.00 0.00 0.00 0.00 0.13 0.67 0.80 0.00 
 0.00 0.00 0.00 0.00 0.07 0.78 1.00 1.00 0.96 0.59 0.29 0.14 0.10 0.16 0.34 0.63 0.96 1.00 0.80 0.00 
 0.00 0.00 0.00 0.00 0.00 0.06 0.65 1.00 1.00 1.00 1.00 1.00 1.00 1.00 1.00 1.00 1.00 0.92 0.37 0.00 
 