0.00 0.00 0.00 0.00 0.00 0.00 0.00 0.07 0.41 0.71 0.89 1.00 0.99 0.85 0.63 0.29 0.03 0.00 0.52 0.02 
 0.00 0.00 0.00 0.00 0.00 0.03 0.45 0.93 0.96 0.65 0.32 0.15 0.11 0.24 0.49 0.88 0.80 0.62 0.99 0.11 
 0.00 0.00 0.00 0.00 0.06 0.72 1.00 0.85 0.19 0.00 0.00 0.00 0.00 0.00 0.00 0.06 0.65 1.00 1.00 0.15 
 0.00 0.00 0.00 0.05 0.74 1.00 0.91 0.14 0.00 0.00 0.00 0.00 0.00 0.00 0.00 0.00 0.03 0.71 1.00 0.22 
 0.00 0.00 0.00 0.53 1.00 1.00 0.41 0.00 0.00 0.00 0.00 0.00 0.00 0.00 0.00 0.00 0.00 0.13 0.95 0.29 
 0.00 0.00 0.14 0.98 1.00 0.88 0.03 0.00 0.00 0.00 0.00 0.00 0.00 0.00 0.00 0.00 0.00 0.00 0.58 0.33 
 0.00 0.00 0.57 1.00 1.00 0.57 0.00 0.00 0.00 0.00 0.00 0.00 0.00 0.00 0.00 0.00 0.00 0.00 0.20 0.42 
 0.00 0.05 0.91 1.00 1.00 0.33 0.00 0.00 0.00 0.00 0.00 0.00 0.00 0.00 0.00 0.00 0.00 0.00 0.02 0.05 
 0.00 0.19 1.00 1.00 1.00 0.16 0.00 0.00 0.00 0.00 0.00 0.00 0.00 0.00 0.00 0.00 0.00 0.00 0.00 0.00 
 0.00 0.35 1.00 1.00 0.95 0.06 0.00 0.00 0.00 0.00 0.00 0.00 0.00 0.00 0.00 0.00 0.00 0.00 0.00 0.00 
 0.00 0.45 1.00 1.00 0.89 0.00 0.00 0.00 0.00 0.00 0.00 0.00 0.00 0.00 0.00 0.00 0.00 0.00 0.00 0.00 
 0.00 0.45 1.00 1.00 0.89 0.00 0.00 0.00 0.00 0.00 0.00 0.00 0.00 0.00 0.00 0.00 0.00 0.00 0.00 0.00 
 0.00 0.37 1.00 1.00 0.95 0.06 0.00 0.00 0.00 0.00 0.00 0.00 0.00 0.00 0.00 0.00 0.00 0.00 0.00 0.00 
 0.00 0.22 1.00 1.00 1.00 0.19 0.00 0.00 0.00 0.00 0.00 0.00 0.00 0.00 0.00 0.00 0.00 0.00 0.00 0.00 
 0.00 0.07 0.95 1.00 1.00 0.40 0.00 0.00 0.00 0.00 0.00 0.00 0.00 0.00 0.00 0.00 0.00 0.00 0.00 0.00 
 0.00 0.00 0.61 1.00 1.00 0.71 0.00 0.00 0.00 0.00 0.00 0.00 0.00 0.00 0.00 0.00 0.00 0.00 0.00 0.03 
 0.00 0.00 0.18 0.99 1.00 0.96 0.16 0.00 0.00 0.00 0.00 0.00 0.00 0.00 0.00 0.00 0.00 0.00 0.06 0.60 
 0.00 0.00 0.00 0.53 1.00 1.00 0.74 0.03 0.00 0.00 0.00 0.00 0.00 0.00 0.00 0.00 0.00 0.04 0.62 0.22 
 0.00 0.00 0.00 0.04 0.73 1.00 1.00 0.67 0.06 0.00 0.00 0.00 0.00 0.00 0.00 0.00 0.05 0.64 0.42 0.00 
 0.00 0.00 0.00 0.00 0.05 0.68 1.00 1.00 0.87 0.40 0.06 0.00 0.00 0.00 0.03 0.32 0.79 0.44 0.00 0.00 
 