0.00 0.00 0.00 0.00 0.00 0.00 0.00 0.00 0.00 0.00 0.02 0.33 0.82 0.99 0.47 0.00 0.00 0.00 0.00 0.00 
 0.00 0.00 0.00 0.00 0.00 0.00 0.00 0.00 0.00 0.05 0.64 1.00 1.00 1.00 0.82 0.00 0.00 0.00 0.00 0.00 
 0.00 0.00 0.00 0.00 0.00 0.00 0.00 0.00 0.20 0.79 0.84 0.69 0.95 1.00 0.89 0.00 0.00 0.00 0.00 0.00 
 0.00 0.00 0.00 0.00 0.00 0.00 0.00 0.24 0.90 0.68 0.06 0.00 0.65 1.00 0.88 0.00 0.00 0.00 0.00 0.00 
 0.00 0.00 0.00 0.00 0.00 0.00 0.26 0.84 0.16 0.00 0.00 0.00 0.57 1.00 0.71 0.00 0.00 0.00 0.00 0.00 
 0.00 0.00 0.00 0.00 0.00 0.15 0.79 0.21 0.00 0.00 0.00 0.05 0.82 1.00 0.42 0.00 0.00 0.00 0.00 0.00 
 0.00 0.00 0.00 0.00 0.07 0.77 0.25 0.00 0.00 0.00 0.00 0.47 1.00 1.00 0.20 0.00 0.00 0.00 0.00 0.00 
 0.00 0.00 0.00 0.03 0.60 0.30 0.00 0.00 0.00 0.00 0.03 0.85 1.00 0.87 0.07 0.00 0.00 0.00 0.00 0.00 
 0.00 0.00 0.00 0.45 0.76 0.00 0.00 0.00 0.00 0.00 0.24 1.00 0.98 0.29 0.00 0.00 0.00 0.00 0.00 0.00 
 0.00 0.00 0.27 0.93 0.30 0.00 0.00 0.00 0.00 0.00 0.42 0.98 0.44 0.00 0.00 0.00 0.00 0.00 0.00 0.00 
 0.00 0.00 0.71 0.78 0.00 0.00 0.00 0.00 0.00 0.00 0.04 0.30 0.00 0.00 0.00 0.00 0.00 0.00 0.00 0.00 
 0.00 0.18 0.99 0.57 0.00 0.00 0.00 0.00 0.00 0.00 0.00 0.00 0.00 0.00 0.00 0.00 0.00 0.00 0.00 0.05 
 0.00 0.65 0.99 0.29 0.00 0.00 0.00 0.00 0.00 0.00 0.00 0.00 0.00 0.00 0.00 0.00 0.00 0.10 0.47 0.89 
 0.02 0.84 0.88 0.00 0.00 0.00 0.00 0.00 0.00 0.00 0.00 0.00 0.00 0.00 0.00 0.00 0.18 0.90 1.00 1.00 
 0.14 1.00 0.78 0.00 0.00 0.00 0.00 0.00 0.00 0.00 0.00 0.00 0.00 0.00 0.00 0.00 0.00 0.38 1.00 0.67 
 0.35 1.00 0.96 0.07 0.00 0.00 0.00 0.00 0.00 0.00 0.00 0.00 0.00 0.00 0.00 0.00 0.15 0.88 0.73 0.03 
 0.57 1.00 0.95 0.07 0.00 0.00 0.00 0.00 0.00 0.00 0.00 0.00 0.00 0.00 0.02 0.24 0.87 0.42 0.02 0.00 
 0.62 1.00 1.00 0.38 0.00 0.00 0.00 0.00 0.00 0.00 0.00 0.00 0.03 0.18 0.60 0.74 0.22 0.00 0.00 0.00 
 0.25 0.98 1.00 0.87 0.35 0.00 0.00 0.00 0.00 0.00 0.06 0.24 0.77 0.91 0.40 0.03 0.00 0.00 0.00 0.00 
 0.00 0.71 1.00 1.00 0.98 0.53 0.33 0.48 0.57 0.68 0.94 0.91 0.52 0.05 0.00 0.00 0.00 0.00 0.00 0.00 
 