0.00 0.00 0.00 0.00 0.00 0.00 0.16 0.49 0.76 0.90 1.00 1.00 0.94 0.80 0.59 0.27 0.04 0.00 0.00 0.00 
 0.00 0.00 0.00 0.00 0.08 0.57 0.98 1.00 1.00 1.00 1.00 1.00 1.00 1.00 1.00 1.00 0.76 0.16 0.00 0.00 
 0.00 0.00 0.00 0.11 0.80 1.00 1.00 1.00 1.00 1.00 1.00 1.00 1.00 1.00 1.00 1.00 1.00 0.92 0.21 0.00 
 0.00 0.00 0.08 0.80 1.00 1.00 1.00 1.00 1.00 1.00 1.00 1.00 1.00 1.00 1.00 1.00 1.00 1.00 0.84 0.06 
 0.00 0.00 0.53 1.00 1.00 1.00 1.00 1.00 0.84 0.39 0.16 0.16 0.43 0.88 1.00 1.00 1.00 1.00 1.00 0.55 
 0.00 0.13 0.96 1.00 1.00 1.00 1.00 0.78 0.06 0.00 0.00 0.00 0.00 0.16 0.94 1.00 1.00 1.00 1.00 0.94 
 0.00 0.39 1.00 1.00 1.00 1.00 0.98 0.25 0.00 0.00 0.00 0.00 0.00 0.00 0.53 1.00 0.96 0.86 0.76 0.57 
 0.00 0.65 1.00 1.00 1.00 1.00 0.84 0.00 0.00 0.00 0.00 0.00 0.00 0.00 0.15 0.29 0.11 0.00 0.00 0.00 
 0.00 0.84 1.00 1.00 1.00 1.00 0.69 0.00 0.00 0.00 0.00 0.00 0.00 0.00 0.00 0.00 0.00 0.00 0.00 0.00 
 0.11 0.96 1.00 1.00 1.00 1.00 0.57 0.00 0.00 0.00 0.00 0.00 0.00 0.00 0.00 0.00 0.00 0.00 0.00 0.00 
 0.15 1.00 1.00 1.00 1.00 1.00 0.57 0.00 0.00 0.00 0.00 0.00 0.00 0.00 0.00 0.00 0.00 0.00 0.00 0.00 
 0.15 1.00 1.00 1.00 1.00 1.00 0.57 0.00 0.00 0.00 0.00 0.00 0.00 0.00 0.00 0.00 0.00 0.00 0.00 0.00 
 0.06 0.92 1.00 1.00 1.00 1.00 0.69 0.00 0.00 0.00 0.00 0.00 0.00 0.00 0.00 0.00 0.00 0.00 0.00 0.00 
 0.00 0.80 1.00 1.00 1.00 1.00 0.84 0.00 0.00 0.00 0.00 0.00 0.00 0.00 0.06 0.62 0.51 0.35 0.21 0.15 
 0.00 0.59 1.00 1.00 1.00 1.00 0.96 0.16 0.00 0.00 0.00 0.00 0.00 0.00 0.23 1.00 1.00 1.00 1.00 1.00 
 0.00 0.29 1.00 1.00 1.00 1.00 1.00 0.67 0.02 0.00 0.00 0.00 0.00 0.02 0.64 1.00 1.00 1.00 1.00 1.00 
 0.00 0.06 0.86 1.00 1.00 1.00 1.00 1.00 0.59 0.11 0.00 0.00 0.06 0.49 1.00 1.00 1.00 1.00 1.00 0.92 
 0.00 0.00 0.31 0.98 1.00 1.00 1.00 1.00 1.00 0.96 0.76 0.74 0.92 1.00 1.00 1.00 1.00 1.00 1.00 0.43 
 0.00 0.00 0.00 0.55 1.00 1.00 1.00 1.00 1.00 1.00 1.00 1.00 1.00 1.00 1.00 1.00 1.00 1.00 0.72 0.02 
 0.00 0.00 0.00 0.02 0.57 1.00 1.00 1.00 1.00 1.00 1.00 1.00 1.00 1.00 1.00 1.00 1.00 0.74 0.06 0.00 
 