0.00 0.00 0.00 0.00 0.00 0.00 0.00 0.03 0.37 0.74 0.91 0.95 0.82 0.49 0.06 0.00 0.00 0.00 0.00 0.00 
 0.00 0.00 0.00 0.00 0.00 0.00 0.10 0.74 1.00 1.00 1.00 1.00 1.00 1.00 0.85 0.18 0.00 0.00 0.00 0.00 
 0.00 0.00 0.00 0.00 0.00 0.04 0.74 1.00 1.00 0.79 0.41 0.36 0.64 0.98 1.00 0.85 0.07 0.00 0.00 0.00 
 0.00 0.00 0.00 0.00 0.00 0.46 1.00 1.00 0.65 0.02 0.00 0.00 0.00 0.44 1.00 1.00 0.53 0.00 0.00 0.00 
 0.00 0.00 0.00 0.00 0.05 0.91 1.00 0.89 0.05 0.00 0.00 0.00 0.00 0.04 0.89 1.00 0.85 0.00 0.00 0.00 
 0.00 0.00 0.00 0.00 0.29 1.00 1.00 0.56 0.00 0.00 0.00 0.00 0.00 0.00 0.63 1.00 0.98 0.10 0.00 0.00 
 0.00 0.00 0.00 0.00 0.56 1.00 1.00 0.30 0.00 0.00 0.00 0.00 0.00 0.00 0.49 1.00 1.00 0.22 0.00 0.00 
 0.00 0.00 0.00 0.00 0.74 1.00 0.99 0.11 0.00 0.00 0.00 0.00 0.00 0.00 0.30 0.67 0.67 0.15 0.00 0.00 
 0.00 0.00 0.00 0.00 0.88 1.00 0.89 0.00 0.00 0.00 0.00 0.00 0.00 0.00 0.00 0.00 0.00 0.00 0.00 0.00 
 0.00 0.00 0.00 0.09 0.98 1.00 0.89 0.00 0.00 0.00 0.00 0.00 0.00 0.00 0.00 0.00 0.00 0.00 0.00 0.00 
 0.00 0.00 0.00 0.11 1.00 1.00 0.89 0.00 0.00 0.00 0.00 0.00 0.00 0.00 0.00 0.00 0.00 0.00 0.00 0.00 
 0.00 0.00 0.00 0.11 1.00 1.00 0.89 0.00 0.00 0.00 0.00 0.00 0.00 0.00 0.00 0.00 0.00 0.00 0.00 0.00 
 0.00 0.00 0.00 0.11 1.00 1.00 0.89 0.00 0.00 0.00 0.00 0.00 0.00 0.00 0.10 0.22 0.22 0.07 0.00 0.00 
 0.00 0.00 0.00 0.03 0.91 1.00 0.90 0.02 0.00 0.00 0.00 0.00 0.00 0.00 0.45 1.00 1.00 0.33 0.00 0.00 
 0.00 0.00 0.00 0.00 0.79 1.00 1.00 0.15 0.00 0.00 0.00 0.00 0.00 0.00 0.52 1.00 1.00 0.22 0.00 0.00 
 0.00 0.00 0.00 0.00 0.60 1.00 1.00 0.35 0.00 0.00 0.00 0.00 0.00 0.00 0.65 1.00 0.96 0.07 0.00 0.00 
 0.00 0.00 0.00 0.00 0.30 1.00 1.00 0.67 0.00 0.00 0.00 0.00 0.00 0.04 0.89 1.00 0.84 0.00 0.00 0.00 
 0.00 0.00 0.00 0.00 0.05 0.87 1.00 0.98 0.29 0.00 0.00 0.00 0.00 0.42 1.00 1.00 0.53 0.00 0.00 0.00 
 0.00 0.00 0.00 0.00 0.00 0.30 0.99 1.00 0.95 0.38 0.11 0.13 0.47 0.99 1.00 0.90 0.10 0.00 0.00 0.00 
 0.00 0.00 0.00 0.00 0.00 0.00 0.45 0.99 1.00 1.00 1.00 1.00 1.00 1.00 0.95 0.26 0.00 0.00 0.00 0.00 
 