0.00 0.00 0.00 0.00 0.00 0.00 0.00 0.05 0.33 0.65 0.76 0.85 0.99 0.99 0.88 0.74 0.56 0.29 0.03 0.00 
 0.00 0.00 0.00 0.00 0.00 0.02 0.33 0.79 0.49 0.19 0.03 0.00 0.11 0.35 0.76 1.00 1.00 1.00 0.22 0.00 
 0.00 0.00 0.00 0.00 0.04 0.60 0.74 0.09 0.00 0.00 0.00 0.00 0.00 0.00 0.02 0.46 0.99 1.00 0.22 0.00 
 0.00 0.00 0.00 0.04 0.65 0.84 0.06 0.00 0.00 0.00 0.00 0.00 0.00 0.00 0.00 0.00 0.56 1.00 0.22 0.00 
 0.00 0.00 0.00 0.52 0.99 0.26 0.00 0.00 0.00 0.00 0.00 0.00 0.00 0.00 0.00 0.00 0.15 1.00 0.22 0.00 
 0.00 0.00 0.21 0.99 0.77 0.00 0.00 0.00 0.00 0.00 0.00 0.00 0.00 0.00 0.00 0.00 0.02 0.51 0.13 0.00 
 0.00 0.00 0.68 1.00 0.45 0.00 0.00 0.00 0.00 0.00 0.00 0.00 0.00 0.00 0.00 0.00 0.00 0.00 0.00 0.00 
 0.00 0.10 0.98 1.00 0.25 0.00 0.00 0.00 0.00 0.00 0.00 0.00 0.00 0.00 0.00 0.00 0.00 0.00 0.00 0.00 
 0.00 0.31 1.00 1.00 0.13 0.00 0.00 0.00 0.00 0.00 0.00 0.00 0.00 0.00 0.00 0.00 0.00 0.00 0.00 0.00 
 0.00 0.47 1.00 1.00 0.11 0.00 0.00 0.00 0.00 0.00 0.00 0.00 0.00 0.00 0.00 0.00 0.00 0.00 0.00 0.00 
 0.00 0.56 1.00 1.00 0.18 0.00 0.00 0.00 0.00 0.00 0.00 0.00 0.00 0.00 0.00 0.00 0.00 0.00 0.00 0.00 
 0.00 0.56 1.00 1.00 0.32 0.00 0.00 0.00 0.00 0.00 0.00 0.00 0.00 0.00 0.00 0.00 0.00 0.00 0.00 0.00 
 0.00 0.46 1.00 1.00 0.60 0.00 0.00 0.00 0.00 0.00 0.00 0.00 0.00 0.00 0.00 0.00 0.00 0.00 0.00 0.00 
 0.00 0.27 1.00 1.00 0.90 0.05 0.00 0.00 0.00 0.00 0.00 0.00 0.00 0.00 0.00 0.00 0.00 0.00 0.00 0.00 
 0.00 0.07 0.95 1.00 1.00 0.51 0.00 0.00 0.00 0.00 0.00 0.00 0.00 0.00 0.00 0.00 0.00 0.00 0.00 0.00 
 0.00 0.00 0.58 1.00 1.00 0.96 0.27 0.00 0.00 0.00 0.00 0.00 0.00 0.00 0.00 0.00 0.00 0.13 0.42 0.00 
 0.00 0.00 0.10 0.91 1.00 1.00 0.95 0.31 0.00 0.00 0.00 0.00 0.00 0.00 0.00 0.04 0.40 0.80 0.22 0.00 
 0.00 0.00 0.00 0.29 0.98 1.00 1.00 0.99 0.69 0.31 0.13 0.11 0.11 0.20 0.48 0.85 0.71 0.10 0.00 0.00 
 0.00 0.00 0.00 0.00 0.27 0.90 1.00 1.00 1.00 1.00 1.00 1.00 1.00 1.00 0.89 0.38 0.00 0.00 0.00 0.00 
 0.00 0.00 0.00 0.00 0.00 0.09 0.56 0.91 1.00 1.00 1.00 0.99 0.77 0.42 0.05 0.00 0.00 0.00 0.00 0.00 
 