0.00 0.00 0.00 0.00 0.00 0.00 0.00 0.13 0.47 0.73 0.90 1.00 1.00 0.92 0.78 0.57 0.26 0.04 0.00 0.00 
 0.00 0.00 0.00 0.00 0.00 0.06 0.57 0.98 1.00 1.00 1.00 1.00 1.00 1.00 1.00 1.00 1.00 0.88 0.43 0.00 
 0.00 0.00 0.00 0.00 0.10 0.80 1.00 1.00 0.95 0.67 0.42 0.30 0.31 0.43 0.63 0.91 1.00 1.00 0.90 0.00 
 0.00 0.00 0.00 0.04 0.77 1.00 1.00 0.75 0.13 0.00 0.00 0.00 0.00 0.00 0.00 0.04 0.45 0.92 0.90 0.00 
 0.00 0.00 0.00 0.47 1.00 1.00 0.75 0.03 0.00 0.00 0.00 0.00 0.00 0.00 0.00 0.00 0.00 0.11 0.63 0.00 
 0.00 0.00 0.06 0.92 1.00 0.95 0.13 0.00 0.00 0.00 0.00 0.00 0.00 0.00 0.00 0.00 0.00 0.00 0.00 0.00 
 0.00 0.00 0.32 1.00 1.00 0.61 0.00 0.00 0.00 0.00 0.00 0.00 0.00 0.00 0.00 0.00 0.00 0.00 0.00 0.00 
 0.00 0.00 0.59 1.00 1.00 0.27 0.00 0.00 0.00 0.00 0.00 0.00 0.00 0.00 0.00 0.00 0.00 0.00 0.00 0.00 
 0.00 0.00 0.76 1.00 0.96 0.06 0.00 0.00 0.00 0.00 0.00 0.00 0.00 0.00 0.00 0.00 0.00 0.00 0.00 0.00 
 0.00 0.00 0.87 1.00 0.90 0.00 0.00 0.00 0.00 0.00 0.00 0.00 0.00 0.00 0.00 0.00 0.00 0.00 0.00 0.00 
 0.00 0.00 0.90 1.00 0.90 0.00 0.00 0.00 0.00 0.00 0.00 0.00 0.00 0.00 0.00 0.00 0.00 0.00 0.00 0.00 
 0.00 0.00 0.89 1.00 0.90 0.00 0.00 0.00 0.00 0.00 0.00 0.00 0.00 0.00 0.00 0.00 0.00 0.00 0.00 0.00 
 0.00 0.00 0.79 1.00 0.93 0.03 0.00 0.00 0.00 0.00 0.00 0.00 0.00 0.00 0.00 0.00 0.00 0.00 0.00 0.00 
 0.00 0.00 0.64 1.00 1.00 0.23 0.00 0.00 0.00 0.00 0.00 0.00 0.00 0.00 0.00 0.00 0.00 0.00 0.00 0.00 
 0.00 0.00 0.42 1.00 1.00 0.55 0.00 0.00 0.00 0.00 0.00 0.00 0.00 0.00 0.00 0.00 0.00 0.00 0.00 0.00 
 0.00 0.00 0.12 0.98 1.00 0.92 0.07 0.00 0.00 0.00 0.00 0.00 0.00 0.00 0.00 0.00 0.00 0.00 0.00 0.00 
 0.00 0.00 0.00 0.64 1.00 1.00 0.65 0.01 0.00 0.00 0.00 0.00 0.00 0.00 0.00 0.00 0.00 0.03 0.44 0.00 
 0.00 0.00 0.00 0.11 0.92 1.00 1.00 0.60 0.05 0.00 0.00 0.00 0.00 0.00 0.00 0.01 0.23 0.77 0.90 0.00 
 0.00 0.00 0.00 0.00 0.27 0.95 1.00 1.00 0.88 0.49 0.23 0.10 0.11 0.23 0.43 0.75 1.00 1.00 0.90 0.00 
 0.00 0.00 0.00 0.00 0.00 0.20 0.84 1.00 1.00 1.00 1.00 1.00 1.00 1.00 1.00 1.00 1.00 0.96 0.54 0.00 
 