0.00 0.00 0.00 0.00 0.00 0.00 0.02 0.25 0.62 0.84 0.98 1.00 0.94 0.78 0.48 0.10 0.00 0.00 0.00 0.00 
 0.00 0.00 0.00 0.00 0.00 0.09 0.67 1.00 1.00 1.00 1.00 1.00 1.00 1.00 1.00 0.94 0.36 0.00 0.00 0.00 
 0.00 0.00 0.00 0.00 0.07 0.82 1.00 1.00 1.00 1.00 1.00 1.00 1.00 1.00 1.00 1.00 0.99 0.37 0.00 0.00 
 0.00 0.00 0.00 0.00 0.60 1.00 1.00 1.00 1.00 0.85 0.62 0.56 0.69 0.94 1.00 1.00 1.00 0.94 0.11 0.00 
 0.00 0.00 0.00 0.18 0.99 1.00 1.00 0.99 0.49 0.02 0.00 0.00 0.00 0.09 0.73 1.00 1.00 1.00 0.57 0.00 
 0.00 0.00 0.00 0.55 1.00 1.00 1.00 0.58 0.00 0.00 0.00 0.00 0.00 0.00 0.05 0.83 1.00 1.00 0.87 0.00 
 0.00 0.00 0.02 0.84 1.00 1.00 0.95 0.09 0.00 0.00 0.00 0.00 0.00 0.00 0.00 0.32 0.83 0.52 0.19 0.00 
 0.00 0.00 0.11 1.00 1.00 1.00 0.73 0.00 0.00 0.00 0.00 0.00 0.00 0.00 0.00 0.00 0.00 0.00 0.00 0.00 
 0.00 0.00 0.20 1.00 1.00 1.00 0.51 0.00 0.00 0.00 0.00 0.00 0.00 0.00 0.00 0.00 0.00 0.00 0.00 0.00 
 0.00 0.00 0.30 1.00 1.00 1.00 0.40 0.00 0.00 0.00 0.00 0.00 0.00 0.00 0.00 0.00 0.00 0.00 0.00 0.00 
 0.00 0.00 0.33 1.00 1.00 1.00 0.33 0.00 0.00 0.00 0.00 0.00 0.00 0.00 0.00 0.00 0.00 0.00 0.00 0.00 
 0.00 0.00 0.33 1.00 1.00 1.00 0.33 0.00 0.00 0.00 0.00 0.00 0.00 0.00 0.00 0.00 0.00 0.00 0.00 0.00 
 0.00 0.00 0.27 1.00 1.00 1.00 0.41 0.00 0.00 0.00 0.00 0.00 0.00 0.00 0.00 0.00 0.00 0.00 0.00 0.00 
 0.00 0.00 0.18 1.00 1.00 1.00 0.53 0.00 0.00 0.00 0.00 0.00 0.00 0.00 0.00 0.00 0.00 0.00 0.00 0.00 
 0.00 0.00 0.10 0.99 1.00 1.00 0.76 0.00 0.00 0.00 0.00 0.00 0.00 0.00 0.00 0.05 0.36 0.05 0.00 0.00 
 0.00 0.00 0.00 0.79 1.00 1.00 0.95 0.11 0.00 0.00 0.00 0.00 0.00 0.00 0.00 0.31 1.00 0.89 0.47 0.04 
 0.00 0.00 0.00 0.47 1.00 1.00 1.00 0.63 0.00 0.00 0.00 0.00 0.00 0.00 0.05 0.83 1.00 1.00 0.95 0.10 
 0.00 0.00 0.00 0.11 0.96 1.00 1.00 0.99 0.51 0.04 0.00 0.00 0.00 0.09 0.68 1.00 1.00 1.00 0.63 0.00 
 0.00 0.00 0.00 0.00 0.47 1.00 1.00 1.00 1.00 0.87 0.60 0.56 0.62 0.93 1.00 1.00 1.00 0.94 0.14 0.00 
 0.00 0.00 0.00 0.00 0.03 0.73 1.00 1.00 1.00 1.00 1.00 1.00 1.00 1.00 1.00 1.00 0.99 0.38 0.00 0.00 
 