0.00 0.00 0.00 0.00 0.00 0.00 0.18 0.55 0.80 0.94 1.00 0.98 0.86 0.64 0.29 0.02 0.00 0.00 0.00 0.00 
 0.00 0.00 0.00 0.00 0.06 0.61 0.99 1.00 0.92 0.78 0.70 0.73 0.88 1.00 1.00 0.77 0.14 0.00 0.00 0.00 
 0.00 0.00 0.00 0.06 0.79 1.00 0.87 0.35 0.03 0.00 0.00 0.00 0.01 0.24 0.75 1.00 0.89 0.14 0.00 0.00 
 0.00 0.00 0.01 0.64 1.00 0.79 0.08 0.00 0.00 0.00 0.00 0.00 0.00 0.00 0.02 0.63 1.00 0.77 0.01 0.00 
 0.00 0.00 0.22 1.00 0.95 0.14 0.00 0.00 0.00 0.00 0.00 0.00 0.00 0.00 0.00 0.03 0.81 0.86 0.16 0.00 
 0.00 0.00 0.61 1.00 0.58 0.00 0.00 0.00 0.00 0.00 0.00 0.00 0.00 0.00 0.00 0.00 0.07 0.01 0.00 0.00 
 0.00 0.03 0.90 1.00 0.23 0.00 0.00 0.00 0.00 0.00 0.00 0.00 0.00 0.00 0.00 0.00 0.00 0.00 0.00 0.00 
 0.00 0.12 1.00 0.92 0.02 0.00 0.00 0.00 0.00 0.00 0.00 0.00 0.00 0.00 0.00 0.00 0.00 0.00 0.00 0.00 
 0.00 0.22 1.00 0.86 0.00 0.00 0.00 0.00 0.00 0.00 0.00 0.00 0.00 0.00 0.00 0.00 0.00 0.00 0.00 0.00 
 0.00 0.30 1.00 0.80 0.00 0.00 0.00 0.00 0.00 0.00 0.00 0.00 0.00 0.00 0.00 0.00 0.00 0.00 0.00 0.00 
 0.00 0.30 1.00 0.80 0.00 0.00 0.00 0.00 0.00 0.00 0.00 0.00 0.00 0.00 0.00 0.00 0.00 0.00 0.00 0.00 
 0.00 0.25 1.00 0.83 0.00 0.00 0.00 0.00 0.00 0.00 0.00 0.00 0.00 0.00 0.00 0.00 0.00 0.00 0.00 0.00 
 0.00 0.14 1.00 0.91 0.01 0.00 0.00 0.00 0.00 0.00 0.00 0.00 0.00 0.00 0.00 0.00 0.00 0.00 0.00 0.00 
 0.00 0.05 0.94 1.00 0.18 0.00 0.00 0.00 0.00 0.00 0.00 0.00 0.00 0.00 0.00 0.00 0.00 0.00 0.00 0.00 
 0.00 0.00 0.68 1.00 0.50 0.00 0.00 0.00 0.00 0.00 0.00 0.00 0.00 0.00 0.00 0.00 0.02 0.16 0.00 0.00 
 0.00 0.00 0.32 1.00 0.90 0.07 0.00 0.00 0.00 0.00 0.00 0.00 0.00 0.00 0.00 0.00 0.36 0.99 0.51 0.00 
 0.00 0.00 0.03 0.80 1.00 0.64 0.01 0.00 0.00 0.00 0.00 0.00 0.00 0.00 0.00 0.17 0.93 0.96 0.19 0.00 
 0.00 0.00 0.00 0.18 0.93 1.00 0.63 0.07 0.00 0.00 0.00 0.00 0.00 0.01 0.28 0.90 0.99 0.42 0.00 0.00 
 0.00 0.00 0.00 0.00 0.22 0.90 1.00 0.91 0.55 0.31 0.20 0.22 0.38 0.73 1.00 0.96 0.43 0.00 0.00 0.00 
 0.00 0.00 0.00 0.00 0.00 0.09 0.60 0.96 1.00 1.00 1.00 1.00 1.00 0.99 0.73 0.21 0.00 0.00 0.00 0.00 
 