-1.00 -1.00 -1.00 -1.00 -1.00 -1.00 -1.00 -1.00 -1.00 -1.00 -1.00 -0.69 0.37 0.95 0.84 -0.12 -1.00 -1.00 -1.00 -1.00 
 -1.00 -1.00 -1.00 -1.00 -1.00 -1.00 -1.00 -1.00 -1.00 -0.95 -0.02 0.95 1.00 1.00 1.00 1.00 -0.53 -1.00 -1.00 -1.00 
 -1.00 -1.00 -1.00 -1.00 -1.00 -1.00 -1.00 -1.00 -0.62 0.65 0.75 0.07 0.38 1.00 1.00 1.00 0.08 -1.00 -1.00 -1.00 
 -1.00 -1.00 -1.00 -1.00 -1.00 -1.00 -1.00 -0.18 0.95 0.56 -0.89 -1.00 -0.99 0.47 1.00 1.00 0.17 -1.00 -1.00 -1.00 
 -1.00 -1.00 -1.00 -1.00 -1.00 -1.00 -0.12 1.00 0.92 -0.76 -1.00 -1.00 -1.00 -0.23 0.93 0.01 -0.92 -1.00 -1.00 -1.00 
 -1.00 -1.00 -1.00 -1.00 -1.00 -0.62 0.97 1.00 0.12 -1.00 -1.00 -1.00 -1.00 -0.77 -0.75 -1.00 -1.00 -1.00 -1.00 -1.00 
 -1.00 -1.00 -1.00 -1.00 -1.00 0.46 1.00 1.00 -0.69 -1.00 -1.00 -1.00 -1.00 -1.00 -1.00 -1.00 -1.00 -1.00 -1.00 -1.00 
 -1.00 -1.00 -1.00 -1.00 -0.63 1.00 1.00 0.59 -1.00 -1.00 -1.00 -1.00 -1.00 -1.00 -1.00 -1.00 -1.00 -1.00 -1.00 -1.00 
 -1.00 -1.00 -1.00 -1.00 0.13 1.00 1.00 0.01 -1.00 -1.00 -1.00 -1.00 -1.00 -1.00 -1.00 -1.00 -1.00 -1.00 -1.00 -1.00 
 -1.00 -1.00 -1.00 -0.99 0.78 1.00 1.00 -0.47 -1.00 -1.00 -1.00 -1.00 -1.00 -1.00 -1.00 -1.00 -1.00 -1.00 -1.00 -1.00 
 -1.00 -1.00 -1.00 -0.65 1.00 1.00 1.00 -0.86 -1.00 -1.00 -1.00 -1.00 -1.00 -1.00 -1.00 -1.00 -1.00 -1.00 -1.00 -1.00 
 -1.00 -1.00 -1.00 -0.17 1.00 1.00 0.83 -1.00 -1.00 -1.00 -1.00 -1.00 -1.00 -1.00 -1.00 -1.00 -1.00 -1.00 -1.00 -1.00 
 -1.00 -1.00 -1.00 0.23 1.00 1.00 0.62 -1.00 -1.00 -1.00 -1.00 -1.00 -1.00 -1.00 -1.00 -1.00 -1.00 -1.00 -1.00 -1.00 
 -1.00 -1.00 -1.00 0.55 1.00 1.00 0.50 -1.00 -1.00 -1.00 -1.00 -1.00 -1.00 -1.00 -1.00 -1.00 -0.84 -0.87 -1.00 -1.00 
 -1.00 -1.00 -1.00 0.76 1.00 1.00 0.55 -1.00 -1.00 -1.00 -1.00 -1.00 -1.00 -1.00 -1.00 -0.41 0.80 -0.74 -1.00 -1.00 
 -1.00 -1.00 -1.00 0.88 1.00 1.00 0.87 -0.95 -1.00 -1.00 -1.00 -1.00 -1.00 -0.81 0.29 0.98 0.05 -0.98 -1.00 -1.00 
 -1.00 -1.00 -1.00 0.84 1.00 1.00 1.00 -0.11 -1.00 -1.00 -1.00 -0.87 -0.03 0.89 0.73 -0.51 -1.00 -1.00 -1.00 -1.00 
 -1.00 -1.00 -1.00 0.51 1.00 1.00 1.00 0.99 0.35 0.00 0.32 0.91 0.95 0.07 -0.91 -1.00 -1.00 -1.00 -1.00 -1.00 
 -1.00 -1.00 -1.00 -0.22 1.00 1.00 1.00 1.00 1.00 1.00 0.98 0.33 -0.71 -1.00 -1.00 -1.00 -1.00 -1.00 -1.00 -1.00 
 -1.00 -1.00 -1.00 -0.98 0.17 0.99 1.00 1.00 0.81 0.14 -0.69 -1.00 -1.00 -1.00 -1.00 -1.00 -1.00 -1.00 -1.00 -1.00 
 