-1.00 -1.00 -1.00 -1.00 -1.00 -1.00 -1.00 -1.00 -0.74 -0.04 0.50 0.84 0.98 0.98 0.87 0.61 0.14 -0.58 -1.00 -1.00 
 -1.00 -1.00 -1.00 -1.00 -1.00 -1.00 -0.79 0.27 0.98 1.00 1.00 1.00 1.00 1.00 1.00 1.00 1.00 1.00 0.46 -0.73 
 -1.00 -1.00 -1.00 -1.00 -1.00 -0.38 0.87 1.00 1.00 0.82 0.25 -0.08 -0.17 -0.09 0.15 0.64 1.00 1.00 1.00 -0.21 
 -1.00 -1.00 -1.00 -1.00 -0.19 0.98 1.00 0.87 -0.20 -0.95 -1.00 -1.00 -1.00 -1.00 -1.00 -1.00 -0.52 0.62 0.89 -0.90 
 -1.00 -1.00 -1.00 -0.34 0.99 1.00 0.71 -0.73 -1.00 -1.00 -1.00 -1.00 -1.00 -1.00 -1.00 -1.00 -1.00 -0.95 -0.69 -1.00 
 -1.00 -1.00 -0.73 0.91 1.00 0.83 -0.76 -1.00 -1.00 -1.00 -1.00 -1.00 -1.00 -1.00 -1.00 -1.00 -1.00 -1.00 -1.00 -1.00 
 -1.00 -0.99 0.44 1.00 1.00 -0.37 -1.00 -1.00 -1.00 -1.00 -1.00 -1.00 -1.00 -1.00 -1.00 -1.00 -1.00 -1.00 -1.00 -1.00 
 -1.00 -0.51 1.00 1.00 0.51 -1.00 -1.00 -1.00 -1.00 -1.00 -1.00 -1.00 -1.00 -1.00 -1.00 -1.00 -1.00 -1.00 -1.00 -1.00 
 -1.00 0.33 1.00 1.00 -0.36 -1.00 -1.00 -1.00 -1.00 -1.00 -1.00 -1.00 -1.00 -1.00 -1.00 -1.00 -1.00 -1.00 -1.00 -1.00 
 -0.95 0.91 1.00 0.91 -0.94 -1.00 -1.00 -1.00 -1.00 -1.00 -1.00 -1.00 -1.00 -1.00 -1.00 -1.00 -1.00 -1.00 -1.00 -1.00 
 -0.58 1.00 1.00 0.51 -1.00 -1.00 -1.00 -1.00 -1.00 -1.00 -1.00 -1.00 -1.00 -1.00 -1.00 -1.00 -1.00 -1.00 -1.00 -1.00 
 -0.32 1.00 1.00 0.25 -1.00 -1.00 -1.00 -1.00 -1.00 -1.00 -1.00 -1.00 -1.00 -1.00 -1.00 -1.00 -1.00 -1.00 -1.00 -1.00 
 -0.25 1.00 1.00 0.23 -1.00 -1.00 -1.00 -1.00 -1.00 -1.00 -1.00 -1.00 -1.00 -1.00 -1.00 -1.00 -1.00 -1.00 -1.00 -1.00 
 -0.39 1.00 1.00 0.47 -1.00 -1.00 -1.00 -1.00 -1.00 -1.00 -1.00 -1.00 -1.00 -1.00 -1.00 -1.00 -1.00 -1.00 -1.00 -1.00 
 -0.76 1.00 1.00 0.92 -0.89 -1.00 -1.00 -1.00 -1.00 -1.00 -1.00 -1.00 -1.00 -1.00 -1.00 -1.00 -1.00 -1.00 -1.00 -1.00 
 -1.00 0.61 1.00 1.00 0.02 -1.00 -1.00 -1.00 -1.00 -1.00 -1.00 -1.00 -1.00 -1.00 -0.97 -0.06 0.30 -1.00 -1.00 -1.00 
 -1.00 -0.34 1.00 1.00 0.98 -0.23 -0.99 -1.00 -1.00 -1.00 -1.00 -1.00 -0.98 -0.42 0.62 1.00 0.40 -1.00 -1.00 -1.00 
 -1.00 -0.99 0.28 1.00 1.00 1.00 0.51 -0.18 -0.46 -0.46 -0.25 0.15 0.75 1.00 1.00 0.92 -0.40 -1.00 -1.00 -1.00 
 -1.00 -1.00 -0.96 0.21 1.00 1.00 1.00 1.00 1.00 1.00 1.00 1.00 1.00 0.98 0.30 -0.73 -1.00 -1.00 -1.00 -1.00 
 -1.00 -1.00 -1.00 -1.00 -0.50 0.37 0.91 1.00 1.00 1.00 0.95 0.56 -0.01 -0.74 -1.00 -1.00 -1.00 -1.00 -1.00 -1.00 
 