-1.00 -1.00 -1.00 -1.00 -1.00 -1.00 -1.00 -0.84 -0.15 0.40 0.76 0.95 0.99 0.88 0.60 0.10 -0.68 -1.00 -1.00 -1.00 
 -1.00 -1.00 -1.00 -1.00 -1.00 -0.93 0.04 0.92 1.00 1.00 0.67 0.32 0.29 0.63 1.00 1.00 0.98 0.09 -0.97 -1.00 
 -1.00 -1.00 -1.00 -1.00 -0.77 0.63 1.00 1.00 0.60 -0.58 -1.00 -1.00 -1.00 -1.00 -0.50 0.85 1.00 1.00 0.21 -1.00 
 -1.00 -1.00 -1.00 -0.79 0.75 1.00 1.00 0.50 -0.93 -1.00 -1.00 -1.00 -1.00 -1.00 -1.00 -0.17 1.00 1.00 1.00 -0.55 
 -1.00 -1.00 -0.95 0.57 1.00 1.00 0.84 -0.83 -1.00 -1.00 -1.00 -1.00 -1.00 -1.00 -1.00 -0.24 1.00 1.00 1.00 0.04 
 -1.00 -1.00 -0.04 1.00 1.00 1.00 -0.17 -1.00 -1.00 -1.00 -1.00 -1.00 -1.00 -1.00 -1.00 0.14 1.00 1.00 1.00 0.02 
 -1.00 -0.84 0.91 1.00 1.00 0.83 -0.94 -1.00 -1.00 -1.00 -1.00 -1.00 -1.00 -1.00 -1.00 0.11 1.00 1.00 0.94 -0.68 
 -1.00 -0.06 1.00 1.00 1.00 0.13 -1.00 -1.00 -1.00 -1.00 -1.00 -1.00 -1.00 -1.00 -1.00 -0.84 0.21 0.32 -0.55 -1.00 
 -1.00 0.65 1.00 1.00 1.00 -0.48 -1.00 -1.00 -1.00 -1.00 -1.00 -1.00 -1.00 -1.00 -1.00 -1.00 -1.00 -1.00 -1.00 -1.00 
 -0.83 1.00 1.00 1.00 0.96 -0.93 -1.00 -1.00 -1.00 -1.00 -1.00 -1.00 -1.00 -1.00 -1.00 -1.00 -1.00 -1.00 -1.00 -1.00 
 -0.47 1.00 1.00 1.00 0.67 -1.00 -1.00 -1.00 -1.00 -1.00 -1.00 -1.00 -1.00 -1.00 -1.00 -1.00 -1.00 -1.00 -1.00 -1.00 
 -0.28 1.00 1.00 1.00 0.45 -1.00 -1.00 -1.00 -1.00 -1.00 -1.00 -1.00 -1.00 -1.00 -1.00 -1.00 -1.00 -1.00 -1.00 -1.00 
 -0.25 1.00 1.00 1.00 0.40 -1.00 -1.00 -1.00 -1.00 -1.00 -1.00 -1.00 -1.00 -1.00 -1.00 -1.00 -1.00 -1.00 -1.00 -1.00 
 -0.40 1.00 1.00 1.00 0.55 -1.00 -1.00 -1.00 -1.00 -1.00 -1.00 -1.00 -1.00 -1.00 -1.00 -1.00 -1.00 -1.00 -1.00 -1.00 
 -0.77 1.00 1.00 1.00 0.91 -0.95 -1.00 -1.00 -1.00 -1.00 -1.00 -1.00 -1.00 -1.00 -1.00 -1.00 -1.00 -0.86 -1.00 -1.00 
 -1.00 0.58 1.00 1.00 1.00 -0.33 -1.00 -1.00 -1.00 -1.00 -1.00 -1.00 -1.00 -1.00 -1.00 -1.00 -0.15 0.91 -0.73 -1.00 
 -1.00 -0.38 1.00 1.00 1.00 0.73 -0.88 -1.00 -1.00 -1.00 -1.00 -1.00 -1.00 -1.00 -0.98 0.04 1.00 -0.01 -1.00 -1.00 
 -1.00 -0.99 0.22 1.00 1.00 1.00 0.58 -0.73 -1.00 -1.00 -1.00 -1.00 -1.00 -0.66 0.50 0.98 -0.08 -1.00 -1.00 -1.00 
 -1.00 -1.00 -0.98 0.11 0.99 1.00 1.00 0.96 0.39 -0.04 -0.14 0.03 0.50 0.99 0.70 -0.49 -1.00 -1.00 -1.00 -1.00 
 -1.00 -1.00 -1.00 -1.00 -0.62 0.25 0.84 1.00 1.00 1.00 1.00 0.90 0.41 -0.30 -0.96 -1.00 -1.00 -1.00 -1.00 -1.00 
 