-1.00 -1.00 -1.00 -1.00 -1.00 -1.00 -1.00 -1.00 -0.91 -0.23 0.40 0.80 0.98 0.91 0.63 0.07 -0.76 -1.00 -1.00 -1.00 
 -1.00 -1.00 -1.00 -1.00 -1.00 -1.00 -0.98 -0.17 0.84 0.82 0.07 -0.38 -0.47 -0.00 0.99 1.00 0.93 -0.28 -1.00 -1.00 
 -1.00 -1.00 -1.00 -1.00 -1.00 -0.84 0.48 1.00 0.23 -0.91 -1.00 -1.00 -1.00 -1.00 0.48 1.00 1.00 0.98 -0.62 -1.00 
 -1.00 -1.00 -1.00 -1.00 -0.83 0.68 1.00 0.14 -0.99 -1.00 -1.00 -1.00 -1.00 -1.00 0.15 1.00 1.00 1.00 0.05 -1.00 
 -1.00 -1.00 -1.00 -0.96 0.55 1.00 0.58 -0.97 -1.00 -1.00 -1.00 -1.00 -1.00 -1.00 -0.12 1.00 1.00 1.00 -0.02 -1.00 
 -1.00 -1.00 -1.00 -0.03 1.00 1.00 -0.52 -1.00 -1.00 -1.00 -1.00 -1.00 -1.00 -1.00 -0.80 0.84 1.00 0.57 -0.86 -1.00 
 -1.00 -1.00 -0.81 0.92 1.00 0.62 -1.00 -1.00 -1.00 -1.00 -1.00 -1.00 -1.00 -1.00 -1.00 -0.87 -0.69 -0.99 -1.00 -1.00 
 -1.00 -1.00 0.02 1.00 1.00 -0.02 -1.00 -1.00 -1.00 -1.00 -1.00 -1.00 -1.00 -1.00 -1.00 -1.00 -1.00 -1.00 -1.00 -1.00 
 -1.00 -0.99 0.75 1.00 1.00 -0.47 -1.00 -1.00 -1.00 -1.00 -1.00 -1.00 -1.00 -1.00 -1.00 -1.00 -1.00 -1.00 -1.00 -1.00 
 -1.00 -0.69 1.00 1.00 1.00 -0.75 -1.00 -1.00 -1.00 -1.00 -1.00 -1.00 -1.00 -1.00 -1.00 -1.00 -1.00 -1.00 -1.00 -1.00 
 -1.00 -0.28 1.00 1.00 1.00 -0.87 -1.00 -1.00 -1.00 -1.00 -1.00 -1.00 -1.00 -1.00 -1.00 -1.00 -1.00 -1.00 -1.00 -1.00 
 -1.00 -0.02 1.00 1.00 1.00 -0.79 -1.00 -1.00 -1.00 -1.00 -1.00 -1.00 -1.00 -1.00 -1.00 -1.00 -1.00 -1.00 -1.00 -1.00 
 -1.00 0.08 1.00 1.00 1.00 -0.50 -1.00 -1.00 -1.00 -1.00 -1.00 -1.00 -1.00 -1.00 -1.00 -1.00 -1.00 -0.99 -1.00 -1.00 
 -1.00 0.02 1.00 1.00 1.00 0.07 -1.00 -1.00 -1.00 -1.00 -1.00 -1.00 -1.00 -1.00 -1.00 -1.00 -0.21 -0.18 -1.00 -1.00 
 -1.00 -0.25 1.00 1.00 1.00 0.86 -0.84 -1.00 -1.00 -1.00 -1.00 -1.00 -1.00 -1.00 -1.00 -0.29 0.59 -0.95 -1.00 -1.00 
 -1.00 -0.74 1.00 1.00 1.00 1.00 0.47 -0.91 -1.00 -1.00 -1.00 -1.00 -1.00 -0.98 -0.04 0.87 -0.70 -1.00 -1.00 -1.00 
 -1.00 -1.00 0.45 1.00 1.00 1.00 1.00 0.71 -0.23 -0.75 -0.89 -0.73 -0.25 0.62 0.96 -0.44 -1.00 -1.00 -1.00 -1.00 
 -1.00 -1.00 -0.66 0.92 1.00 1.00 1.00 1.00 1.00 1.00 1.00 1.00 1.00 0.91 -0.41 -1.00 -1.00 -1.00 -1.00 -1.00 
 -1.00 -1.00 -1.00 -0.46 0.87 1.00 1.00 1.00 1.00 1.00 1.00 1.00 0.55 -0.69 -1.00 -1.00 -1.00 -1.00 -1.00 -1.00 
 -1.00 -1.00 -1.00 -1.00 -0.80 0.10 0.71 0.98 1.00 0.82 0.34 -0.42 -0.99 -1.00 -1.00 -1.00 -1.00 -1.00 -1.00 -1.00 
 