-1.00 -1.00 -1.00 -1.00 -1.00 -1.00 -1.00 -1.00 -0.89 -0.18 0.41 0.80 0.98 0.98 0.84 0.54 -0.02 -0.80 -1.00 -1.00 
 -1.00 -1.00 -1.00 -1.00 -1.00 -1.00 -0.97 -0.10 0.87 1.00 1.00 1.00 1.00 1.00 1.00 1.00 1.00 0.93 -0.07 -1.00 
 -1.00 -1.00 -1.00 -1.00 -1.00 -0.83 0.52 1.00 1.00 1.00 0.99 0.77 0.66 0.76 0.97 1.00 1.00 1.00 0.38 -1.00 
 -1.00 -1.00 -1.00 -1.00 -0.80 0.70 1.00 1.00 0.88 -0.06 -0.81 -1.00 -1.00 -1.00 -0.92 -0.36 0.58 1.00 -0.39 -1.00 
 -1.00 -1.00 -1.00 -0.93 0.60 1.00 1.00 0.67 -0.75 -1.00 -1.00 -1.00 -1.00 -1.00 -1.00 -1.00 -0.98 -0.17 -0.97 -1.00 
 -1.00 -1.00 -1.00 0.14 1.00 1.00 0.79 -0.80 -1.00 -1.00 -1.00 -1.00 -1.00 -1.00 -1.00 -1.00 -1.00 -1.00 -1.00 -1.00 
 -1.00 -1.00 -0.62 0.98 1.00 1.00 -0.43 -1.00 -1.00 -1.00 -1.00 -1.00 -1.00 -1.00 -1.00 -1.00 -1.00 -1.00 -1.00 -1.00 
 -1.00 -1.00 0.35 1.00 1.00 0.48 -1.00 -1.00 -1.00 -1.00 -1.00 -1.00 -1.00 -1.00 -1.00 -1.00 -1.00 -1.00 -1.00 -1.00 
 -1.00 -0.81 0.98 1.00 1.00 -0.36 -1.00 -1.00 -1.00 -1.00 -1.00 -1.00 -1.00 -1.00 -1.00 -1.00 -1.00 -1.00 -1.00 -1.00 
 -1.00 -0.22 1.00 1.00 0.94 -0.93 -1.00 -1.00 -1.00 -1.00 -1.00 -1.00 -1.00 -1.00 -1.00 -1.00 -1.00 -1.00 -1.00 -1.00 
 -1.00 0.23 1.00 1.00 0.57 -1.00 -1.00 -1.00 -1.00 -1.00 -1.00 -1.00 -1.00 -1.00 -1.00 -1.00 -1.00 -1.00 -1.00 -1.00 
 -1.00 0.51 1.00 1.00 0.31 -1.00 -1.00 -1.00 -1.00 -1.00 -1.00 -1.00 -1.00 -1.00 -1.00 -1.00 -1.00 -1.00 -1.00 -1.00 
 -1.00 0.60 1.00 1.00 0.25 -1.00 -1.00 -1.00 -1.00 -1.00 -1.00 -1.00 -1.00 -1.00 -1.00 -1.00 -1.00 -1.00 -1.00 -1.00 
 -1.00 0.48 1.00 1.00 0.47 -1.00 -1.00 -1.00 -1.00 -1.00 -1.00 -1.00 -1.00 -1.00 -1.00 -1.00 -1.00 -1.00 -1.00 -1.00 
 -1.00 0.15 1.00 1.00 0.91 -0.91 -1.00 -1.00 -1.00 -1.00 -1.00 -1.00 -1.00 -1.00 -1.00 -1.00 -0.99 -1.00 -1.00 -1.00 
 -1.00 -0.44 1.00 1.00 1.00 0.03 -1.00 -1.00 -1.00 -1.00 -1.00 -1.00 -1.00 -1.00 -0.80 0.22 -0.84 -1.00 -1.00 -1.00 
 -1.00 -0.98 0.65 1.00 1.00 0.99 -0.01 -0.93 -1.00 -1.00 -1.00 -0.95 -0.48 0.22 0.93 0.92 -0.99 -1.00 -1.00 -1.00 
 -1.00 -1.00 -0.57 0.95 1.00 1.00 1.00 0.89 0.52 0.47 0.64 0.94 1.00 1.00 1.00 0.69 -1.00 -1.00 -1.00 -1.00 
 -1.00 -1.00 -1.00 -0.44 0.87 1.00 1.00 1.00 1.00 1.00 1.00 1.00 1.00 0.97 0.29 -0.71 -1.00 -1.00 -1.00 -1.00 
 -1.00 -1.00 -1.00 -1.00 -0.80 0.10 0.75 1.00 1.00 1.00 0.88 0.48 -0.08 -0.78 -1.00 -1.00 -1.00 -1.00 -1.00 -1.00 
 