0.00 0.00 0.00 0.00 0.00 0.00 0.00 0.00 0.11 0.51 0.84 1.00 0.98 0.82 0.59 0.29 0.06 0.00 0.00 0.00 
 0.00 0.00 0.00 0.00 0.00 0.00 0.00 0.25 0.90 1.00 1.00 1.00 1.00 1.00 1.00 1.00 0.86 0.35 0.02 0.00 
 0.00 0.00 0.00 0.00 0.00 0.00 0.25 0.94 1.00 1.00 1.00 1.00 1.00 1.00 1.00 1.00 1.00 1.00 0.51 0.00 
 0.00 0.00 0.00 0.00 0.00 0.13 0.90 1.00 1.00 1.00 0.94 0.76 0.72 0.84 0.94 1.00 1.00 1.00 0.86 0.00 
 0.00 0.00 0.00 0.00 0.02 0.69 1.00 1.00 1.00 0.84 0.15 0.00 0.00 0.00 0.11 0.64 1.00 1.00 0.80 0.00 
 0.00 0.00 0.00 0.00 0.31 1.00 1.00 1.00 0.88 0.13 0.00 0.00 0.00 0.00 0.00 0.02 0.45 0.69 0.21 0.00 
 0.00 0.00 0.00 0.04 0.82 1.00 1.00 0.98 0.33 0.00 0.00 0.00 0.00 0.00 0.00 0.00 0.00 0.00 0.00 0.00 
 0.00 0.00 0.00 0.29 1.00 1.00 1.00 0.72 0.00 0.00 0.00 0.00 0.00 0.00 0.00 0.00 0.00 0.00 0.00 0.00 
 0.00 0.00 0.00 0.67 1.00 1.00 0.98 0.25 0.00 0.00 0.00 0.00 0.00 0.00 0.00 0.00 0.00 0.00 0.00 0.00 
 0.00 0.00 0.11 0.96 1.00 1.00 0.82 0.00 0.00 0.00 0.00 0.00 0.00 0.00 0.00 0.00 0.00 0.00 0.00 0.00 
 0.00 0.00 0.21 1.00 1.00 1.00 0.53 0.00 0.00 0.00 0.00 0.00 0.00 0.00 0.00 0.00 0.00 0.00 0.00 0.00 
 0.00 0.00 0.35 1.00 1.00 1.00 0.29 0.00 0.00 0.00 0.00 0.00 0.00 0.00 0.00 0.00 0.00 0.00 0.00 0.00 
 0.00 0.00 0.43 1.00 1.00 1.00 0.15 0.00 0.00 0.00 0.00 0.00 0.00 0.00 0.00 0.00 0.00 0.00 0.00 0.00 
 0.00 0.00 0.43 1.00 1.00 1.00 0.16 0.00 0.00 0.00 0.00 0.00 0.00 0.00 0.00 0.00 0.00 0.00 0.00 0.00 
 0.00 0.00 0.31 1.00 1.00 1.00 0.37 0.00 0.00 0.00 0.00 0.00 0.00 0.00 0.00 0.00 0.00 0.00 0.00 0.00 
 0.00 0.00 0.16 1.00 1.00 1.00 0.76 0.02 0.00 0.00 0.00 0.00 0.00 0.00 0.00 0.00 0.00 0.00 0.00 0.00 
 0.00 0.00 0.02 0.80 1.00 1.00 1.00 0.47 0.02 0.00 0.00 0.00 0.00 0.00 0.00 0.04 0.41 0.82 0.57 0.02 
 0.00 0.00 0.00 0.33 1.00 1.00 1.00 1.00 0.64 0.18 0.02 0.00 0.00 0.06 0.33 0.82 1.00 1.00 1.00 0.33 
 0.00 0.00 0.00 0.02 0.62 1.00 1.00 1.00 1.00 1.00 0.86 0.72 0.74 0.92 1.00 1.00 1.00 1.00 0.98 0.31 
 0.00 0.00 0.00 0.00 0.04 0.69 1.00 1.00 1.00 1.00 1.00 1.00 1.00 1.00 1.00 1.00 1.00 1.00 0.57 0.00 
 