0.00 0.00 0.00 0.00 0.00 0.00 0.02 0.25 0.60 0.82 0.96 1.00 0.97 0.83 0.60 0.31 0.06 0.00 0.00 0.00 
 0.00 0.00 0.00 0.00 0.00 0.11 0.69 1.00 1.00 1.00 1.00 1.00 1.00 1.00 1.00 1.00 0.91 0.38 0.00 0.00 
 0.00 0.00 0.00 0.00 0.17 0.89 1.00 1.00 1.00 0.93 0.82 0.75 0.83 0.93 1.00 1.00 1.00 0.63 0.00 0.00 
 0.00 0.00 0.00 0.08 0.85 1.00 1.00 0.96 0.50 0.06 0.00 0.00 0.00 0.06 0.39 0.83 1.00 0.63 0.00 0.00 
 0.00 0.00 0.00 0.50 1.00 1.00 0.97 0.33 0.00 0.00 0.00 0.00 0.00 0.00 0.00 0.02 0.47 0.58 0.00 0.00 
 0.00 0.00 0.08 0.94 1.00 1.00 0.56 0.00 0.00 0.00 0.00 0.00 0.00 0.00 0.00 0.00 0.00 0.03 0.00 0.00 
 0.00 0.00 0.31 1.00 1.00 0.97 0.14 0.00 0.00 0.00 0.00 0.00 0.00 0.00 0.00 0.00 0.00 0.00 0.00 0.00 
 0.00 0.00 0.55 1.00 1.00 0.85 0.00 0.00 0.00 0.00 0.00 0.00 0.00 0.00 0.00 0.00 0.00 0.00 0.00 0.00 
 0.00 0.00 0.69 1.00 1.00 0.71 0.00 0.00 0.00 0.00 0.00 0.00 0.00 0.00 0.00 0.00 0.00 0.00 0.00 0.00 
 0.00 0.00 0.75 1.00 1.00 0.63 0.00 0.00 0.00 0.00 0.00 0.00 0.00 0.00 0.00 0.00 0.00 0.00 0.00 0.00 
 0.00 0.00 0.75 1.00 1.00 0.63 0.00 0.00 0.00 0.00 0.00 0.00 0.00 0.00 0.00 0.00 0.00 0.00 0.00 0.00 
 0.00 0.00 0.69 1.00 1.00 0.71 0.00 0.00 0.00 0.00 0.00 0.00 0.00 0.00 0.00 0.00 0.00 0.00 0.00 0.00 
 0.00 0.00 0.56 1.00 1.00 0.85 0.00 0.00 0.00 0.00 0.00 0.00 0.00 0.00 0.00 0.00 0.00 0.00 0.00 0.00 
 0.00 0.00 0.36 1.00 1.00 0.96 0.14 0.00 0.00 0.00 0.00 0.00 0.00 0.00 0.00 0.00 0.00 0.00 0.00 0.00 
 0.00 0.00 0.11 0.97 1.00 1.00 0.58 0.00 0.00 0.00 0.00 0.00 0.00 0.00 0.00 0.00 0.00 0.05 0.00 0.00 
 0.00 0.00 0.00 0.63 1.00 1.00 0.97 0.30 0.00 0.00 0.00 0.00 0.00 0.00 0.00 0.05 0.47 0.60 0.00 0.00 
 0.00 0.00 0.00 0.13 0.91 1.00 1.00 0.97 0.45 0.09 0.00 0.00 0.00 0.13 0.38 0.83 1.00 0.63 0.00 0.00 
 0.00 0.00 0.00 0.00 0.25 0.94 1.00 1.00 1.00 0.97 0.82 0.75 0.83 0.99 1.00 1.00 1.00 0.63 0.00 0.00 
 0.00 0.00 0.00 0.00 0.00 0.19 0.78 1.00 1.00 1.00 1.00 1.00 1.00 1.00 1.00 1.00 0.85 0.33 0.00 0.00 
 0.00 0.00 0.00 0.00 0.00 0.00 0.02 0.30 0.63 0.83 0.97 1.00 0.97 0.83 0.60 0.27 0.02 0.00 0.00 0.00 
 