0.00 0.00 0.00 0.00 0.00 0.00 0.02 0.29 0.67 0.94 1.00 1.00 0.96 0.74 0.33 0.04 0.00 0.00 0.00 0.00 
 0.00 0.00 0.00 0.00 0.00 0.06 0.65 1.00 1.00 1.00 1.00 1.00 1.00 1.00 1.00 0.74 0.08 0.00 0.00 0.00 
 0.00 0.00 0.00 0.00 0.04 0.69 1.00 1.00 1.00 1.00 1.00 1.00 1.00 1.00 1.00 1.00 0.78 0.06 0.00 0.00 
 0.00 0.00 0.00 0.00 0.43 1.00 1.00 1.00 1.00 0.92 0.74 0.74 0.92 1.00 1.00 1.00 1.00 0.55 0.00 0.00 
 0.00 0.00 0.00 0.08 0.92 1.00 1.00 1.00 0.86 0.13 0.00 0.00 0.13 0.86 1.00 1.00 1.00 0.92 0.08 0.00 
 0.00 0.00 0.00 0.35 1.00 1.00 1.00 1.00 0.39 0.00 0.00 0.00 0.00 0.33 1.00 1.00 1.00 1.00 0.41 0.00 
 0.00 0.00 0.00 0.65 1.00 1.00 1.00 0.90 0.04 0.00 0.00 0.00 0.00 0.13 0.98 1.00 0.92 0.86 0.55 0.00 
 0.00 0.00 0.02 0.86 1.00 1.00 1.00 0.80 0.00 0.00 0.00 0.00 0.00 0.00 0.13 0.15 0.06 0.00 0.00 0.00 
 0.00 0.00 0.15 1.00 1.00 1.00 1.00 0.69 0.00 0.00 0.00 0.00 0.00 0.00 0.00 0.00 0.00 0.00 0.00 0.00 
 0.00 0.00 0.15 1.00 1.00 1.00 1.00 0.57 0.00 0.00 0.00 0.00 0.00 0.00 0.00 0.00 0.00 0.00 0.00 0.00 
 0.00 0.00 0.15 1.00 1.00 1.00 1.00 0.57 0.00 0.00 0.00 0.00 0.00 0.00 0.00 0.00 0.00 0.00 0.00 0.00 
 0.00 0.00 0.15 1.00 1.00 1.00 1.00 0.57 0.00 0.00 0.00 0.00 0.00 0.00 0.00 0.00 0.00 0.00 0.00 0.00 
 0.00 0.00 0.15 1.00 1.00 1.00 1.00 0.62 0.00 0.00 0.00 0.00 0.00 0.00 0.00 0.00 0.00 0.00 0.00 0.00 
 0.00 0.00 0.13 0.98 1.00 1.00 1.00 0.74 0.00 0.00 0.00 0.00 0.00 0.00 0.00 0.00 0.00 0.00 0.00 0.00 
 0.00 0.00 0.00 0.82 1.00 1.00 1.00 0.86 0.00 0.00 0.00 0.00 0.00 0.00 0.67 0.82 0.72 0.72 0.51 0.00 
 0.00 0.00 0.00 0.62 1.00 1.00 1.00 0.96 0.16 0.00 0.00 0.00 0.00 0.11 0.96 1.00 1.00 1.00 0.65 0.00 
 0.00 0.00 0.00 0.29 1.00 1.00 1.00 1.00 0.62 0.00 0.00 0.00 0.00 0.41 1.00 1.00 1.00 1.00 0.37 0.00 
 0.00 0.00 0.00 0.06 0.86 1.00 1.00 1.00 0.98 0.47 0.15 0.15 0.37 0.94 1.00 1.00 1.00 0.88 0.04 0.00 
 0.00 0.00 0.00 0.00 0.33 0.98 1.00 1.00 1.00 1.00 1.00 1.00 1.00 1.00 1.00 1.00 0.98 0.37 0.00 0.00 
 0.00 0.00 0.00 0.00 0.00 0.55 1.00 1.00 1.00 1.00 1.00 1.00 1.00 1.00 1.00 1.00 0.55 0.00 0.00 0.00 
 