0.00 0.00 0.00 0.00 0.00 0.00 0.04 0.33 0.67 0.90 1.00 1.00 0.86 0.64 0.27 0.02 0.00 0.00 0.00 0.00 
 0.00 0.00 0.00 0.00 0.00 0.25 0.82 1.00 0.94 0.64 0.43 0.47 0.74 1.00 1.00 0.62 0.04 0.00 0.00 0.00 
 0.00 0.00 0.00 0.00 0.35 0.98 1.00 0.86 0.18 0.00 0.00 0.00 0.02 0.78 1.00 1.00 0.57 0.00 0.00 0.00 
 0.00 0.00 0.00 0.21 0.96 1.00 0.96 0.23 0.00 0.00 0.00 0.00 0.02 0.84 1.00 1.00 0.92 0.06 0.00 0.00 
 0.00 0.00 0.04 0.80 1.00 1.00 0.67 0.00 0.00 0.00 0.00 0.00 0.15 1.00 1.00 1.00 1.00 0.27 0.00 0.00 
 0.00 0.00 0.33 1.00 1.00 1.00 0.29 0.00 0.00 0.00 0.00 0.00 0.15 1.00 1.00 1.00 1.00 0.27 0.00 0.00 
 0.00 0.00 0.72 1.00 1.00 0.90 0.04 0.00 0.00 0.00 0.00 0.00 0.06 0.84 1.00 1.00 0.86 0.04 0.00 0.00 
 0.00 0.13 0.98 1.00 1.00 0.86 0.00 0.00 0.00 0.00 0.00 0.00 0.00 0.11 0.49 0.55 0.18 0.00 0.00 0.00 
 0.00 0.18 1.00 1.00 1.00 0.74 0.00 0.00 0.00 0.00 0.00 0.00 0.00 0.00 0.00 0.00 0.00 0.00 0.00 0.00 
 0.00 0.29 1.00 1.00 1.00 0.72 0.00 0.00 0.00 0.00 0.00 0.00 0.00 0.00 0.00 0.00 0.00 0.00 0.00 0.00 
 0.00 0.29 1.00 1.00 1.00 0.72 0.00 0.00 0.00 0.00 0.00 0.00 0.00 0.00 0.00 0.00 0.00 0.00 0.00 0.00 
 0.00 0.23 1.00 1.00 1.00 0.80 0.00 0.00 0.00 0.00 0.00 0.00 0.00 0.00 0.00 0.00 0.00 0.00 0.00 0.00 
 0.00 0.15 1.00 1.00 1.00 0.88 0.02 0.00 0.00 0.00 0.00 0.00 0.00 0.00 0.00 0.00 0.00 0.00 0.00 0.00 
 0.00 0.06 0.90 1.00 1.00 1.00 0.23 0.00 0.00 0.00 0.00 0.00 0.00 0.00 0.00 0.00 0.00 0.00 0.00 0.00 
 0.00 0.00 0.62 1.00 1.00 1.00 0.59 0.00 0.00 0.00 0.00 0.00 0.00 0.00 0.00 0.00 0.08 0.33 0.02 0.00 
 0.00 0.00 0.23 0.98 1.00 1.00 0.94 0.15 0.00 0.00 0.00 0.00 0.00 0.00 0.00 0.02 0.57 0.98 0.23 0.00 
 0.00 0.00 0.00 0.64 1.00 1.00 1.00 0.78 0.08 0.00 0.00 0.00 0.00 0.00 0.02 0.47 1.00 0.59 0.00 0.00 
 0.00 0.00 0.00 0.11 0.86 1.00 1.00 1.00 0.86 0.31 0.11 0.00 0.06 0.21 0.65 1.00 0.65 0.02 0.00 0.00 
 0.00 0.00 0.00 0.00 0.13 0.76 1.00 1.00 1.00 1.00 0.96 0.86 0.92 1.00 0.98 0.57 0.02 0.00 0.00 0.00 
 0.00 0.00 0.00 0.00 0.00 0.02 0.41 0.82 1.00 1.00 1.00 1.00 0.98 0.69 0.25 0.00 0.00 0.00 0.00 0.00 
 