0.00 0.00 0.00 0.00 0.00 0.00 0.00 0.00 0.12 0.40 0.72 0.96 1.00 0.96 0.76 0.40 0.08 0.00 0.00 0.00 
 0.00 0.00 0.00 0.00 0.00 0.00 0.04 0.40 0.92 0.92 0.72 0.60 0.68 0.88 1.00 1.00 0.72 0.08 0.00 0.00 
 0.00 0.00 0.00 0.00 0.00 0.04 0.48 1.00 0.72 0.16 0.00 0.00 0.00 0.16 0.88 1.00 1.00 0.56 0.00 0.00 
 0.00 0.00 0.00 0.00 0.00 0.44 1.00 0.72 0.04 0.00 0.00 0.00 0.00 0.00 0.48 1.00 1.00 0.80 0.00 0.00 
 0.00 0.00 0.00 0.00 0.24 0.96 0.92 0.16 0.00 0.00 0.00 0.00 0.00 0.00 0.44 1.00 1.00 0.76 0.00 0.00 
 0.00 0.00 0.00 0.04 0.76 1.00 0.68 0.00 0.00 0.00 0.00 0.00 0.00 0.00 0.56 1.00 0.80 0.24 0.00 0.00 
 0.00 0.00 0.00 0.28 1.00 1.00 0.36 0.00 0.00 0.00 0.00 0.00 0.00 0.00 0.04 0.20 0.04 0.00 0.00 0.00 
 0.00 0.00 0.00 0.60 1.00 0.92 0.12 0.00 0.00 0.00 0.00 0.00 0.00 0.00 0.00 0.00 0.00 0.00 0.00 0.00 
 0.00 0.00 0.12 0.92 1.00 0.80 0.00 0.00 0.00 0.00 0.00 0.00 0.00 0.00 0.00 0.00 0.00 0.00 0.00 0.00 
 0.00 0.00 0.20 1.00 1.00 0.80 0.00 0.00 0.00 0.00 0.00 0.00 0.00 0.00 0.00 0.00 0.00 0.00 0.00 0.00 
 0.00 0.00 0.28 1.00 1.00 0.80 0.00 0.00 0.00 0.00 0.00 0.00 0.00 0.00 0.00 0.00 0.00 0.00 0.00 0.00 
 0.00 0.00 0.40 1.00 1.00 0.80 0.00 0.00 0.00 0.00 0.00 0.00 0.00 0.00 0.00 0.00 0.00 0.00 0.00 0.00 
 0.00 0.00 0.40 1.00 1.00 0.84 0.04 0.00 0.00 0.00 0.00 0.00 0.00 0.00 0.00 0.00 0.00 0.00 0.00 0.00 
 0.00 0.00 0.24 1.00 1.00 1.00 0.28 0.00 0.00 0.00 0.00 0.00 0.00 0.00 0.00 0.00 0.00 0.00 0.00 0.00 
 0.00 0.00 0.20 1.00 1.00 1.00 0.64 0.00 0.00 0.00 0.00 0.00 0.00 0.00 0.00 0.00 0.00 0.00 0.00 0.00 
 0.00 0.00 0.04 0.80 1.00 1.00 0.92 0.20 0.00 0.00 0.00 0.00 0.00 0.00 0.00 0.04 0.28 0.04 0.00 0.00 
 0.00 0.00 0.00 0.36 1.00 1.00 1.00 0.80 0.12 0.00 0.00 0.00 0.00 0.00 0.04 0.48 0.84 0.08 0.00 0.00 
 0.00 0.00 0.00 0.04 0.72 1.00 1.00 1.00 0.84 0.28 0.12 0.00 0.08 0.24 0.68 0.96 0.36 0.00 0.00 0.00 
 0.00 0.00 0.00 0.00 0.16 0.80 1.00 1.00 1.00 1.00 0.92 0.80 0.88 1.00 0.92 0.40 0.00 0.00 0.00 0.00 
 0.00 0.00 0.00 0.00 0.00 0.08 0.68 1.00 1.00 1.00 1.00 1.00 1.00 0.72 0.20 0.00 0.00 0.00 0.00 0.00 
 