-1.00 -1.00 -1.00 -1.00 -1.00 -1.00 -1.00 -1.00 -1.00 -1.00 -1.00 -0.91 -0.55 -0.00 0.61 -0.27 -1.00 -1.00 -1.00 -1.00 
 -1.00 -1.00 -1.00 -1.00 -1.00 -1.00 -1.00 -1.00 -1.00 -0.88 0.80 0.99 1.00 1.00 1.00 -0.23 -1.00 -1.00 -1.00 -1.00 
 -1.00 -1.00 -1.00 -1.00 -1.00 -1.00 -1.00 -1.00 -1.00 -0.98 -0.63 -0.39 1.00 1.00 1.00 -0.23 -1.00 -1.00 -1.00 -1.00 
 -1.00 -1.00 -1.00 -1.00 -1.00 -1.00 -1.00 -1.00 -1.00 -1.00 -1.00 -1.00 0.89 1.00 1.00 -0.23 -1.00 -1.00 -1.00 -1.00 
 -1.00 -1.00 -1.00 -1.00 -1.00 -1.00 -1.00 -1.00 -1.00 -1.00 -1.00 -1.00 0.87 1.00 1.00 -0.23 -1.00 -1.00 -1.00 -1.00 
 -1.00 -1.00 -1.00 -1.00 -1.00 -1.00 -1.00 -1.00 -1.00 -1.00 -1.00 -1.00 0.87 1.00 1.00 -0.23 -1.00 -1.00 -1.00 -1.00 
 -1.00 -1.00 -1.00 -1.00 -1.00 -1.00 -1.00 -0.99 -0.69 -0.53 -0.79 -1.00 0.87 1.00 1.00 -0.23 -1.00 -1.00 -1.00 -1.00 
 -1.00 -1.00 -1.00 -1.00 -1.00 -1.00 -0.52 0.64 1.00 1.00 1.00 0.59 0.95 1.00 1.00 -0.23 -1.00 -1.00 -1.00 -1.00 
 -1.00 -1.00 -1.00 -1.00 -0.91 0.16 0.99 0.77 0.11 0.09 0.68 1.00 1.00 1.00 1.00 -0.23 -1.00 -1.00 -1.00 -1.00 
 -1.00 -1.00 -1.00 -0.88 0.62 1.00 0.74 -0.87 -1.00 -1.00 -0.97 0.16 1.00 1.00 1.00 -0.23 -1.00 -1.00 -1.00 -1.00 
 -1.00 -1.00 -1.00 0.18 1.00 1.00 -0.11 -1.00 -1.00 -1.00 -1.00 -0.98 0.89 1.00 1.00 -0.23 -1.00 -1.00 -1.00 -1.00 
 -1.00 -1.00 -0.94 0.91 1.00 1.00 -0.53 -1.00 -1.00 -1.00 -1.00 -1.00 0.87 1.00 1.00 -0.23 -1.00 -1.00 -1.00 -1.00 
 -1.00 -1.00 -0.62 1.00 1.00 1.00 -0.65 -1.00 -1.00 -1.00 -1.00 -1.00 0.87 1.00 1.00 -0.23 -1.00 -1.00 -1.00 -1.00 
 -1.00 -1.00 -0.49 1.00 1.00 1.00 -0.58 -1.00 -1.00 -1.00 -1.00 -1.00 0.87 1.00 1.00 -0.23 -1.00 -1.00 -1.00 -1.00 
 -1.00 -1.00 -0.56 1.00 1.00 1.00 -0.25 -1.00 -1.00 -1.00 -1.00 -1.00 0.87 1.00 1.00 -0.23 -1.00 -1.00 -1.00 -1.00 
 -1.00 -1.00 -0.83 1.00 1.00 1.00 0.40 -1.00 -1.00 -1.00 -1.00 -0.96 0.93 1.00 1.00 -0.23 -1.00 -1.00 -1.00 -1.00 
 -1.00 -1.00 -1.00 0.64 1.00 1.00 1.00 -0.31 -1.00 -1.00 -0.99 0.03 1.00 1.00 1.00 -0.23 -1.00 -1.00 -1.00 -1.00 
 -1.00 -1.00 -1.00 -0.25 1.00 1.00 1.00 0.99 0.45 0.20 0.65 0.62 0.95 1.00 1.00 -0.17 -1.00 -1.00 -1.00 -1.00 
 -1.00 -1.00 -1.00 -0.99 0.29 1.00 1.00 1.00 1.00 1.00 0.33 -0.89 0.99 1.00 1.00 0.62 -0.12 -0.80 -1.00 -1.00 
 -1.00 -1.00 -1.00 -1.00 -0.98 -0.18 0.62 0.97 0.91 -0.04 -0.99 -0.95 0.22 0.15 0.10 0.16 0.21 -0.68 -1.00 -1.00 
 