-1.00 -1.00 -1.00 -1.00 -1.00 -1.00 -1.00 -1.00 -1.00 -1.00 -1.00 -1.00 -1.00 0.72 1.00 1.00 0.76 -1.00 -1.00 -1.00 
 -1.00 -1.00 -1.00 -1.00 -1.00 -1.00 -1.00 -1.00 -1.00 -1.00 -1.00 -1.00 -1.00 0.72 1.00 1.00 0.76 -1.00 -1.00 -1.00 
 -1.00 -1.00 -1.00 -1.00 -1.00 -1.00 -1.00 -1.00 -1.00 -1.00 -1.00 -1.00 -1.00 0.72 1.00 1.00 0.76 -1.00 -1.00 -1.00 
 -1.00 -1.00 -1.00 -1.00 -1.00 -1.00 -1.00 -1.00 -1.00 -1.00 -1.00 -1.00 -1.00 0.72 1.00 1.00 0.76 -1.00 -1.00 -1.00 
 -1.00 -1.00 -1.00 -1.00 -1.00 -1.00 -1.00 -0.97 -0.68 -0.60 -0.86 -1.00 -1.00 0.72 1.00 1.00 0.76 -1.00 -1.00 -1.00 
 -1.00 -1.00 -1.00 -1.00 -1.00 -0.98 -0.09 0.83 1.00 1.00 0.98 0.36 -0.83 0.72 1.00 1.00 0.76 -1.00 -1.00 -1.00 
 -1.00 -1.00 -1.00 -1.00 -0.97 0.36 1.00 1.00 1.00 1.00 1.00 1.00 0.65 0.78 1.00 1.00 0.76 -1.00 -1.00 -1.00 
 -1.00 -1.00 -1.00 -1.00 -0.02 1.00 1.00 1.00 1.00 0.92 0.92 1.00 1.00 1.00 1.00 1.00 0.76 -1.00 -1.00 -1.00 
 -1.00 -1.00 -1.00 -0.84 0.92 1.00 1.00 0.98 -0.15 -0.96 -0.97 -0.20 0.98 1.00 1.00 1.00 0.76 -1.00 -1.00 -1.00 
 -1.00 -1.00 -1.00 -0.15 1.00 1.00 1.00 0.12 -1.00 -1.00 -1.00 -1.00 0.07 1.00 1.00 1.00 0.76 -1.00 -1.00 -1.00 
 -1.00 -1.00 -1.00 0.35 1.00 1.00 1.00 -0.72 -1.00 -1.00 -1.00 -1.00 -0.75 1.00 1.00 1.00 0.76 -1.00 -1.00 -1.00 
 -1.00 -1.00 -1.00 0.63 1.00 1.00 0.87 -0.99 -1.00 -1.00 -1.00 -1.00 -1.00 0.84 1.00 1.00 0.76 -1.00 -1.00 -1.00 
 -1.00 -1.00 -1.00 0.71 1.00 1.00 0.76 -1.00 -1.00 -1.00 -1.00 -1.00 -1.00 0.73 1.00 1.00 0.76 -1.00 -1.00 -1.00 
 -1.00 -1.00 -1.00 0.59 1.00 1.00 0.91 -0.98 -1.00 -1.00 -1.00 -1.00 -0.99 0.87 1.00 1.00 0.76 -1.00 -1.00 -1.00 
 -1.00 -1.00 -1.00 0.28 1.00 1.00 1.00 -0.62 -1.00 -1.00 -1.00 -1.00 -0.66 1.00 1.00 1.00 0.76 -1.00 -1.00 -1.00 
 -1.00 -1.00 -1.00 -0.24 1.00 1.00 1.00 0.33 -0.99 -1.00 -1.00 -0.99 0.28 1.00 1.00 1.00 0.76 -1.00 -1.00 -1.00 
 -1.00 -1.00 -1.00 -0.89 0.89 1.00 1.00 1.00 0.22 -0.66 -0.67 0.18 1.00 1.00 1.00 1.00 0.76 -1.00 -1.00 -1.00 
 -1.00 -1.00 -1.00 -1.00 -0.08 1.00 1.00 1.00 1.00 1.00 1.00 1.00 1.00 1.00 1.00 1.00 0.76 -1.00 -1.00 -1.00 
 -1.00 -1.00 -1.00 -1.00 -0.98 0.22 1.00 1.00 1.00 1.00 1.00 1.00 0.41 0.73 1.00 1.00 0.76 -1.00 -1.00 -1.00 
 -1.00 -1.00 -1.00 -1.00 -1.00 -0.99 -0.38 0.48 0.93 0.99 0.74 -0.02 -0.95 -0.30 -0.19 -0.19 -0.29 -1.00 -1.00 -1.00 
 