-1.00 -1.00 -1.00 -1.00 -1.00 -1.00 -1.00 -1.00 -1.00 -1.00 -0.99 -0.75 -0.27 0.29 0.89 1.00 -0.94 -1.00 -1.00 -1.00 
 -1.00 -1.00 -1.00 -1.00 -1.00 -1.00 -1.00 -1.00 -1.00 -0.29 0.88 1.00 1.00 1.00 1.00 1.00 -0.94 -1.00 -1.00 -1.00 
 -1.00 -1.00 -1.00 -1.00 -1.00 -1.00 -1.00 -1.00 -1.00 -0.16 1.00 1.00 1.00 1.00 1.00 1.00 -0.94 -1.00 -1.00 -1.00 
 -1.00 -1.00 -1.00 -1.00 -1.00 -1.00 -1.00 -1.00 -1.00 -0.64 0.15 0.92 1.00 1.00 1.00 1.00 -0.94 -1.00 -1.00 -1.00 
 -1.00 -1.00 -1.00 -1.00 -1.00 -1.00 -1.00 -1.00 -1.00 -1.00 -1.00 0.06 1.00 1.00 1.00 1.00 -0.94 -1.00 -1.00 -1.00 
 -1.00 -1.00 -1.00 -1.00 -1.00 -1.00 -0.99 -0.82 -0.68 -0.84 -1.00 -0.15 1.00 1.00 1.00 1.00 -0.94 -1.00 -1.00 -1.00 
 -1.00 -1.00 -1.00 -1.00 -0.98 -0.18 0.70 1.00 1.00 1.00 0.68 0.45 1.00 1.00 1.00 1.00 -0.94 -1.00 -1.00 -1.00 
 -1.00 -1.00 -1.00 -0.93 0.44 1.00 1.00 1.00 1.00 1.00 1.00 1.00 1.00 1.00 1.00 1.00 -0.94 -1.00 -1.00 -1.00 
 -1.00 -1.00 -1.00 0.27 1.00 1.00 1.00 1.00 0.90 0.64 0.91 1.00 1.00 1.00 1.00 1.00 -0.94 -1.00 -1.00 -1.00 
 -1.00 -1.00 -0.53 1.00 1.00 1.00 1.00 0.50 -0.87 -1.00 -0.91 0.29 1.00 1.00 1.00 1.00 -0.94 -1.00 -1.00 -1.00 
 -1.00 -1.00 0.29 1.00 1.00 1.00 0.98 -0.75 -1.00 -1.00 -1.00 -0.16 1.00 1.00 1.00 1.00 -0.94 -1.00 -1.00 -1.00 
 -1.00 -1.00 0.80 1.00 1.00 1.00 0.57 -1.00 -1.00 -1.00 -1.00 -0.16 1.00 1.00 1.00 1.00 -0.94 -1.00 -1.00 -1.00 
 -1.00 -0.94 1.00 1.00 1.00 1.00 0.28 -1.00 -1.00 -1.00 -1.00 -0.16 1.00 1.00 1.00 1.00 -0.94 -1.00 -1.00 -1.00 
 -1.00 -0.91 1.00 1.00 1.00 1.00 0.24 -1.00 -1.00 -1.00 -1.00 -0.16 1.00 1.00 1.00 1.00 -0.94 -1.00 -1.00 -1.00 
 -1.00 -0.99 0.88 1.00 1.00 1.00 0.47 -1.00 -1.00 -1.00 -1.00 -0.16 1.00 1.00 1.00 1.00 -0.94 -1.00 -1.00 -1.00 
 -1.00 -1.00 0.42 1.00 1.00 1.00 0.93 -0.86 -1.00 -1.00 -1.00 -0.16 1.00 1.00 1.00 1.00 -0.94 -1.00 -1.00 -1.00 
 -1.00 -1.00 -0.35 1.00 1.00 1.00 1.00 0.30 -0.95 -1.00 -0.70 0.61 1.00 1.00 1.00 1.00 -0.75 -1.00 -1.00 -1.00 
 -1.00 -1.00 -0.98 0.49 1.00 1.00 1.00 1.00 0.82 0.67 0.99 1.00 1.00 1.00 1.00 1.00 0.68 0.04 -0.89 -1.00 
 -1.00 -1.00 -1.00 -0.84 0.62 1.00 1.00 1.00 1.00 1.00 1.00 0.96 1.00 1.00 1.00 1.00 1.00 1.00 -0.72 -1.00 
 -1.00 -1.00 -1.00 -1.00 -0.92 0.00 0.77 1.00 1.00 0.94 0.41 -0.58 0.69 0.69 0.69 0.69 0.69 0.69 -0.76 -1.00 
 