-1.00 -1.00 -1.00 -1.00 -1.00 -1.00 -1.00 -1.00 -1.00 -1.00 -1.00 -1.00 -0.29 0.36 0.52 0.67 0.82 0.19 -1.00 -1.00 
 -1.00 -1.00 -1.00 -1.00 -1.00 -1.00 -1.00 -1.00 -1.00 -1.00 -1.00 -1.00 -0.54 -0.24 0.45 1.00 1.00 -0.36 -1.00 -1.00 
 -1.00 -1.00 -1.00 -1.00 -1.00 -1.00 -1.00 -1.00 -1.00 -1.00 -1.00 -1.00 -1.00 -1.00 -0.29 1.00 0.95 -0.90 -1.00 -1.00 
 -1.00 -1.00 -1.00 -1.00 -1.00 -1.00 -1.00 -1.00 -1.00 -1.00 -1.00 -1.00 -1.00 -1.00 0.18 1.00 0.45 -1.00 -1.00 -1.00 
 -1.00 -1.00 -1.00 -1.00 -1.00 -1.00 -1.00 -1.00 -1.00 -1.00 -1.00 -1.00 -1.00 -0.99 0.76 1.00 -0.14 -1.00 -1.00 -1.00 
 -1.00 -1.00 -1.00 -1.00 -1.00 -1.00 -1.00 -1.00 -1.00 -1.00 -1.00 -1.00 -1.00 -0.64 1.00 1.00 -0.73 -1.00 -1.00 -1.00 
 -1.00 -1.00 -1.00 -1.00 -1.00 -1.00 -1.00 -1.00 -1.00 -1.00 -1.00 -1.00 -1.00 -0.04 1.00 0.67 -1.00 -1.00 -1.00 -1.00 
 -1.00 -1.00 -1.00 -1.00 -1.00 -1.00 -0.87 -0.06 0.55 0.78 0.57 -0.29 -1.00 0.55 1.00 0.08 -1.00 -1.00 -1.00 -1.00 
 -1.00 -1.00 -1.00 -1.00 -1.00 -0.44 0.83 0.98 0.22 -0.33 -0.07 0.89 -0.15 0.98 1.00 -0.51 -1.00 -1.00 -1.00 -1.00 
 -1.00 -1.00 -1.00 -1.00 -0.37 0.97 0.98 -0.36 -1.00 -1.00 -1.00 -0.34 0.95 1.00 0.87 -0.97 -1.00 -1.00 -1.00 -1.00 
 -1.00 -1.00 -1.00 -0.71 0.91 1.00 0.05 -1.00 -1.00 -1.00 -1.00 -0.91 1.00 1.00 0.30 -1.00 -1.00 -1.00 -1.00 -1.00 
 -1.00 -1.00 -1.00 0.41 1.00 0.84 -0.91 -1.00 -1.00 -1.00 -1.00 -0.84 1.00 1.00 -0.29 -1.00 -1.00 -1.00 -1.00 -1.00 
 -1.00 -1.00 -0.68 1.00 1.00 0.05 -1.00 -1.00 -1.00 -1.00 -1.00 -0.51 1.00 0.98 -0.85 -1.00 -1.00 -1.00 -1.00 -1.00 
 -1.00 -1.00 -0.04 1.00 1.00 -0.60 -1.00 -1.00 -1.00 -1.00 -1.00 -0.00 1.00 0.52 -1.00 -1.00 -1.00 -1.00 -1.00 -1.00 
 -1.00 -1.00 0.34 1.00 0.93 -0.98 -1.00 -1.00 -1.00 -1.00 -0.99 0.63 1.00 -0.07 -1.00 -1.00 -1.00 -1.00 -1.00 -1.00 
 -1.00 -1.00 0.49 1.00 0.71 -1.00 -1.00 -1.00 -1.00 -1.00 -0.57 1.00 1.00 -0.66 -1.00 -0.99 -0.26 -0.95 -1.00 -1.00 
 -1.00 -1.00 0.36 1.00 0.79 -1.00 -1.00 -1.00 -1.00 -0.99 0.44 1.00 0.77 -0.99 -1.00 -0.34 0.65 -0.97 -1.00 -1.00 
 -1.00 -1.00 -0.19 1.00 1.00 -0.58 -1.00 -1.00 -1.00 -0.17 0.87 1.00 0.35 -1.00 -0.74 0.82 -0.55 -1.00 -1.00 -1.00 
 -1.00 -1.00 -0.95 0.60 1.00 0.78 -0.26 -0.45 0.19 0.71 -0.29 1.00 0.72 -0.10 0.76 -0.15 -1.00 -1.00 -1.00 -1.00 
 -1.00 -1.00 -1.00 -0.87 0.17 0.84 1.00 0.82 0.15 -0.85 -0.95 0.48 0.99 0.69 -0.33 -1.00 -1.00 -1.00 -1.00 -1.00 
 