-1.00 -1.00 -1.00 -1.00 -1.00 -1.00 -1.00 -1.00 -1.00 -1.00 -1.00 -1.00 -0.90 -0.19 0.04 0.33 0.69 -0.39 -1.00 -1.00 
 -1.00 -1.00 -1.00 -1.00 -1.00 -1.00 -1.00 -1.00 -1.00 -1.00 -1.00 -1.00 -0.95 -0.60 0.18 1.00 0.99 -0.84 -1.00 -1.00 
 -1.00 -1.00 -1.00 -1.00 -1.00 -1.00 -1.00 -1.00 -1.00 -1.00 -1.00 -1.00 -1.00 -1.00 -0.14 1.00 0.64 -1.00 -1.00 -1.00 
 -1.00 -1.00 -1.00 -1.00 -1.00 -1.00 -1.00 -1.00 -1.00 -1.00 -1.00 -1.00 -1.00 -1.00 0.36 1.00 0.12 -1.00 -1.00 -1.00 
 -1.00 -1.00 -1.00 -1.00 -1.00 -1.00 -1.00 -1.00 -1.00 -1.00 -1.00 -1.00 -1.00 -0.97 0.87 1.00 -0.39 -1.00 -1.00 -1.00 
 -1.00 -1.00 -1.00 -1.00 -1.00 -1.00 -1.00 -1.00 -1.00 -1.00 -1.00 -1.00 -1.00 -0.57 1.00 0.98 -0.88 -1.00 -1.00 -1.00 
 -1.00 -1.00 -1.00 -1.00 -1.00 -1.00 -1.00 -1.00 -1.00 -1.00 -0.98 -0.98 -1.00 -0.04 1.00 0.56 -1.00 -1.00 -1.00 -1.00 
 -1.00 -1.00 -1.00 -1.00 -1.00 -1.00 -1.00 -0.99 -0.43 0.44 0.43 0.40 -0.15 0.50 1.00 0.03 -1.00 -1.00 -1.00 -1.00 
 -1.00 -1.00 -1.00 -1.00 -1.00 -1.00 -0.91 0.31 0.76 -0.60 -1.00 -1.00 0.18 0.95 1.00 -0.51 -1.00 -1.00 -1.00 -1.00 
 -1.00 -1.00 -1.00 -1.00 -1.00 -0.87 0.58 0.86 -0.73 -1.00 -1.00 -1.00 0.06 1.00 0.89 -0.96 -1.00 -1.00 -1.00 -1.00 
 -1.00 -1.00 -1.00 -1.00 -0.96 0.49 1.00 -0.34 -1.00 -1.00 -1.00 -1.00 0.19 1.00 0.35 -1.00 -1.00 -1.00 -1.00 -1.00 
 -1.00 -1.00 -1.00 -1.00 0.01 1.00 0.45 -1.00 -1.00 -1.00 -1.00 -1.00 0.51 1.00 -0.24 -1.00 -1.00 -1.00 -1.00 -1.00 
 -1.00 -1.00 -1.00 -0.72 0.95 1.00 -0.54 -1.00 -1.00 -1.00 -1.00 -0.92 0.94 0.99 -0.80 -1.00 -1.00 -1.00 -1.00 -1.00 
 -1.00 -1.00 -1.00 0.21 1.00 0.65 -0.99 -1.00 -1.00 -1.00 -1.00 -0.32 1.00 0.62 -1.00 -1.00 -1.00 -1.00 -1.00 -1.00 
 -1.00 -1.00 -0.95 0.90 1.00 0.02 -1.00 -1.00 -1.00 -1.00 -0.99 0.53 1.00 0.07 -1.00 -1.00 -1.00 -1.00 -1.00 -1.00 
 -1.00 -1.00 -0.55 1.00 1.00 -0.42 -1.00 -1.00 -1.00 -1.00 -0.41 1.00 1.00 -0.47 -1.00 -1.00 -1.00 -1.00 -1.00 -1.00 
 -1.00 -1.00 -0.33 1.00 1.00 -0.62 -1.00 -1.00 -1.00 -0.84 0.49 1.00 0.95 -0.93 -1.00 -0.55 -1.00 -1.00 -1.00 -1.00 
 -1.00 -1.00 -0.45 1.00 1.00 -0.35 -1.00 -1.00 -0.84 0.31 -0.08 1.00 0.55 -1.00 -0.31 -0.25 -1.00 -1.00 -1.00 -1.00 
 -1.00 -1.00 -0.91 0.83 1.00 0.80 -0.13 -0.02 0.62 -0.68 -0.00 1.00 0.79 0.12 -0.04 -1.00 -1.00 -1.00 -1.00 -1.00 
 -1.00 -1.00 -1.00 -0.57 0.62 0.99 0.90 0.29 -0.78 -1.00 -0.43 0.98 0.80 -0.27 -1.00 -1.00 -1.00 -1.00 -1.00 -1.00 
 