-1.00 -1.00 -1.00 -1.00 -1.00 -1.00 -1.00 -1.00 -1.00 -1.00 -1.00 -1.00 -1.00 -1.00 -0.80 0.25 0.92 0.34 -1.00 -1.00 
 -1.00 -1.00 -1.00 -1.00 -1.00 -1.00 -1.00 -1.00 -1.00 -1.00 -1.00 -1.00 -1.00 -0.46 0.55 0.08 0.29 -0.74 -1.00 -1.00 
 -1.00 -1.00 -1.00 -1.00 -1.00 -1.00 -1.00 -1.00 -1.00 -1.00 -1.00 -1.00 -0.26 0.76 -0.87 -1.00 -1.00 -1.00 -1.00 -1.00 
 -1.00 -1.00 -1.00 -1.00 -1.00 -1.00 -1.00 -1.00 -1.00 -1.00 -1.00 -0.43 0.98 -0.12 -1.00 -1.00 -1.00 -1.00 -1.00 -1.00 
 -1.00 -1.00 -1.00 -1.00 -1.00 -1.00 -1.00 -1.00 -1.00 -1.00 -0.99 0.65 0.99 -0.80 -1.00 -1.00 -1.00 -1.00 -1.00 -1.00 
 -1.00 -1.00 -1.00 -1.00 -1.00 -1.00 -1.00 -1.00 -1.00 -1.00 -0.69 1.00 0.64 -1.00 -1.00 -1.00 -1.00 -1.00 -1.00 -1.00 
 -1.00 -1.00 -1.00 -1.00 -1.00 -1.00 -1.00 -1.00 -1.00 -1.00 -0.16 1.00 0.13 -1.00 -1.00 -1.00 -1.00 -1.00 -1.00 -1.00 
 -1.00 -1.00 -1.00 -1.00 -1.00 -1.00 -1.00 -1.00 -0.73 -0.58 0.39 1.00 -0.37 -1.00 -1.00 -1.00 -1.00 -1.00 -1.00 -1.00 
 -1.00 -1.00 -1.00 -1.00 -1.00 -1.00 -0.74 0.37 1.00 1.00 1.00 0.99 -0.84 -1.00 -1.00 -1.00 -1.00 -1.00 -1.00 -1.00 
 -1.00 -1.00 -1.00 -1.00 -1.00 -0.29 0.63 -0.43 -0.65 0.38 1.00 0.67 -1.00 -1.00 -1.00 -1.00 -1.00 -1.00 -1.00 -1.00 
 -1.00 -1.00 -1.00 -1.00 -0.15 0.91 -0.73 -1.00 -1.00 -0.25 1.00 0.20 -1.00 -1.00 -1.00 -1.00 -1.00 -1.00 -1.00 -1.00 
 -1.00 -1.00 -1.00 -0.74 0.95 0.06 -1.00 -1.00 -1.00 0.20 1.00 -0.26 -1.00 -1.00 -1.00 -1.00 -1.00 -1.00 -1.00 -1.00 
 -1.00 -1.00 -1.00 0.11 0.99 -0.75 -1.00 -1.00 -1.00 0.65 1.00 -0.71 -1.00 -1.00 -1.00 -1.00 -1.00 -1.00 -1.00 -1.00 
 -1.00 -1.00 -0.97 0.83 0.60 -1.00 -1.00 -1.00 -0.88 0.98 0.84 -0.99 -1.00 -1.00 -1.00 -1.00 -1.00 -1.00 -1.00 -1.00 
 -1.00 -1.00 -0.52 1.00 0.11 -1.00 -1.00 -1.00 -0.46 1.00 0.41 -1.00 -1.00 -1.00 -1.00 -1.00 -1.00 -1.00 -1.00 -1.00 
 -1.00 -1.00 0.00 1.00 -0.25 -1.00 -1.00 -1.00 -0.01 1.00 0.00 -1.00 -1.00 -0.99 -0.98 -1.00 -1.00 -1.00 -1.00 -1.00 
 -1.00 -1.00 0.41 1.00 -0.44 -1.00 -0.99 -0.29 0.88 1.00 -0.38 -1.00 -0.79 0.36 -0.93 -1.00 -1.00 -1.00 -1.00 -1.00 
 -1.00 -1.00 0.65 1.00 -0.31 -0.79 0.34 0.18 0.88 1.00 -0.42 -0.18 0.54 -0.62 -1.00 -1.00 -1.00 -1.00 -1.00 -1.00 
 -1.00 -1.00 0.54 1.00 0.90 0.76 -0.40 -0.92 1.00 1.00 0.96 0.04 -0.94 -1.00 -1.00 -1.00 -1.00 -1.00 -1.00 -1.00 
 -1.00 -1.00 -0.19 0.97 0.21 -0.85 -1.00 -0.91 0.95 0.44 -0.66 -1.00 -1.00 -1.00 -1.00 -1.00 -1.00 -1.00 -1.00 -1.00 
 