-1.00 -1.00 -1.00 -1.00 -1.00 -1.00 -1.00 -1.00 -1.00 -1.00 -1.00 -0.54 -0.07 0.30 0.69 0.86 -0.99 -1.00 -1.00 -1.00 
 -1.00 -1.00 -1.00 -1.00 -1.00 -1.00 -1.00 -1.00 -1.00 -1.00 -1.00 -0.07 0.38 0.76 1.00 0.53 -1.00 -1.00 -1.00 -1.00 
 -1.00 -1.00 -1.00 -1.00 -1.00 -1.00 -1.00 -1.00 -1.00 -1.00 -1.00 -1.00 -1.00 0.09 1.00 0.18 -1.00 -1.00 -1.00 -1.00 
 -1.00 -1.00 -1.00 -1.00 -1.00 -1.00 -1.00 -1.00 -1.00 -1.00 -1.00 -1.00 -1.00 0.44 1.00 -0.18 -1.00 -1.00 -1.00 -1.00 
 -1.00 -1.00 -1.00 -1.00 -1.00 -1.00 -1.00 -1.00 -1.00 -1.00 -1.00 -1.00 -1.00 0.79 1.00 -0.54 -1.00 -1.00 -1.00 -1.00 
 -1.00 -1.00 -1.00 -1.00 -1.00 -1.00 -1.00 -1.00 -1.00 -1.00 -1.00 -1.00 -0.86 1.00 0.99 -0.89 -1.00 -1.00 -1.00 -1.00 
 -1.00 -1.00 -1.00 -1.00 -1.00 -1.00 -1.00 -1.00 -0.97 -0.63 -0.46 -0.65 -0.50 1.00 0.75 -1.00 -1.00 -1.00 -1.00 -1.00 
 -1.00 -1.00 -1.00 -1.00 -1.00 -1.00 -0.93 -0.01 0.83 0.80 0.62 0.99 0.92 1.00 0.39 -1.00 -1.00 -1.00 -1.00 -1.00 
 -1.00 -1.00 -1.00 -1.00 -1.00 -0.76 0.65 0.87 -0.32 -0.98 -1.00 -0.03 1.00 1.00 0.04 -1.00 -1.00 -1.00 -1.00 -1.00 
 -1.00 -1.00 -1.00 -1.00 -0.86 0.72 0.94 -0.58 -1.00 -1.00 -1.00 -0.99 0.67 1.00 -0.33 -1.00 -1.00 -1.00 -1.00 -1.00 
 -1.00 -1.00 -1.00 -1.00 0.27 1.00 -0.04 -1.00 -1.00 -1.00 -1.00 -0.99 0.87 1.00 -0.68 -1.00 -1.00 -1.00 -1.00 -1.00 
 -1.00 -1.00 -1.00 -0.69 0.99 0.90 -0.90 -1.00 -1.00 -1.00 -1.00 -0.77 1.00 0.94 -0.97 -1.00 -1.00 -1.00 -1.00 -1.00 
 -1.00 -1.00 -1.00 -0.00 1.00 0.33 -1.00 -1.00 -1.00 -1.00 -1.00 -0.42 1.00 0.61 -1.00 -1.00 -1.00 -1.00 -1.00 -1.00 
 -1.00 -1.00 -1.00 0.44 1.00 -0.10 -1.00 -1.00 -1.00 -1.00 -1.00 -0.07 1.00 0.25 -1.00 -1.00 -1.00 -1.00 -1.00 -1.00 
 -1.00 -1.00 -1.00 0.69 1.00 -0.32 -1.00 -1.00 -1.00 -1.00 -1.00 0.29 1.00 -0.11 -1.00 -1.00 -1.00 -1.00 -1.00 -1.00 
 -1.00 -1.00 -1.00 0.72 1.00 -0.33 -1.00 -1.00 -1.00 -1.00 -1.00 0.65 1.00 -0.47 -1.00 -1.00 -1.00 -1.00 -1.00 -1.00 
 -1.00 -1.00 -1.00 0.55 1.00 -0.07 -1.00 -1.00 -1.00 -1.00 -0.55 0.97 1.00 -0.80 -1.00 -1.00 -1.00 -1.00 -1.00 -1.00 
 -1.00 -1.00 -1.00 0.08 1.00 0.69 -0.92 -1.00 -1.00 -0.47 0.72 1.00 0.99 -0.98 -1.00 -1.00 -1.00 -1.00 -1.00 -1.00 
 -1.00 -1.00 -1.00 -0.74 0.91 1.00 0.65 0.06 0.40 0.69 -0.47 1.00 1.00 0.06 -0.29 -0.05 -1.00 -1.00 -1.00 -1.00 
 -1.00 -1.00 -1.00 -1.00 -0.51 0.65 1.00 0.85 0.11 -0.88 -0.98 0.33 0.93 0.77 0.31 -0.33 -1.00 -1.00 -1.00 -1.00 
 