0.00 0.00 0.00 0.00 0.00 0.00 0.00 0.00 0.00 0.00 0.00 0.16 0.88 0.95 0.95 0.95 0.83 0.07 0.00 0.00 
 0.00 0.00 0.00 0.00 0.00 0.00 0.00 0.00 0.00 0.00 0.00 0.24 0.96 1.00 1.00 1.00 0.97 0.09 0.00 0.00 
 0.00 0.00 0.00 0.00 0.00 0.00 0.00 0.00 0.00 0.00 0.00 0.00 0.07 0.11 0.65 1.00 0.83 0.00 0.00 0.00 
 0.00 0.00 0.00 0.00 0.00 0.00 0.00 0.00 0.00 0.00 0.00 0.00 0.00 0.01 0.84 1.00 0.59 0.00 0.00 0.00 
 0.00 0.00 0.00 0.00 0.00 0.00 0.00 0.00 0.00 0.00 0.00 0.00 0.00 0.12 1.00 1.00 0.34 0.00 0.00 0.00 
 0.00 0.00 0.00 0.00 0.00 0.00 0.00 0.00 0.00 0.07 0.11 0.05 0.00 0.33 1.00 0.97 0.09 0.00 0.00 0.00 
 0.00 0.00 0.00 0.00 0.00 0.00 0.00 0.14 0.65 0.97 1.00 0.92 0.43 0.59 1.00 0.83 0.00 0.00 0.00 0.00 
 0.00 0.00 0.00 0.00 0.00 0.00 0.26 0.93 1.00 0.98 0.93 1.00 1.00 0.97 1.00 0.58 0.00 0.00 0.00 0.00 
 0.00 0.00 0.00 0.00 0.00 0.20 0.95 1.00 0.80 0.18 0.02 0.60 1.00 1.00 1.00 0.33 0.00 0.00 0.00 0.00 
 0.00 0.00 0.00 0.00 0.05 0.84 1.00 0.82 0.06 0.00 0.00 0.14 1.00 1.00 0.97 0.09 0.00 0.00 0.00 0.00 
 0.00 0.00 0.00 0.00 0.45 1.00 0.96 0.18 0.00 0.00 0.00 0.05 0.96 1.00 0.83 0.00 0.00 0.00 0.00 0.00 
 0.00 0.00 0.00 0.04 0.89 1.00 0.59 0.00 0.00 0.00 0.00 0.05 0.96 1.00 0.58 0.00 0.00 0.00 0.00 0.00 
 0.00 0.00 0.00 0.27 1.00 0.98 0.16 0.00 0.00 0.00 0.00 0.11 1.00 1.00 0.33 0.00 0.00 0.00 0.00 0.00 
 0.00 0.00 0.00 0.53 1.00 0.83 0.00 0.00 0.00 0.00 0.00 0.32 1.00 0.97 0.09 0.00 0.00 0.00 0.00 0.00 
 0.00 0.00 0.00 0.69 1.00 0.64 0.00 0.00 0.00 0.00 0.00 0.67 1.00 0.82 0.00 0.06 0.20 0.03 0.00 0.00 
 0.00 0.00 0.00 0.75 1.00 0.55 0.00 0.00 0.00 0.00 0.18 0.98 1.00 0.58 0.00 0.70 1.00 0.49 0.00 0.00 
 0.00 0.00 0.00 0.70 1.00 0.61 0.00 0.00 0.00 0.03 0.74 1.00 1.00 0.33 0.07 0.96 1.00 0.41 0.00 0.00 
 0.00 0.00 0.00 0.51 1.00 0.84 0.02 0.00 0.02 0.57 1.00 1.00 1.00 0.12 0.31 1.00 0.97 0.11 0.00 0.00 
 0.00 0.00 0.00 0.18 0.98 1.00 0.60 0.35 0.73 1.00 1.00 1.00 1.00 0.49 0.82 1.00 0.69 0.00 0.00 0.00 
 0.00 0.00 0.00 0.00 0.50 1.00 1.00 1.00 1.00 0.97 0.43 0.69 1.00 1.00 1.00 0.93 0.15 0.00 0.00 0.00 
 