-1.00 -1.00 -1.00 -1.00 -1.00 -1.00 -1.00 -1.00 -1.00 -1.00 -1.00 -0.99 -0.83 -0.36 0.35 -0.12 -1.00 -1.00 -1.00 -1.00 
 -1.00 -1.00 -1.00 -1.00 -1.00 -1.00 -1.00 -1.00 -1.00 -1.00 -0.84 0.28 0.55 1.00 1.00 -0.41 -1.00 -1.00 -1.00 -1.00 
 -1.00 -1.00 -1.00 -1.00 -1.00 -1.00 -1.00 -1.00 -1.00 -1.00 -1.00 -1.00 -0.97 1.00 1.00 -0.84 -1.00 -1.00 -1.00 -1.00 
 -1.00 -1.00 -1.00 -1.00 -1.00 -1.00 -1.00 -1.00 -1.00 -1.00 -1.00 -1.00 -0.73 1.00 0.74 -1.00 -1.00 -1.00 -1.00 -1.00 
 -1.00 -1.00 -1.00 -1.00 -1.00 -1.00 -1.00 -1.00 -1.00 -1.00 -1.00 -1.00 -0.36 1.00 0.32 -1.00 -1.00 -1.00 -1.00 -1.00 
 -1.00 -1.00 -1.00 -1.00 -1.00 -1.00 -1.00 -1.00 -1.00 -1.00 -1.00 -1.00 -0.00 1.00 -0.11 -1.00 -1.00 -1.00 -1.00 -1.00 
 -1.00 -1.00 -1.00 -1.00 -1.00 -1.00 -1.00 -1.00 -0.97 -0.60 -0.54 -0.85 0.36 1.00 -0.53 -1.00 -1.00 -1.00 -1.00 -1.00 
 -1.00 -1.00 -1.00 -1.00 -1.00 -1.00 -0.99 -0.27 0.78 1.00 1.00 0.99 0.97 0.97 -0.92 -1.00 -1.00 -1.00 -1.00 -1.00 
 -1.00 -1.00 -1.00 -1.00 -1.00 -0.98 0.21 0.07 -0.76 -0.84 -0.62 0.04 1.00 0.62 -1.00 -1.00 -1.00 -1.00 -1.00 -1.00 
 -1.00 -1.00 -1.00 -1.00 -1.00 0.15 0.44 -0.99 -1.00 -1.00 -1.00 -0.55 1.00 0.20 -1.00 -1.00 -1.00 -1.00 -1.00 -1.00 
 -1.00 -1.00 -1.00 -1.00 -0.40 1.00 -0.53 -1.00 -1.00 -1.00 -1.00 -0.12 1.00 -0.23 -1.00 -1.00 -1.00 -1.00 -1.00 -1.00 
 -1.00 -1.00 -1.00 -0.99 0.66 0.74 -0.99 -1.00 -1.00 -1.00 -1.00 0.43 1.00 -0.65 -1.00 -1.00 -1.00 -1.00 -1.00 -1.00 
 -1.00 -1.00 -1.00 -0.57 1.00 0.16 -1.00 -1.00 -1.00 -1.00 -0.79 0.97 0.91 -0.98 -1.00 -1.00 -1.00 -1.00 -1.00 -1.00 
 -1.00 -1.00 -1.00 0.00 1.00 -0.29 -1.00 -1.00 -1.00 -1.00 0.12 1.00 0.50 -1.00 -1.00 -1.00 -1.00 -1.00 -1.00 -1.00 
 -1.00 -1.00 -1.00 0.42 1.00 -0.65 -1.00 -1.00 -1.00 -0.65 0.45 1.00 0.07 -1.00 -1.00 -1.00 -1.00 -1.00 -1.00 -1.00 
 -1.00 -1.00 -1.00 0.72 1.00 -0.90 -1.00 -1.00 -0.91 0.31 -0.05 1.00 -0.35 -1.00 -1.00 -1.00 -1.00 -1.00 -1.00 -1.00 
 -1.00 -1.00 -1.00 0.90 0.96 -1.00 -1.00 -0.91 0.37 -0.66 0.38 1.00 -0.78 -1.00 -0.93 -1.00 -1.00 -1.00 -1.00 -1.00 
 -1.00 -1.00 -1.00 0.95 0.98 -0.88 -0.58 0.60 -0.43 -1.00 0.81 0.95 -0.95 -0.11 -0.06 -1.00 -1.00 -1.00 -1.00 -1.00 
 -1.00 -1.00 -1.00 0.80 1.00 0.89 0.88 -0.45 -1.00 -0.91 1.00 1.00 0.78 -0.36 -1.00 -1.00 -1.00 -1.00 -1.00 -1.00 
 -1.00 -1.00 -1.00 0.08 0.92 0.30 -0.75 -1.00 -1.00 -0.94 0.74 0.34 -0.76 -1.00 -1.00 -1.00 -1.00 -1.00 -1.00 -1.00 
 