-1.00 -1.00 -1.00 -1.00 -1.00 -1.00 -1.00 -1.00 -1.00 -1.00 -1.00 -1.00 -1.00 -1.00 -1.00 0.33 1.00 0.16 -1.00 -1.00 
 -1.00 -1.00 -1.00 -1.00 -1.00 -1.00 -1.00 -1.00 -1.00 -1.00 -1.00 -1.00 -1.00 -1.00 -1.00 0.76 1.00 -0.26 -1.00 -1.00 
 -1.00 -1.00 -1.00 -1.00 -1.00 -1.00 -1.00 -1.00 -1.00 -1.00 -1.00 -1.00 -1.00 -1.00 -0.81 1.00 1.00 -0.69 -1.00 -1.00 
 -1.00 -1.00 -1.00 -1.00 -1.00 -1.00 -1.00 -1.00 -1.00 -1.00 -1.00 -1.00 -1.00 -1.00 -0.39 1.00 0.87 -0.98 -1.00 -1.00 
 -1.00 -1.00 -1.00 -1.00 -1.00 -1.00 -1.00 -1.00 -1.00 -1.00 -1.00 -1.00 -1.00 -1.00 0.04 1.00 0.46 -1.00 -1.00 -1.00 
 -1.00 -1.00 -1.00 -1.00 -1.00 -1.00 -0.91 -0.12 0.52 0.84 0.85 0.51 -0.47 -1.00 0.47 1.00 0.04 -1.00 -1.00 -1.00 
 -1.00 -1.00 -1.00 -1.00 -1.00 -0.58 0.76 1.00 1.00 1.00 1.00 1.00 0.98 -0.45 0.88 1.00 -0.39 -1.00 -1.00 -1.00 
 -1.00 -1.00 -1.00 -1.00 -0.58 0.91 1.00 0.63 -0.33 -0.73 -0.64 0.11 1.00 0.84 1.00 1.00 -0.81 -1.00 -1.00 -1.00 
 -1.00 -1.00 -1.00 -0.91 0.75 1.00 0.48 -0.93 -1.00 -1.00 -1.00 -1.00 0.14 1.00 1.00 0.76 -1.00 -1.00 -1.00 -1.00 
 -1.00 -1.00 -1.00 -0.02 1.00 0.88 -0.81 -1.00 -1.00 -1.00 -1.00 -1.00 -0.65 1.00 1.00 0.34 -1.00 -1.00 -1.00 -1.00 
 -1.00 -1.00 -0.97 0.81 1.00 0.04 -1.00 -1.00 -1.00 -1.00 -1.00 -1.00 -0.91 1.00 1.00 -0.09 -1.00 -1.00 -1.00 -1.00 
 -1.00 -1.00 -0.53 1.00 1.00 -0.69 -1.00 -1.00 -1.00 -1.00 -1.00 -1.00 -0.85 1.00 1.00 -0.51 -1.00 -1.00 -1.00 -1.00 
 -1.00 -1.00 -0.08 1.00 0.78 -1.00 -1.00 -1.00 -1.00 -1.00 -1.00 -1.00 -0.56 1.00 0.98 -0.91 -1.00 -1.00 -1.00 -1.00 
 -1.00 -1.00 0.20 1.00 0.47 -1.00 -1.00 -1.00 -1.00 -1.00 -1.00 -1.00 -0.04 1.00 0.64 -1.00 -1.00 -1.00 -1.00 -1.00 
 -1.00 -1.00 0.32 1.00 0.38 -1.00 -1.00 -1.00 -1.00 -1.00 -1.00 -0.98 0.71 1.00 0.22 -1.00 -1.00 -1.00 -1.00 -1.00 
 -1.00 -1.00 0.28 1.00 0.61 -1.00 -1.00 -1.00 -1.00 -1.00 -1.00 -0.20 1.00 1.00 -0.21 -1.00 -1.00 -1.00 -1.00 -1.00 
 -1.00 -1.00 -0.04 1.00 0.99 -0.65 -1.00 -1.00 -1.00 -1.00 -0.60 0.91 1.00 1.00 -0.64 -1.00 -1.00 -1.00 -1.00 -1.00 
 -1.00 -1.00 -0.69 0.98 1.00 0.75 -0.42 -0.88 -0.77 -0.11 0.90 0.88 1.00 0.91 -0.97 -1.00 -1.00 -1.00 -1.00 -1.00 
 -1.00 -1.00 -1.00 0.03 1.00 1.00 1.00 1.00 1.00 1.00 0.70 0.09 1.00 0.51 -1.00 -1.00 -1.00 -1.00 -1.00 -1.00 
 -1.00 -1.00 -1.00 -0.99 -0.24 0.65 0.98 0.95 0.57 -0.15 -0.93 -0.55 -0.19 -0.51 -1.00 -1.00 -1.00 -1.00 -1.00 -1.00 
 