0.75 0.75 0.75 0.75 0.75 0.75 0.75 0.75 0.75 0.69 0.63 0.64 0.75 0.75 0.72 0.61 0.42 0.16 0.00 0.00 
 0.16 0.41 0.94 1.00 1.00 1.00 0.83 0.47 0.20 0.06 0.00 0.02 0.16 0.36 0.71 0.97 1.00 0.99 0.71 0.17 
 0.00 0.00 0.53 1.00 1.00 0.80 0.02 0.00 0.00 0.00 0.00 0.00 0.00 0.00 0.00 0.24 0.88 1.00 1.00 0.96 
 0.00 0.00 0.38 1.00 1.00 0.75 0.00 0.00 0.00 0.00 0.00 0.00 0.00 0.00 0.00 0.00 0.13 0.91 1.00 1.00 
 0.00 0.00 0.38 1.00 1.00 0.75 0.00 0.00 0.00 0.00 0.00 0.00 0.00 0.00 0.00 0.00 0.00 0.33 1.00 1.00 
 0.00 0.00 0.38 1.00 1.00 0.75 0.00 0.00 0.00 0.00 0.00 0.00 0.00 0.00 0.00 0.00 0.00 0.03 0.83 1.00 
 0.00 0.00 0.38 1.00 1.00 0.75 0.00 0.00 0.00 0.00 0.00 0.00 0.00 0.00 0.00 0.00 0.00 0.00 0.45 1.00 
 0.00 0.00 0.38 1.00 1.00 0.75 0.00 0.00 0.00 0.00 0.00 0.00 0.00 0.00 0.00 0.00 0.00 0.00 0.20 1.00 
 0.00 0.00 0.38 1.00 1.00 0.75 0.00 0.00 0.00 0.00 0.00 0.00 0.00 0.00 0.00 0.00 0.00 0.00 0.13 1.00 
 0.00 0.00 0.38 1.00 1.00 0.75 0.00 0.00 0.00 0.00 0.00 0.00 0.00 0.00 0.00 0.00 0.00 0.00 0.06 0.94 
 0.00 0.00 0.38 1.00 1.00 0.75 0.00 0.00 0.00 0.00 0.00 0.00 0.00 0.00 0.00 0.00 0.00 0.00 0.00 0.88 
 0.00 0.00 0.38 1.00 1.00 0.75 0.00 0.00 0.00 0.00 0.00 0.00 0.00 0.00 0.00 0.00 0.00 0.00 0.00 0.88 
 0.00 0.00 0.38 1.00 1.00 0.75 0.00 0.00 0.00 0.00 0.00 0.00 0.00 0.00 0.00 0.00 0.00 0.00 0.06 0.94 
 0.00 0.00 0.38 1.00 1.00 0.75 0.00 0.00 0.00 0.00 0.00 0.00 0.00 0.00 0.00 0.00 0.00 0.00 0.13 1.00 
 0.00 0.00 0.38 1.00 1.00 0.75 0.00 0.00 0.00 0.00 0.00 0.00 0.00 0.00 0.00 0.00 0.00 0.00 0.28 1.00 
 0.00 0.00 0.38 1.00 1.00 0.75 0.00 0.00 0.00 0.00 0.00 0.00 0.00 0.00 0.00 0.00 0.00 0.00 0.58 1.00 
 0.00 0.00 0.38 1.00 1.00 0.75 0.00 0.00 0.00 0.00 0.00 0.00 0.00 0.00 0.00 0.00 0.00 0.09 0.94 0.97 
 0.00 0.00 0.38 1.00 1.00 0.75 0.00 0.00 0.00 0.00 0.00 0.00 0.00 0.00 0.00 0.00 0.02 0.58 0.99 0.44 
 0.00 0.00 0.38 1.00 1.00 0.75 0.00 0.00 0.00 0.00 0.00 0.00 0.00 0.00 0.00 0.00 0.38 0.99 0.52 0.00 
 0.00 0.00 0.45 1.00 1.00 0.86 0.19 0.00 0.00 0.00 0.00 0.00 0.00 0.00 0.02 0.41 0.94 0.38 0.00 0.00 
 