0.00 0.00 0.89 1.00 1.00 1.00 1.00 1.00 1.00 0.96 0.87 0.71 0.49 0.21 0.03 0.00 0.00 0.00 0.00 0.00 
 0.00 0.00 0.89 1.00 1.00 1.00 1.00 1.00 1.00 1.00 1.00 1.00 1.00 1.00 0.80 0.26 0.00 0.00 0.00 0.00 
 0.00 0.00 0.89 1.00 0.78 0.33 0.33 0.33 0.33 0.40 0.53 0.76 0.95 1.00 1.00 0.99 0.51 0.02 0.00 0.00 
 0.00 0.00 0.89 1.00 0.67 0.00 0.00 0.00 0.00 0.00 0.00 0.00 0.10 0.57 0.98 1.00 1.00 0.48 0.00 0.00 
 0.00 0.00 0.89 1.00 0.67 0.00 0.00 0.00 0.00 0.00 0.00 0.00 0.00 0.00 0.30 0.96 1.00 0.96 0.16 0.00 
 0.00 0.00 0.89 1.00 0.67 0.00 0.00 0.00 0.00 0.00 0.00 0.00 0.00 0.00 0.00 0.44 1.00 1.00 0.65 0.00 
 0.00 0.00 0.89 1.00 0.67 0.00 0.00 0.00 0.00 0.00 0.00 0.00 0.00 0.00 0.00 0.04 0.87 1.00 0.93 0.04 
 0.00 0.00 0.89 1.00 0.67 0.00 0.00 0.00 0.00 0.00 0.00 0.00 0.00 0.00 0.00 0.00 0.52 1.00 1.00 0.26 
 0.00 0.00 0.89 1.00 0.67 0.00 0.00 0.00 0.00 0.00 0.00 0.00 0.00 0.00 0.00 0.00 0.29 1.00 1.00 0.42 
 0.00 0.00 0.89 1.00 0.67 0.00 0.00 0.00 0.00 0.00 0.00 0.00 0.00 0.00 0.00 0.00 0.16 1.00 1.00 0.53 
 0.00 0.00 0.89 1.00 0.67 0.00 0.00 0.00 0.00 0.00 0.00 0.00 0.00 0.00 0.00 0.00 0.11 1.00 1.00 0.56 
 0.00 0.00 0.89 1.00 0.67 0.00 0.00 0.00 0.00 0.00 0.00 0.00 0.00 0.00 0.00 0.00 0.13 1.00 1.00 0.55 
 0.00 0.00 0.89 1.00 0.67 0.00 0.00 0.00 0.00 0.00 0.00 0.00 0.00 0.00 0.00 0.00 0.25 1.00 1.00 0.42 
 0.00 0.00 0.89 1.00 0.67 0.00 0.00 0.00 0.00 0.00 0.00 0.00 0.00 0.00 0.00 0.00 0.44 1.00 1.00 0.26 
 0.00 0.00 0.89 1.00 0.67 0.00 0.00 0.00 0.00 0.00 0.00 0.00 0.00 0.00 0.00 0.02 0.77 1.00 0.91 0.04 
 0.00 0.00 0.89 1.00 0.67 0.00 0.00 0.00 0.00 0.00 0.00 0.00 0.00 0.00 0.00 0.25 1.00 1.00 0.61 0.00 
 0.00 0.00 0.89 1.00 0.67 0.00 0.00 0.00 0.00 0.00 0.00 0.00 0.00 0.00 0.09 0.84 1.00 0.94 0.14 0.00 
 0.00 0.00 0.89 1.00 0.67 0.00 0.00 0.00 0.00 0.00 0.00 0.00 0.00 0.14 0.78 1.00 0.99 0.45 0.00 0.00 
 0.00 0.00 0.89 1.00 0.67 0.00 0.00 0.00 0.00 0.00 0.00 0.13 0.48 0.94 1.00 0.99 0.53 0.00 0.00 0.00 
 0.00 0.00 0.89 1.00 0.85 0.56 0.56 0.56 0.56 0.65 0.80 0.99 1.00 1.00 0.96 0.45 0.00 0.00 0.00 0.00 
 