0.00 0.00 0.00 0.00 0.00 0.00 0.00 0.00 0.00 0.00 0.00 0.00 0.06 0.20 0.39 0.58 0.78 0.97 0.31 0.00 
 0.00 0.00 0.00 0.00 0.00 0.00 0.00 0.00 0.00 0.00 0.00 0.00 0.22 0.61 1.00 1.00 1.00 0.89 0.06 0.00 
 0.00 0.00 0.00 0.00 0.00 0.00 0.00 0.00 0.00 0.00 0.00 0.00 0.00 0.17 1.00 1.00 1.00 0.73 0.00 0.00 
 0.00 0.00 0.00 0.00 0.00 0.00 0.00 0.00 0.00 0.00 0.00 0.00 0.00 0.20 1.00 1.00 1.00 0.45 0.00 0.00 
 0.00 0.00 0.00 0.00 0.00 0.00 0.00 0.00 0.00 0.00 0.00 0.00 0.00 0.42 1.00 1.00 0.97 0.17 0.00 0.00 
 0.00 0.00 0.00 0.00 0.00 0.00 0.00 0.00 0.00 0.00 0.00 0.00 0.00 0.70 1.00 1.00 0.81 0.00 0.00 0.00 
 0.00 0.00 0.00 0.00 0.00 0.00 0.00 0.00 0.03 0.17 0.17 0.09 0.11 0.95 1.00 1.00 0.56 0.00 0.00 0.00 
 0.00 0.00 0.00 0.00 0.00 0.00 0.00 0.22 0.75 0.97 0.73 0.73 0.45 1.00 1.00 1.00 0.28 0.00 0.00 0.00 
 0.00 0.00 0.00 0.00 0.00 0.03 0.42 0.97 0.97 0.42 0.00 0.22 1.00 1.00 1.00 0.86 0.03 0.00 0.00 0.00 
 0.00 0.00 0.00 0.00 0.00 0.42 1.00 1.00 0.64 0.00 0.00 0.17 1.00 1.00 1.00 0.70 0.00 0.00 0.00 0.00 
 0.00 0.00 0.00 0.00 0.28 0.97 1.00 0.95 0.17 0.00 0.00 0.20 1.00 1.00 1.00 0.39 0.00 0.00 0.00 0.00 
 0.00 0.00 0.00 0.09 0.86 1.00 1.00 0.67 0.00 0.00 0.00 0.45 1.00 1.00 0.95 0.11 0.00 0.00 0.00 0.00 
 0.00 0.00 0.00 0.47 1.00 1.00 0.97 0.25 0.00 0.00 0.03 0.78 1.00 1.00 0.81 0.00 0.00 0.00 0.00 0.00 
 0.00 0.00 0.09 0.89 1.00 1.00 0.84 0.00 0.00 0.00 0.25 1.00 1.00 1.00 0.53 0.00 0.00 0.00 0.00 0.00 
 0.00 0.00 0.25 1.00 1.00 1.00 0.67 0.00 0.00 0.00 0.61 1.00 1.00 1.00 0.25 0.00 0.00 0.00 0.00 0.00 
 0.00 0.00 0.50 1.00 1.00 1.00 0.45 0.00 0.00 0.20 0.89 1.00 1.00 0.86 0.03 0.00 0.00 0.00 0.00 0.00 
 0.00 0.00 0.67 1.00 1.00 1.00 0.33 0.00 0.06 0.56 0.89 1.00 1.00 0.67 0.00 0.06 0.00 0.00 0.00 0.00 
 0.00 0.00 0.67 1.00 1.00 1.00 0.47 0.06 0.53 0.39 1.00 1.00 1.00 0.42 0.11 0.58 0.00 0.00 0.00 0.00 
 0.00 0.00 0.61 1.00 1.00 1.00 0.97 0.89 0.53 0.42 1.00 1.00 1.00 0.39 0.67 0.22 0.00 0.00 0.00 0.00 
 0.00 0.00 0.33 1.00 1.00 1.00 1.00 0.70 0.03 0.50 1.00 1.00 1.00 0.97 0.42 0.00 0.00 0.00 0.00 0.00 
 