0.00 0.00 0.00 0.00 0.00 0.00 0.00 0.00 0.00 0.00 0.00 0.00 0.00 0.00 0.45 1.00 1.00 0.22 0.00 0.00 
 0.00 0.00 0.00 0.00 0.00 0.00 0.00 0.00 0.00 0.00 0.00 0.00 0.00 0.00 0.45 1.00 1.00 0.22 0.00 0.00 
 0.00 0.00 0.00 0.00 0.00 0.00 0.00 0.00 0.00 0.00 0.00 0.00 0.00 0.00 0.45 1.00 1.00 0.22 0.00 0.00 
 0.00 0.00 0.00 0.00 0.00 0.00 0.00 0.00 0.00 0.00 0.00 0.00 0.00 0.00 0.45 1.00 1.00 0.22 0.00 0.00 
 0.00 0.00 0.00 0.00 0.00 0.00 0.00 0.00 0.00 0.00 0.00 0.00 0.00 0.00 0.45 1.00 1.00 0.22 0.00 0.00 
 0.00 0.00 0.00 0.00 0.00 0.00 0.00 0.00 0.00 0.00 0.02 0.11 0.09 0.00 0.45 1.00 1.00 0.22 0.00 0.00 
 0.00 0.00 0.00 0.00 0.00 0.00 0.00 0.04 0.35 0.69 0.89 1.00 0.98 0.85 0.83 1.00 1.00 0.22 0.00 0.00 
 0.00 0.00 0.00 0.00 0.00 0.00 0.15 0.80 1.00 1.00 1.00 1.00 1.00 1.00 1.00 1.00 1.00 0.22 0.00 0.00 
 0.00 0.00 0.00 0.00 0.00 0.10 0.88 1.00 0.98 0.64 0.31 0.22 0.26 0.44 0.83 1.00 1.00 0.22 0.00 0.00 
 0.00 0.00 0.00 0.00 0.00 0.62 1.00 0.98 0.35 0.00 0.00 0.00 0.00 0.00 0.45 1.00 1.00 0.22 0.00 0.00 
 0.00 0.00 0.00 0.00 0.13 0.99 1.00 0.65 0.00 0.00 0.00 0.00 0.00 0.00 0.45 1.00 1.00 0.22 0.00 0.00 
 0.00 0.00 0.00 0.00 0.40 1.00 1.00 0.31 0.00 0.00 0.00 0.00 0.00 0.00 0.45 1.00 1.00 0.22 0.00 0.00 
 0.00 0.00 0.00 0.00 0.58 1.00 1.00 0.13 0.00 0.00 0.00 0.00 0.00 0.00 0.45 1.00 1.00 0.22 0.00 0.00 
 0.00 0.00 0.00 0.00 0.67 1.00 0.90 0.02 0.00 0.00 0.00 0.00 0.00 0.00 0.45 1.00 1.00 0.22 0.00 0.00 
 0.00 0.00 0.00 0.00 0.67 1.00 0.90 0.02 0.00 0.00 0.00 0.00 0.00 0.00 0.45 1.00 1.00 0.22 0.00 0.00 
 0.00 0.00 0.00 0.00 0.62 1.00 1.00 0.13 0.00 0.00 0.00 0.00 0.00 0.00 0.46 1.00 1.00 0.22 0.00 0.00 
 0.00 0.00 0.00 0.00 0.48 1.00 1.00 0.27 0.00 0.00 0.00 0.00 0.00 0.05 0.80 1.00 1.00 0.22 0.00 0.00 
 0.00 0.00 0.00 0.00 0.27 1.00 1.00 0.57 0.00 0.00 0.00 0.00 0.04 0.65 1.00 1.00 1.00 0.22 0.00 0.00 
 0.00 0.00 0.00 0.00 0.06 0.91 1.00 0.94 0.20 0.00 0.00 0.07 0.67 1.00 0.93 1.00 1.00 0.22 0.00 0.00 
 0.00 0.00 0.00 0.00 0.00 0.44 1.00 1.00 0.95 0.63 0.61 0.90 1.00 0.91 0.31 1.00 1.00 0.22 0.00 0.00 
 