0.00 0.27 0.99 1.00 1.00 1.00 1.00 1.00 1.00 1.00 1.00 0.93 0.71 0.35 0.03 0.00 0.00 0.00 0.00 0.00 
 0.00 0.05 0.36 0.53 1.00 0.45 0.38 0.38 0.38 0.38 0.38 0.49 0.74 0.97 0.75 0.11 0.00 0.00 0.00 0.00 
 0.00 0.00 0.00 0.25 1.00 0.13 0.00 0.00 0.00 0.00 0.00 0.00 0.00 0.24 0.89 0.82 0.05 0.00 0.00 0.00 
 0.00 0.00 0.00 0.25 1.00 0.13 0.00 0.00 0.00 0.00 0.00 0.00 0.00 0.00 0.19 0.94 0.60 0.00 0.00 0.00 
 0.00 0.00 0.00 0.25 1.00 0.13 0.00 0.00 0.00 0.00 0.00 0.00 0.00 0.00 0.00 0.38 0.97 0.20 0.00 0.00 
 0.00 0.00 0.00 0.25 1.00 0.13 0.00 0.00 0.00 0.00 0.00 0.00 0.00 0.00 0.00 0.03 0.80 0.67 0.00 0.00 
 0.00 0.00 0.00 0.25 1.00 0.13 0.00 0.00 0.00 0.00 0.00 0.00 0.00 0.00 0.00 0.00 0.36 0.93 0.05 0.00 
 0.00 0.00 0.00 0.25 1.00 0.13 0.00 0.00 0.00 0.00 0.00 0.00 0.00 0.00 0.00 0.00 0.14 1.00 0.25 0.00 
 0.00 0.00 0.00 0.25 1.00 0.13 0.00 0.00 0.00 0.00 0.00 0.00 0.00 0.00 0.00 0.00 0.13 1.00 0.38 0.00 
 0.00 0.00 0.00 0.25 1.00 0.13 0.00 0.00 0.00 0.00 0.00 0.00 0.00 0.00 0.00 0.00 0.13 1.00 0.38 0.00 
 0.00 0.00 0.00 0.25 1.00 0.13 0.00 0.00 0.00 0.00 0.00 0.00 0.00 0.00 0.00 0.00 0.13 1.00 0.38 0.00 
 0.00 0.00 0.00 0.25 1.00 0.13 0.00 0.00 0.00 0.00 0.00 0.00 0.00 0.00 0.00 0.00 0.13 1.00 0.38 0.00 
 0.00 0.00 0.00 0.25 1.00 0.13 0.00 0.00 0.00 0.00 0.00 0.00 0.00 0.00 0.00 0.00 0.14 1.00 0.25 0.00 
 0.00 0.00 0.00 0.25 1.00 0.13 0.00 0.00 0.00 0.00 0.00 0.00 0.00 0.00 0.00 0.00 0.38 0.96 0.08 0.00 
 0.00 0.00 0.00 0.25 1.00 0.13 0.00 0.00 0.00 0.00 0.00 0.00 0.00 0.00 0.00 0.02 0.77 0.75 0.00 0.00 
 0.00 0.00 0.00 0.25 1.00 0.13 0.00 0.00 0.00 0.00 0.00 0.00 0.00 0.00 0.00 0.36 0.99 0.30 0.00 0.00 
 0.00 0.00 0.00 0.25 1.00 0.13 0.00 0.00 0.00 0.00 0.00 0.00 0.00 0.00 0.22 0.96 0.66 0.00 0.00 0.00 
 0.00 0.00 0.00 0.25 1.00 0.13 0.00 0.00 0.00 0.00 0.00 0.00 0.03 0.38 0.96 0.74 0.05 0.00 0.00 0.00 
 0.00 0.06 0.36 0.53 1.00 0.45 0.38 0.38 0.38 0.38 0.38 0.52 0.83 0.99 0.63 0.05 0.00 0.00 0.00 0.00 
 0.00 0.28 0.99 1.00 1.00 1.00 1.00 1.00 1.00 1.00 1.00 0.89 0.67 0.25 0.00 0.00 0.00 0.00 0.00 0.00 
 