0.00 0.33 1.00 1.00 1.00 1.00 1.00 1.00 1.00 1.00 0.90 0.79 0.60 0.32 0.07 0.00 0.00 0.00 0.00 0.00 
 0.00 0.33 1.00 0.99 0.89 0.89 0.89 0.89 0.89 0.89 0.90 1.00 1.00 1.00 0.95 0.52 0.06 0.00 0.00 0.00 
 0.00 0.33 1.00 0.89 0.00 0.00 0.00 0.00 0.00 0.00 0.02 0.16 0.40 0.76 0.99 1.00 0.84 0.19 0.00 0.00 
 0.00 0.33 1.00 0.89 0.00 0.00 0.00 0.00 0.00 0.00 0.00 0.00 0.00 0.00 0.29 0.88 1.00 0.91 0.14 0.00 
 0.00 0.33 1.00 0.89 0.00 0.00 0.00 0.00 0.00 0.00 0.00 0.00 0.00 0.00 0.00 0.14 0.88 1.00 0.77 0.02 
 0.00 0.33 1.00 0.89 0.00 0.00 0.00 0.00 0.00 0.00 0.00 0.00 0.00 0.00 0.00 0.00 0.25 0.99 1.00 0.36 
 0.00 0.33 1.00 0.89 0.00 0.00 0.00 0.00 0.00 0.00 0.00 0.00 0.00 0.00 0.00 0.00 0.00 0.69 1.00 0.76 
 0.00 0.33 1.00 0.89 0.00 0.00 0.00 0.00 0.00 0.00 0.00 0.00 0.00 0.00 0.00 0.00 0.00 0.32 1.00 0.99 
 0.00 0.33 1.00 0.89 0.00 0.00 0.00 0.00 0.00 0.00 0.00 0.00 0.00 0.00 0.00 0.00 0.00 0.13 1.00 1.00 
 0.00 0.33 1.00 0.89 0.00 0.00 0.00 0.00 0.00 0.00 0.00 0.00 0.00 0.00 0.00 0.00 0.00 0.06 0.95 1.00 
 0.00 0.33 1.00 0.89 0.00 0.00 0.00 0.00 0.00 0.00 0.00 0.00 0.00 0.00 0.00 0.00 0.00 0.00 0.89 1.00 
 0.00 0.33 1.00 0.89 0.00 0.00 0.00 0.00 0.00 0.00 0.00 0.00 0.00 0.00 0.00 0.00 0.00 0.00 0.89 1.00 
 0.00 0.33 1.00 0.89 0.00 0.00 0.00 0.00 0.00 0.00 0.00 0.00 0.00 0.00 0.00 0.00 0.00 0.10 0.99 1.00 
 0.00 0.33 1.00 0.89 0.00 0.00 0.00 0.00 0.00 0.00 0.00 0.00 0.00 0.00 0.00 0.00 0.00 0.18 1.00 1.00 
 0.00 0.33 1.00 0.89 0.00 0.00 0.00 0.00 0.00 0.00 0.00 0.00 0.00 0.00 0.00 0.00 0.00 0.42 1.00 0.95 
 0.00 0.33 1.00 0.89 0.00 0.00 0.00 0.00 0.00 0.00 0.00 0.00 0.00 0.00 0.00 0.00 0.03 0.80 1.00 0.65 
 0.00 0.33 1.00 0.89 0.00 0.00 0.00 0.00 0.00 0.00 0.00 0.00 0.00 0.00 0.00 0.00 0.33 1.00 0.99 0.25 
 0.00 0.33 1.00 0.89 0.00 0.00 0.00 0.00 0.00 0.00 0.00 0.00 0.00 0.00 0.00 0.16 0.93 1.00 0.67 0.00 
 0.00 0.33 1.00 0.89 0.00 0.00 0.00 0.00 0.00 0.00 0.00 0.00 0.00 0.00 0.26 0.90 1.00 0.85 0.09 0.00 
 0.00 0.33 1.00 0.89 0.00 0.00 0.00 0.00 0.00 0.00 0.00 0.03 0.26 0.64 0.99 1.00 0.87 0.13 0.00 0.00 
 