0.00 0.18 0.72 0.82 0.86 0.90 1.00 1.00 1.00 1.00 0.88 0.72 0.47 0.16 0.00 0.00 0.00 0.00 0.00 0.00 
 0.00 0.29 1.00 1.00 0.76 0.53 0.43 0.43 0.45 0.59 0.78 0.94 1.00 0.98 0.65 0.13 0.00 0.00 0.00 0.00 
 0.00 0.29 1.00 1.00 0.43 0.00 0.00 0.00 0.00 0.00 0.00 0.15 0.64 0.98 1.00 0.90 0.23 0.00 0.00 0.00 
 0.00 0.29 1.00 1.00 0.43 0.00 0.00 0.00 0.00 0.00 0.00 0.00 0.00 0.43 0.98 1.00 0.88 0.11 0.00 0.00 
 0.00 0.29 1.00 1.00 0.43 0.00 0.00 0.00 0.00 0.00 0.00 0.00 0.00 0.00 0.53 1.00 1.00 0.62 0.00 0.00 
 0.00 0.29 1.00 1.00 0.43 0.00 0.00 0.00 0.00 0.00 0.00 0.00 0.00 0.00 0.08 0.92 1.00 0.94 0.11 0.00 
 0.00 0.29 1.00 1.00 0.43 0.00 0.00 0.00 0.00 0.00 0.00 0.00 0.00 0.00 0.00 0.57 1.00 1.00 0.39 0.00 
 0.00 0.29 1.00 1.00 0.43 0.00 0.00 0.00 0.00 0.00 0.00 0.00 0.00 0.00 0.00 0.35 1.00 1.00 0.57 0.00 
 0.00 0.29 1.00 1.00 0.43 0.00 0.00 0.00 0.00 0.00 0.00 0.00 0.00 0.00 0.00 0.18 1.00 1.00 0.69 0.00 
 0.00 0.29 1.00 1.00 0.43 0.00 0.00 0.00 0.00 0.00 0.00 0.00 0.00 0.00 0.00 0.15 1.00 1.00 0.72 0.00 
 0.00 0.29 1.00 1.00 0.43 0.00 0.00 0.00 0.00 0.00 0.00 0.00 0.00 0.00 0.00 0.15 1.00 1.00 0.69 0.00 
 0.00 0.29 1.00 1.00 0.43 0.00 0.00 0.00 0.00 0.00 0.00 0.00 0.00 0.00 0.00 0.21 1.00 1.00 0.55 0.00 
 0.00 0.29 1.00 1.00 0.43 0.00 0.00 0.00 0.00 0.00 0.00 0.00 0.00 0.00 0.00 0.31 1.00 1.00 0.39 0.00 
 0.00 0.29 1.00 1.00 0.43 0.00 0.00 0.00 0.00 0.00 0.00 0.00 0.00 0.00 0.00 0.47 1.00 0.98 0.16 0.00 
 0.00 0.29 1.00 1.00 0.43 0.00 0.00 0.00 0.00 0.00 0.00 0.00 0.00 0.00 0.00 0.69 1.00 0.78 0.00 0.00 
 0.00 0.29 1.00 1.00 0.43 0.00 0.00 0.00 0.00 0.00 0.00 0.00 0.00 0.00 0.15 0.98 0.98 0.35 0.00 0.00 
 0.00 0.29 1.00 1.00 0.43 0.00 0.00 0.00 0.00 0.00 0.00 0.00 0.00 0.02 0.59 1.00 0.69 0.00 0.00 0.00 
 0.00 0.29 1.00 1.00 0.43 0.00 0.00 0.00 0.00 0.00 0.00 0.00 0.04 0.49 1.00 0.76 0.06 0.00 0.00 0.00 
 0.00 0.29 1.00 1.00 0.53 0.15 0.15 0.15 0.15 0.15 0.23 0.49 0.84 0.98 0.65 0.06 0.00 0.00 0.00 0.00 
 0.00 0.29 1.00 1.00 1.00 1.00 1.00 1.00 1.00 1.00 1.00 0.98 0.69 0.25 0.00 0.00 0.00 0.00 0.00 0.00 
 