0.00 0.11 0.31 0.47 0.63 0.75 0.86 0.89 1.00 0.94 0.88 0.80 0.61 0.35 0.08 0.00 0.00 0.00 0.00 0.00 
 0.00 0.44 0.58 0.71 1.00 1.00 0.47 0.13 0.13 0.13 0.25 0.47 0.82 1.00 0.94 0.44 0.03 0.00 0.00 0.00 
 0.00 0.00 0.00 0.02 0.89 1.00 0.38 0.00 0.00 0.00 0.00 0.00 0.02 0.41 0.96 1.00 0.66 0.03 0.00 0.00 
 0.00 0.00 0.00 0.00 0.88 1.00 0.38 0.00 0.00 0.00 0.00 0.00 0.00 0.00 0.30 0.99 1.00 0.52 0.00 0.00 
 0.00 0.00 0.00 0.00 0.88 1.00 0.38 0.00 0.00 0.00 0.00 0.00 0.00 0.00 0.00 0.58 1.00 0.94 0.09 0.00 
 0.00 0.00 0.00 0.00 0.88 1.00 0.35 0.00 0.00 0.00 0.00 0.00 0.00 0.00 0.00 0.17 1.00 1.00 0.44 0.00 
 0.00 0.00 0.00 0.00 0.88 1.00 0.25 0.00 0.00 0.00 0.00 0.00 0.00 0.00 0.00 0.02 0.85 1.00 0.69 0.00 
 0.00 0.00 0.00 0.00 0.88 1.00 0.25 0.00 0.00 0.00 0.00 0.00 0.00 0.00 0.00 0.00 0.66 1.00 0.83 0.00 
 0.00 0.00 0.00 0.00 0.88 1.00 0.25 0.00 0.00 0.00 0.00 0.00 0.00 0.00 0.00 0.00 0.55 1.00 0.88 0.00 
 0.00 0.00 0.00 0.00 0.88 1.00 0.25 0.00 0.00 0.00 0.00 0.00 0.00 0.00 0.00 0.00 0.50 1.00 0.88 0.00 
 0.00 0.00 0.00 0.00 0.88 1.00 0.14 0.00 0.00 0.00 0.00 0.00 0.00 0.00 0.00 0.00 0.52 1.00 0.83 0.00 
 0.00 0.00 0.00 0.11 0.99 1.00 0.13 0.00 0.00 0.00 0.00 0.00 0.00 0.00 0.00 0.00 0.63 1.00 0.69 0.00 
 0.00 0.00 0.00 0.13 1.00 1.00 0.13 0.00 0.00 0.00 0.00 0.00 0.00 0.00 0.00 0.00 0.77 1.00 0.45 0.00 
 0.00 0.00 0.00 0.13 1.00 0.96 0.08 0.00 0.00 0.00 0.00 0.00 0.00 0.00 0.00 0.08 0.96 0.97 0.14 0.00 
 0.00 0.00 0.00 0.13 1.00 0.88 0.00 0.00 0.00 0.00 0.00 0.00 0.00 0.00 0.00 0.31 1.00 0.74 0.00 0.00 
 0.00 0.00 0.00 0.13 1.00 0.88 0.00 0.00 0.00 0.00 0.00 0.00 0.00 0.00 0.02 0.75 0.97 0.24 0.00 0.00 
 0.00 0.00 0.00 0.14 1.00 0.88 0.00 0.00 0.00 0.00 0.00 0.00 0.00 0.00 0.41 1.00 0.55 0.00 0.00 0.00 
 0.00 0.00 0.00 0.25 1.00 0.88 0.00 0.00 0.00 0.00 0.00 0.00 0.02 0.38 0.99 0.64 0.02 0.00 0.00 0.00 
 0.00 0.00 0.00 0.27 1.00 0.88 0.11 0.00 0.00 0.00 0.09 0.25 0.71 0.94 0.50 0.02 0.00 0.00 0.00 0.00 
 0.00 0.00 0.00 0.38 0.93 0.88 0.99 0.88 0.88 0.88 0.97 0.93 0.60 0.14 0.00 0.00 0.00 0.00 0.00 0.00 
 