0.00 0.33 1.00 1.00 1.00 1.00 1.00 1.00 1.00 1.00 0.93 0.84 0.63 0.30 0.03 0.00 0.00 0.00 0.00 0.00 
 0.00 0.33 1.00 1.00 1.00 1.00 1.00 1.00 1.00 1.00 1.00 1.00 1.00 1.00 0.77 0.14 0.00 0.00 0.00 0.00 
 0.00 0.33 1.00 1.00 0.63 0.45 0.45 0.45 0.45 0.45 0.55 0.71 0.94 1.00 1.00 0.87 0.13 0.00 0.00 0.00 
 0.00 0.33 1.00 1.00 0.33 0.00 0.00 0.00 0.00 0.00 0.00 0.00 0.09 0.68 1.00 1.00 0.73 0.02 0.00 0.00 
 0.00 0.33 1.00 1.00 0.33 0.00 0.00 0.00 0.00 0.00 0.00 0.00 0.00 0.03 0.71 1.00 1.00 0.29 0.00 0.00 
 0.00 0.33 1.00 1.00 0.33 0.00 0.00 0.00 0.00 0.00 0.00 0.00 0.00 0.00 0.18 0.99 1.00 0.68 0.00 0.00 
 0.00 0.33 1.00 1.00 0.33 0.00 0.00 0.00 0.00 0.00 0.00 0.00 0.00 0.00 0.00 0.77 1.00 0.90 0.02 0.00 
 0.00 0.33 1.00 1.00 0.33 0.00 0.00 0.00 0.00 0.00 0.00 0.00 0.00 0.00 0.00 0.53 1.00 1.00 0.16 0.00 
 0.00 0.33 1.00 1.00 0.33 0.00 0.00 0.00 0.00 0.00 0.00 0.00 0.00 0.00 0.00 0.40 1.00 1.00 0.27 0.00 
 0.00 0.33 1.00 1.00 0.33 0.00 0.00 0.00 0.00 0.00 0.00 0.00 0.00 0.00 0.00 0.33 1.00 1.00 0.33 0.00 
 0.00 0.33 1.00 1.00 0.33 0.00 0.00 0.00 0.00 0.00 0.00 0.00 0.00 0.00 0.00 0.33 1.00 1.00 0.33 0.00 
 0.00 0.33 1.00 1.00 0.33 0.00 0.00 0.00 0.00 0.00 0.00 0.00 0.00 0.00 0.00 0.42 1.00 1.00 0.25 0.00 
 0.00 0.33 1.00 1.00 0.33 0.00 0.00 0.00 0.00 0.00 0.00 0.00 0.00 0.00 0.00 0.57 1.00 0.99 0.14 0.00 
 0.00 0.33 1.00 1.00 0.33 0.00 0.00 0.00 0.00 0.00 0.00 0.00 0.00 0.00 0.02 0.82 1.00 0.88 0.00 0.00 
 0.00 0.33 1.00 1.00 0.33 0.00 0.00 0.00 0.00 0.00 0.00 0.00 0.00 0.00 0.22 1.00 1.00 0.63 0.00 0.00 
 0.00 0.33 1.00 1.00 0.33 0.00 0.00 0.00 0.00 0.00 0.00 0.00 0.00 0.04 0.77 1.00 0.99 0.24 0.00 0.00 
 0.00 0.33 1.00 1.00 0.33 0.00 0.00 0.00 0.00 0.00 0.00 0.00 0.14 0.69 1.00 1.00 0.65 0.00 0.00 0.00 
 0.00 0.33 1.00 1.00 0.63 0.45 0.45 0.45 0.45 0.46 0.57 0.74 0.98 1.00 1.00 0.79 0.07 0.00 0.00 0.00 
 0.00 0.33 1.00 1.00 1.00 1.00 1.00 1.00 1.00 1.00 1.00 1.00 1.00 0.99 0.68 0.07 0.00 0.00 0.00 0.00 
 0.00 0.33 1.00 1.00 1.00 1.00 1.00 1.00 1.00 1.00 0.94 0.80 0.58 0.24 0.00 0.00 0.00 0.00 0.00 0.00 
 