0.00 0.00 0.00 0.00 0.00 0.00 0.00 0.00 0.00 0.00 0.00 0.14 0.49 0.89 0.38 0.00 0.00 0.00 0.00 0.00 
 0.00 0.00 0.00 0.00 0.00 0.00 0.00 0.00 0.00 0.02 0.50 0.89 1.00 1.00 0.38 0.00 0.00 0.00 0.00 0.00 
 0.00 0.00 0.00 0.00 0.00 0.00 0.00 0.00 0.00 0.00 0.00 0.13 0.99 1.00 0.38 0.00 0.00 0.00 0.00 0.00 
 0.00 0.00 0.00 0.00 0.00 0.00 0.00 0.00 0.00 0.00 0.00 0.00 0.88 1.00 0.38 0.00 0.00 0.00 0.00 0.00 
 0.00 0.00 0.00 0.00 0.00 0.00 0.00 0.00 0.00 0.00 0.00 0.00 0.88 1.00 0.38 0.00 0.00 0.00 0.00 0.00 
 0.00 0.00 0.00 0.00 0.00 0.00 0.00 0.00 0.00 0.00 0.00 0.00 0.88 1.00 0.38 0.00 0.00 0.00 0.00 0.00 
 0.00 0.00 0.00 0.00 0.00 0.00 0.00 0.11 0.31 0.38 0.22 0.03 0.88 1.00 0.38 0.00 0.00 0.00 0.00 0.00 
 0.00 0.00 0.00 0.00 0.00 0.05 0.53 0.94 0.66 0.52 0.80 0.77 0.93 1.00 0.38 0.00 0.00 0.00 0.00 0.00 
 0.00 0.00 0.00 0.00 0.02 0.64 0.97 0.33 0.00 0.00 0.03 0.71 1.00 1.00 0.38 0.00 0.00 0.00 0.00 0.00 
 0.00 0.00 0.00 0.00 0.39 1.00 0.63 0.00 0.00 0.00 0.00 0.19 1.00 1.00 0.38 0.00 0.00 0.00 0.00 0.00 
 0.00 0.00 0.00 0.06 0.91 1.00 0.25 0.00 0.00 0.00 0.00 0.03 0.91 1.00 0.38 0.00 0.00 0.00 0.00 0.00 
 0.00 0.00 0.00 0.30 1.00 0.94 0.06 0.00 0.00 0.00 0.00 0.00 0.88 1.00 0.38 0.00 0.00 0.00 0.00 0.00 
 0.00 0.00 0.00 0.53 1.00 0.88 0.00 0.00 0.00 0.00 0.00 0.00 0.88 1.00 0.38 0.00 0.00 0.00 0.00 0.00 
 0.00 0.00 0.00 0.63 1.00 0.89 0.02 0.00 0.00 0.00 0.00 0.00 0.88 1.00 0.38 0.00 0.00 0.00 0.00 0.00 
 0.00 0.00 0.00 0.61 1.00 1.00 0.16 0.00 0.00 0.00 0.00 0.00 0.88 1.00 0.38 0.00 0.00 0.00 0.00 0.00 
 0.00 0.00 0.00 0.45 1.00 1.00 0.41 0.00 0.00 0.00 0.00 0.00 0.88 1.00 0.38 0.00 0.00 0.00 0.00 0.00 
 0.00 0.00 0.00 0.19 0.99 1.00 0.80 0.03 0.00 0.00 0.00 0.00 0.88 1.00 0.39 0.00 0.00 0.00 0.00 0.00 
 0.00 0.00 0.00 0.00 0.64 1.00 1.00 0.61 0.05 0.00 0.00 0.28 0.97 1.00 0.58 0.02 0.05 0.00 0.00 0.00 
 0.00 0.00 0.00 0.00 0.08 0.82 1.00 1.00 0.85 0.55 0.66 0.71 0.91 1.00 0.97 0.71 0.24 0.00 0.00 0.00 
 0.00 0.00 0.00 0.00 0.00 0.05 0.53 0.89 1.00 0.88 0.47 0.02 0.86 0.69 0.27 0.00 0.00 0.00 0.00 0.00 
 