0.69 0.64 0.60 0.60 0.60 0.60 0.65 0.70 0.70 0.70 0.70 0.63 0.54 0.36 0.12 0.00 0.00 0.00 0.00 0.00 
 0.22 0.35 0.91 1.00 1.00 0.74 0.60 0.51 0.50 0.51 0.62 0.78 0.95 1.00 0.99 0.69 0.15 0.00 0.00 0.00 
 0.00 0.00 0.68 1.00 1.00 0.10 0.00 0.00 0.00 0.00 0.00 0.00 0.07 0.46 0.93 1.00 0.94 0.29 0.00 0.00 
 0.00 0.00 0.60 1.00 0.92 0.02 0.00 0.00 0.00 0.00 0.00 0.00 0.00 0.00 0.15 0.86 1.00 0.96 0.22 0.00 
 0.00 0.00 0.60 1.00 0.90 0.00 0.00 0.00 0.00 0.00 0.00 0.00 0.00 0.00 0.00 0.20 0.97 1.00 0.83 0.03 
 0.00 0.00 0.60 1.00 0.90 0.00 0.00 0.00 0.00 0.00 0.00 0.00 0.00 0.00 0.00 0.00 0.60 1.00 1.00 0.38 
 0.00 0.00 0.60 1.00 0.90 0.00 0.00 0.00 0.00 0.00 0.00 0.00 0.00 0.00 0.00 0.00 0.22 1.00 1.00 0.74 
 0.00 0.00 0.60 1.00 0.90 0.00 0.00 0.00 0.00 0.00 0.00 0.00 0.00 0.00 0.00 0.00 0.07 0.97 1.00 0.96 
 0.00 0.00 0.60 1.00 0.90 0.00 0.00 0.00 0.00 0.00 0.00 0.00 0.00 0.00 0.00 0.00 0.00 0.85 1.00 1.00 
 0.00 0.00 0.60 1.00 0.90 0.00 0.00 0.00 0.00 0.00 0.00 0.00 0.00 0.00 0.00 0.00 0.00 0.80 1.00 1.00 
 0.00 0.00 0.60 1.00 0.90 0.00 0.00 0.00 0.00 0.00 0.00 0.00 0.00 0.00 0.00 0.00 0.00 0.83 1.00 0.98 
 0.00 0.00 0.60 1.00 0.90 0.00 0.00 0.00 0.00 0.00 0.00 0.00 0.00 0.00 0.00 0.00 0.04 0.94 1.00 0.82 
 0.00 0.00 0.60 1.00 0.90 0.00 0.00 0.00 0.00 0.00 0.00 0.00 0.00 0.00 0.00 0.00 0.15 1.00 1.00 0.51 
 0.00 0.00 0.60 1.00 0.90 0.00 0.00 0.00 0.00 0.00 0.00 0.00 0.00 0.00 0.00 0.00 0.43 1.00 0.97 0.14 
 0.00 0.00 0.60 1.00 0.90 0.00 0.00 0.00 0.00 0.00 0.00 0.00 0.00 0.00 0.00 0.03 0.84 1.00 0.62 0.00 
 0.00 0.00 0.68 1.00 0.90 0.00 0.00 0.00 0.00 0.00 0.00 0.00 0.00 0.00 0.00 0.45 1.00 0.87 0.08 0.00 
 0.00 0.00 0.70 1.00 0.94 0.04 0.00 0.00 0.00 0.00 0.00 0.00 0.00 0.01 0.37 0.99 0.92 0.20 0.00 0.00 
 0.00 0.00 0.74 1.00 1.00 0.10 0.00 0.00 0.00 0.00 0.00 0.01 0.18 0.63 1.00 0.83 0.17 0.00 0.00 0.00 
 0.00 0.18 0.90 1.00 1.00 0.73 0.58 0.50 0.50 0.54 0.65 0.84 1.00 0.88 0.48 0.04 0.00 0.00 0.00 0.00 
 0.00 0.60 0.60 0.60 0.60 0.62 0.70 0.70 0.70 0.70 0.61 0.48 0.27 0.02 0.00 0.00 0.00 0.00 0.00 0.00 
 