0.00 0.00 0.00 0.00 0.00 0.00 0.00 0.00 0.00 0.00 0.00 0.00 0.00 0.00 0.22 1.00 1.00 1.00 0.65 0.00 
 0.00 0.00 0.00 0.00 0.00 0.00 0.00 0.00 0.00 0.00 0.00 0.00 0.00 0.00 0.43 1.00 1.00 1.00 0.44 0.00 
 0.00 0.00 0.00 0.00 0.00 0.00 0.00 0.00 0.00 0.00 0.00 0.00 0.00 0.00 0.64 1.00 1.00 1.00 0.22 0.00 
 0.00 0.00 0.00 0.00 0.00 0.00 0.00 0.00 0.00 0.00 0.00 0.00 0.00 0.01 0.86 1.00 1.00 0.93 0.03 0.00 
 0.00 0.00 0.00 0.00 0.00 0.00 0.00 0.00 0.00 0.00 0.00 0.00 0.00 0.11 1.00 1.00 1.00 0.79 0.00 0.00 
 0.00 0.00 0.00 0.00 0.00 0.05 0.38 0.67 0.80 0.77 0.57 0.17 0.00 0.27 1.00 1.00 1.00 0.56 0.00 0.00 
 0.00 0.00 0.00 0.00 0.16 0.83 1.00 1.00 1.00 1.00 1.00 0.97 0.39 0.47 1.00 1.00 1.00 0.34 0.00 0.00 
 0.00 0.00 0.00 0.12 0.90 1.00 1.00 1.00 1.00 1.00 1.00 1.00 0.97 0.84 1.00 1.00 0.99 0.13 0.00 0.00 
 0.00 0.00 0.02 0.73 1.00 1.00 1.00 0.82 0.34 0.22 0.52 0.98 1.00 1.00 1.00 1.00 0.88 0.00 0.00 0.00 
 0.00 0.00 0.31 1.00 1.00 1.00 0.84 0.06 0.00 0.00 0.00 0.44 1.00 1.00 1.00 1.00 0.69 0.00 0.00 0.00 
 0.00 0.00 0.74 1.00 1.00 0.99 0.29 0.00 0.00 0.00 0.00 0.06 0.96 1.00 1.00 1.00 0.47 0.00 0.00 0.00 
 0.00 0.10 0.99 1.00 1.00 0.83 0.00 0.00 0.00 0.00 0.00 0.00 0.83 1.00 1.00 1.00 0.25 0.00 0.00 0.00 
 0.00 0.26 1.00 1.00 1.00 0.57 0.00 0.00 0.00 0.00 0.00 0.01 0.90 1.00 1.00 0.94 0.04 0.00 0.00 0.00 
 0.00 0.38 1.00 1.00 1.00 0.42 0.00 0.00 0.00 0.00 0.00 0.12 1.00 1.00 1.00 0.81 0.00 0.00 0.00 0.00 
 0.00 0.40 1.00 1.00 1.00 0.41 0.00 0.00 0.00 0.00 0.00 0.40 1.00 1.00 1.00 0.60 0.00 0.00 0.00 0.00 
 0.00 0.34 1.00 1.00 1.00 0.60 0.00 0.00 0.00 0.00 0.05 0.85 1.00 1.00 1.00 0.38 0.00 0.00 0.00 0.00 
 0.00 0.18 1.00 1.00 1.00 0.95 0.23 0.00 0.00 0.06 0.65 1.00 1.00 1.00 0.99 0.16 0.00 0.00 0.00 0.00 
 0.00 0.03 0.84 1.00 1.00 1.00 0.97 0.68 0.63 0.90 1.00 1.00 1.00 1.00 0.89 0.00 0.00 0.00 0.00 0.00 
 0.00 0.00 0.30 0.98 1.00 1.00 1.00 1.00 1.00 1.00 0.89 1.00 1.00 1.00 0.72 0.00 0.00 0.00 0.00 0.00 
 0.00 0.00 0.00 0.33 0.93 1.00 1.00 1.00 0.99 0.65 0.25 1.00 1.00 1.00 0.51 0.00 0.00 0.00 0.00 0.00 
 