0.00 0.00 0.00 0.00 0.00 0.00 0.00 0.00 0.00 0.00 0.00 0.00 0.00 0.80 1.00 0.30 0.00 0.00 0.00 0.00 
 0.00 0.00 0.00 0.00 0.00 0.00 0.00 0.00 0.00 0.00 0.00 0.00 0.00 0.80 1.00 0.30 0.00 0.00 0.00 0.00 
 0.00 0.00 0.00 0.00 0.00 0.00 0.00 0.00 0.00 0.00 0.00 0.00 0.00 0.80 1.00 0.30 0.00 0.00 0.00 0.00 
 0.00 0.00 0.00 0.00 0.00 0.00 0.00 0.00 0.00 0.00 0.00 0.00 0.00 0.80 1.00 0.30 0.00 0.00 0.00 0.00 
 0.00 0.00 0.00 0.00 0.00 0.00 0.00 0.00 0.00 0.00 0.00 0.00 0.00 0.80 1.00 0.30 0.00 0.00 0.00 0.00 
 0.00 0.00 0.00 0.00 0.00 0.00 0.00 0.10 0.52 0.77 0.75 0.42 0.03 0.80 1.00 0.30 0.00 0.00 0.00 0.00 
 0.00 0.00 0.00 0.00 0.00 0.00 0.16 0.90 1.00 1.00 1.00 1.00 0.69 0.81 1.00 0.30 0.00 0.00 0.00 0.00 
 0.00 0.00 0.00 0.00 0.00 0.02 0.79 1.00 0.84 0.33 0.24 0.59 0.99 0.99 1.00 0.30 0.00 0.00 0.00 0.00 
 0.00 0.00 0.00 0.00 0.00 0.29 1.00 0.92 0.11 0.00 0.00 0.00 0.55 1.00 1.00 0.30 0.00 0.00 0.00 0.00 
 0.00 0.00 0.00 0.00 0.00 0.63 1.00 0.55 0.00 0.00 0.00 0.00 0.09 0.97 1.00 0.30 0.00 0.00 0.00 0.00 
 0.00 0.00 0.00 0.00 0.00 0.84 1.00 0.29 0.00 0.00 0.00 0.00 0.00 0.76 1.00 0.30 0.00 0.00 0.00 0.00 
 0.00 0.00 0.00 0.00 0.06 0.96 1.00 0.15 0.00 0.00 0.00 0.00 0.00 0.62 1.00 0.30 0.00 0.00 0.00 0.00 
 0.00 0.00 0.00 0.00 0.10 1.00 1.00 0.10 0.00 0.00 0.00 0.00 0.00 0.55 1.00 0.30 0.00 0.00 0.00 0.00 
 0.00 0.00 0.00 0.00 0.09 0.99 1.00 0.11 0.00 0.00 0.00 0.00 0.00 0.56 1.00 0.30 0.00 0.00 0.00 0.00 
 0.00 0.00 0.00 0.00 0.00 0.89 1.00 0.22 0.00 0.00 0.00 0.00 0.00 0.63 1.00 0.30 0.00 0.00 0.00 0.00 
 0.00 0.00 0.00 0.00 0.00 0.72 1.00 0.42 0.00 0.00 0.00 0.00 0.01 0.83 1.00 0.30 0.00 0.00 0.00 0.00 
 0.00 0.00 0.00 0.00 0.00 0.44 1.00 0.79 0.01 0.00 0.00 0.00 0.23 1.00 1.00 0.30 0.00 0.00 0.00 0.00 
 0.00 0.00 0.00 0.00 0.00 0.08 0.93 1.00 0.55 0.03 0.00 0.13 0.85 1.00 1.00 0.30 0.00 0.00 0.00 0.00 
 0.00 0.00 0.00 0.00 0.00 0.00 0.34 0.98 1.00 0.86 0.72 0.95 0.96 0.80 1.00 0.30 0.00 0.00 0.00 0.00 
 0.00 0.00 0.00 0.00 0.00 0.00 0.00 0.33 0.91 1.00 1.00 0.94 0.35 0.60 1.00 0.30 0.00 0.00 0.00 0.00 
 