0.56 1.00 1.00 1.00 1.00 1.00 1.00 1.00 1.00 1.00 0.99 0.88 0.72 0.47 0.16 0.00 0.00 0.00 0.00 0.00 
 0.07 0.29 0.64 1.00 1.00 1.00 0.67 0.22 0.22 0.22 0.33 0.56 0.88 1.00 0.99 0.69 0.19 0.00 0.00 0.00 
 0.00 0.00 0.02 0.78 1.00 1.00 0.56 0.00 0.00 0.00 0.00 0.00 0.04 0.47 0.96 1.00 0.96 0.41 0.00 0.00 
 0.00 0.00 0.00 0.67 1.00 1.00 0.56 0.00 0.00 0.00 0.00 0.00 0.00 0.00 0.27 0.95 1.00 0.99 0.46 0.00 
 0.00 0.00 0.00 0.67 1.00 1.00 0.56 0.00 0.00 0.00 0.00 0.00 0.00 0.00 0.00 0.38 1.00 1.00 0.98 0.30 
 0.00 0.00 0.00 0.67 1.00 1.00 0.56 0.00 0.00 0.00 0.00 0.00 0.00 0.00 0.00 0.03 0.76 1.00 1.00 0.87 
 0.00 0.00 0.00 0.67 1.00 1.00 0.56 0.00 0.00 0.00 0.00 0.00 0.00 0.00 0.00 0.00 0.31 1.00 1.00 1.00 
 0.00 0.00 0.00 0.67 1.00 1.00 0.56 0.00 0.00 0.00 0.00 0.00 0.00 0.00 0.00 0.00 0.07 0.96 1.00 1.00 
 0.00 0.00 0.00 0.67 1.00 1.00 0.56 0.00 0.00 0.00 0.00 0.00 0.00 0.00 0.00 0.00 0.00 0.76 1.00 1.00 
 0.00 0.00 0.00 0.67 1.00 1.00 0.56 0.00 0.00 0.00 0.00 0.00 0.00 0.00 0.00 0.00 0.00 0.63 1.00 1.00 
 0.00 0.00 0.00 0.67 1.00 1.00 0.56 0.00 0.00 0.00 0.00 0.00 0.00 0.00 0.00 0.00 0.00 0.56 1.00 1.00 
 0.00 0.00 0.00 0.67 1.00 1.00 0.56 0.00 0.00 0.00 0.00 0.00 0.00 0.00 0.00 0.00 0.00 0.56 1.00 1.00 
 0.00 0.00 0.00 0.67 1.00 1.00 0.56 0.00 0.00 0.00 0.00 0.00 0.00 0.00 0.00 0.00 0.00 0.63 1.00 1.00 
 0.00 0.00 0.00 0.67 1.00 1.00 0.56 0.00 0.00 0.00 0.00 0.00 0.00 0.00 0.00 0.00 0.00 0.73 1.00 1.00 
 0.00 0.00 0.00 0.67 1.00 1.00 0.56 0.00 0.00 0.00 0.00 0.00 0.00 0.00 0.00 0.00 0.05 0.93 1.00 1.00 
 0.00 0.00 0.00 0.67 1.00 1.00 0.56 0.00 0.00 0.00 0.00 0.00 0.00 0.00 0.00 0.00 0.24 1.00 1.00 0.99 
 0.00 0.00 0.00 0.67 1.00 1.00 0.56 0.00 0.00 0.00 0.00 0.00 0.00 0.00 0.00 0.00 0.64 1.00 1.00 0.61 
 0.00 0.00 0.00 0.67 1.00 1.00 0.56 0.00 0.00 0.00 0.00 0.00 0.00 0.00 0.00 0.26 0.99 1.00 0.82 0.05 
 0.00 0.00 0.00 0.67 1.00 1.00 0.62 0.00 0.00 0.00 0.00 0.00 0.00 0.00 0.19 0.90 1.00 0.83 0.13 0.00 
 0.00 0.00 0.04 0.84 1.00 1.00 0.91 0.16 0.00 0.00 0.00 0.00 0.07 0.48 0.95 0.99 0.61 0.05 0.00 0.00 
 