0.50 0.61 0.92 1.00 1.00 1.00 1.00 1.00 1.00 1.00 0.97 0.84 0.73 0.53 0.28 0.09 0.00 0.00 0.00 0.00 
 0.00 0.00 0.28 1.00 1.00 0.95 0.50 0.31 0.17 0.17 0.28 0.50 0.81 1.00 1.00 0.89 0.39 0.03 0.00 0.00 
 0.00 0.00 0.17 1.00 1.00 0.84 0.00 0.00 0.00 0.00 0.00 0.00 0.03 0.42 0.92 1.00 1.00 0.61 0.06 0.00 
 0.00 0.00 0.17 1.00 1.00 0.84 0.00 0.00 0.00 0.00 0.00 0.00 0.00 0.00 0.20 0.92 1.00 1.00 0.58 0.00 
 0.00 0.00 0.17 1.00 1.00 0.84 0.00 0.00 0.00 0.00 0.00 0.00 0.00 0.00 0.00 0.36 1.00 1.00 0.97 0.33 
 0.00 0.00 0.17 1.00 1.00 0.84 0.00 0.00 0.00 0.00 0.00 0.00 0.00 0.00 0.00 0.03 0.75 1.00 1.00 0.84 
 0.00 0.00 0.17 1.00 1.00 0.84 0.00 0.00 0.00 0.00 0.00 0.00 0.00 0.00 0.00 0.00 0.31 1.00 1.00 1.00 
 0.00 0.00 0.17 1.00 1.00 0.84 0.00 0.00 0.00 0.00 0.00 0.00 0.00 0.00 0.00 0.00 0.14 0.97 1.00 1.00 
 0.00 0.00 0.17 1.00 1.00 0.84 0.00 0.00 0.00 0.00 0.00 0.00 0.00 0.00 0.00 0.00 0.00 0.81 1.00 1.00 
 0.00 0.00 0.17 1.00 1.00 0.84 0.00 0.00 0.00 0.00 0.00 0.00 0.00 0.00 0.00 0.00 0.00 0.67 1.00 1.00 
 0.00 0.00 0.17 1.00 1.00 0.84 0.00 0.00 0.00 0.00 0.00 0.00 0.00 0.00 0.00 0.00 0.00 0.67 1.00 1.00 
 0.00 0.00 0.17 1.00 1.00 0.84 0.00 0.00 0.00 0.00 0.00 0.00 0.00 0.00 0.00 0.00 0.00 0.70 1.00 1.00 
 0.00 0.00 0.17 1.00 1.00 0.84 0.00 0.00 0.00 0.00 0.00 0.00 0.00 0.00 0.00 0.00 0.03 0.86 1.00 1.00 
 0.00 0.00 0.17 1.00 1.00 0.84 0.00 0.00 0.00 0.00 0.00 0.00 0.00 0.00 0.00 0.00 0.17 1.00 1.00 1.00 
 0.00 0.00 0.17 1.00 1.00 0.84 0.00 0.00 0.00 0.00 0.00 0.00 0.00 0.00 0.00 0.00 0.39 1.00 1.00 0.97 
 0.00 0.00 0.17 1.00 1.00 0.84 0.00 0.00 0.00 0.00 0.00 0.00 0.00 0.00 0.00 0.06 0.84 1.00 1.00 0.58 
 0.00 0.00 0.17 1.00 1.00 0.84 0.00 0.00 0.00 0.00 0.00 0.00 0.00 0.00 0.03 0.50 1.00 1.00 0.84 0.09 
 0.00 0.00 0.17 1.00 1.00 0.84 0.00 0.00 0.00 0.00 0.00 0.00 0.00 0.03 0.42 1.00 1.00 0.86 0.17 0.00 
 0.00 0.00 0.20 1.00 1.00 0.84 0.00 0.00 0.00 0.00 0.00 0.00 0.14 0.58 1.00 0.97 0.73 0.14 0.00 0.00 
 0.00 0.00 0.50 1.00 1.00 0.95 0.64 0.47 0.33 0.33 0.42 0.64 0.95 1.00 0.78 0.31 0.00 0.00 0.00 0.00 
 