0.00 0.09 0.89 1.00 1.00 1.00 1.00 1.00 1.00 1.00 0.90 0.79 0.57 0.26 0.03 0.00 0.00 0.00 0.00 0.00 
 0.00 0.00 0.04 0.73 1.00 1.00 0.72 0.33 0.33 0.38 0.57 0.84 1.00 1.00 0.79 0.21 0.00 0.00 0.00 0.00 
 0.00 0.00 0.00 0.38 1.00 1.00 0.56 0.00 0.00 0.00 0.00 0.02 0.40 0.95 1.00 0.96 0.35 0.00 0.00 0.00 
 0.00 0.00 0.00 0.33 1.00 1.00 0.56 0.00 0.00 0.00 0.00 0.00 0.00 0.29 0.98 1.00 0.95 0.18 0.00 0.00 
 0.00 0.00 0.00 0.33 1.00 1.00 0.56 0.00 0.00 0.00 0.00 0.00 0.00 0.00 0.53 1.00 1.00 0.73 0.00 0.00 
 0.00 0.00 0.00 0.33 1.00 1.00 0.56 0.00 0.00 0.00 0.00 0.00 0.00 0.00 0.13 0.99 1.00 0.98 0.15 0.00 
 0.00 0.00 0.00 0.33 1.00 1.00 0.56 0.00 0.00 0.00 0.00 0.00 0.00 0.00 0.00 0.77 1.00 1.00 0.44 0.00 
 0.00 0.00 0.00 0.33 1.00 1.00 0.56 0.00 0.00 0.00 0.00 0.00 0.00 0.00 0.00 0.55 1.00 1.00 0.62 0.00 
 0.00 0.00 0.00 0.33 1.00 1.00 0.56 0.00 0.00 0.00 0.00 0.00 0.00 0.00 0.00 0.42 1.00 1.00 0.74 0.00 
 0.00 0.00 0.00 0.33 1.00 1.00 0.56 0.00 0.00 0.00 0.00 0.00 0.00 0.00 0.00 0.33 1.00 1.00 0.78 0.00 
 0.00 0.00 0.00 0.33 1.00 1.00 0.56 0.00 0.00 0.00 0.00 0.00 0.00 0.00 0.00 0.33 1.00 1.00 0.78 0.00 
 0.00 0.00 0.00 0.33 1.00 1.00 0.56 0.00 0.00 0.00 0.00 0.00 0.00 0.00 0.00 0.36 1.00 1.00 0.74 0.00 
 0.00 0.00 0.00 0.33 1.00 1.00 0.56 0.00 0.00 0.00 0.00 0.00 0.00 0.00 0.00 0.46 1.00 1.00 0.63 0.00 
 0.00 0.00 0.00 0.33 1.00 1.00 0.56 0.00 0.00 0.00 0.00 0.00 0.00 0.00 0.00 0.61 1.00 1.00 0.46 0.00 
 0.00 0.00 0.00 0.33 1.00 1.00 0.56 0.00 0.00 0.00 0.00 0.00 0.00 0.00 0.02 0.83 1.00 0.99 0.20 0.00 
 0.00 0.00 0.00 0.33 1.00 1.00 0.56 0.00 0.00 0.00 0.00 0.00 0.00 0.00 0.20 1.00 1.00 0.80 0.00 0.00 
 0.00 0.00 0.00 0.33 1.00 1.00 0.56 0.00 0.00 0.00 0.00 0.00 0.00 0.02 0.67 1.00 0.99 0.35 0.00 0.00 
 0.00 0.00 0.00 0.33 1.00 1.00 0.56 0.00 0.00 0.00 0.00 0.00 0.00 0.40 1.00 1.00 0.67 0.00 0.00 0.00 
 0.00 0.00 0.00 0.42 1.00 1.00 0.56 0.00 0.00 0.00 0.00 0.13 0.56 0.99 1.00 0.71 0.04 0.00 0.00 0.00 
 0.00 0.00 0.18 0.83 1.00 1.00 0.80 0.56 0.56 0.61 0.77 0.98 1.00 0.90 0.44 0.02 0.00 0.00 0.00 0.00 
 