0.00 0.00 0.00 0.00 0.00 0.00 0.00 0.00 0.00 0.00 0.17 1.00 1.00 1.00 1.00 1.00 0.33 0.00 0.00 0.00 
 0.00 0.00 0.00 0.00 0.00 0.00 0.00 0.00 0.00 0.00 0.17 1.00 1.00 1.00 1.00 1.00 0.33 0.00 0.00 0.00 
 0.00 0.00 0.00 0.00 0.00 0.00 0.00 0.00 0.00 0.00 0.14 0.84 0.89 1.00 1.00 1.00 0.33 0.00 0.00 0.00 
 0.00 0.00 0.00 0.00 0.00 0.00 0.00 0.00 0.00 0.00 0.00 0.00 0.33 1.00 1.00 1.00 0.33 0.00 0.00 0.00 
 0.00 0.00 0.00 0.00 0.00 0.00 0.00 0.00 0.00 0.00 0.00 0.00 0.33 1.00 1.00 1.00 0.33 0.00 0.00 0.00 
 0.00 0.00 0.00 0.00 0.00 0.00 0.00 0.14 0.17 0.17 0.06 0.00 0.33 1.00 1.00 1.00 0.33 0.00 0.00 0.00 
 0.00 0.00 0.00 0.00 0.00 0.11 0.64 0.97 1.00 1.00 0.81 0.28 0.33 1.00 1.00 1.00 0.33 0.00 0.00 0.00 
 0.00 0.00 0.00 0.00 0.11 0.84 1.00 1.00 1.00 1.00 1.00 0.92 0.50 1.00 1.00 1.00 0.33 0.00 0.00 0.00 
 0.00 0.00 0.00 0.00 0.58 1.00 1.00 1.00 0.97 0.84 0.86 1.00 0.95 1.00 1.00 1.00 0.33 0.00 0.00 0.00 
 0.00 0.00 0.00 0.14 0.97 1.00 1.00 0.95 0.31 0.00 0.03 0.42 0.97 1.00 1.00 1.00 0.33 0.00 0.00 0.00 
 0.00 0.00 0.00 0.33 1.00 1.00 1.00 0.58 0.00 0.00 0.00 0.00 0.64 1.00 1.00 1.00 0.33 0.00 0.00 0.00 
 0.00 0.00 0.00 0.53 1.00 1.00 1.00 0.25 0.00 0.00 0.00 0.00 0.25 1.00 1.00 1.00 0.33 0.00 0.00 0.00 
 0.00 0.00 0.00 0.67 1.00 1.00 0.89 0.06 0.00 0.00 0.00 0.00 0.17 1.00 1.00 1.00 0.33 0.00 0.00 0.00 
 0.00 0.00 0.00 0.67 1.00 1.00 0.84 0.00 0.00 0.00 0.00 0.00 0.17 1.00 1.00 1.00 0.33 0.00 0.00 0.00 
 0.00 0.00 0.00 0.67 1.00 1.00 0.86 0.03 0.00 0.00 0.00 0.00 0.17 1.00 1.00 1.00 0.33 0.00 0.00 0.00 
 0.00 0.00 0.00 0.56 1.00 1.00 1.00 0.20 0.00 0.00 0.00 0.00 0.22 1.00 1.00 1.00 0.33 0.00 0.00 0.00 
 0.00 0.00 0.00 0.36 1.00 1.00 1.00 0.45 0.00 0.00 0.00 0.00 0.56 1.00 1.00 1.00 0.33 0.00 0.00 0.00 
 0.00 0.00 0.00 0.14 0.97 1.00 1.00 0.86 0.14 0.00 0.03 0.28 0.95 1.00 1.00 1.00 0.45 0.14 0.00 0.00 
 0.00 0.00 0.00 0.00 0.64 1.00 1.00 1.00 0.92 0.67 0.78 1.00 0.89 0.92 1.00 1.00 1.00 0.84 0.00 0.00 
 0.00 0.00 0.00 0.00 0.14 0.92 1.00 1.00 1.00 1.00 1.00 0.97 0.36 0.84 1.00 1.00 1.00 0.84 0.00 0.00 
 