0.00 0.00 0.00 0.00 0.00 0.00 0.00 0.00 0.00 0.00 0.00 0.00 0.00 0.00 0.00 0.58 1.00 1.00 0.98 0.11 
 0.00 0.00 0.00 0.00 0.00 0.00 0.00 0.00 0.00 0.00 0.00 0.00 0.00 0.00 0.00 0.78 1.00 1.00 0.88 0.00 
 0.00 0.00 0.00 0.00 0.00 0.00 0.00 0.00 0.00 0.00 0.00 0.00 0.00 0.00 0.07 0.96 1.00 1.00 0.71 0.00 
 0.00 0.00 0.00 0.00 0.00 0.00 0.00 0.00 0.00 0.00 0.00 0.00 0.00 0.00 0.19 1.00 1.00 1.00 0.51 0.00 
 0.00 0.00 0.00 0.00 0.00 0.00 0.00 0.00 0.00 0.00 0.00 0.00 0.00 0.00 0.38 1.00 1.00 1.00 0.31 0.00 
 0.00 0.00 0.00 0.00 0.00 0.00 0.00 0.00 0.00 0.10 0.19 0.22 0.22 0.15 0.63 1.00 1.00 0.98 0.11 0.00 
 0.00 0.00 0.00 0.00 0.00 0.00 0.02 0.31 0.74 0.99 1.00 1.00 1.00 1.00 1.00 1.00 1.00 0.88 0.00 0.00 
 0.00 0.00 0.00 0.00 0.00 0.09 0.69 1.00 1.00 1.00 1.00 1.00 1.00 1.00 1.00 1.00 1.00 0.71 0.00 0.00 
 0.00 0.00 0.00 0.00 0.07 0.82 1.00 1.00 1.00 0.96 0.77 0.67 0.69 0.90 1.00 1.00 1.00 0.51 0.00 0.00 
 0.00 0.00 0.00 0.02 0.65 1.00 1.00 1.00 0.80 0.16 0.00 0.00 0.00 0.38 1.00 1.00 1.00 0.31 0.00 0.00 
 0.00 0.00 0.00 0.26 1.00 1.00 1.00 0.85 0.07 0.00 0.00 0.00 0.00 0.58 1.00 1.00 0.98 0.11 0.00 0.00 
 0.00 0.00 0.00 0.67 1.00 1.00 1.00 0.36 0.00 0.00 0.00 0.00 0.00 0.78 1.00 1.00 0.88 0.00 0.00 0.00 
 0.00 0.00 0.07 0.96 1.00 1.00 0.89 0.03 0.00 0.00 0.00 0.00 0.07 0.96 1.00 1.00 0.71 0.00 0.00 0.00 
 0.00 0.00 0.25 1.00 1.00 1.00 0.65 0.00 0.00 0.00 0.00 0.00 0.24 1.00 1.00 1.00 0.51 0.00 0.00 0.00 
 0.00 0.00 0.41 1.00 1.00 1.00 0.47 0.00 0.00 0.00 0.00 0.00 0.64 1.00 1.00 1.00 0.32 0.00 0.00 0.00 
 0.00 0.00 0.49 1.00 1.00 1.00 0.36 0.00 0.00 0.00 0.00 0.21 0.99 1.00 1.00 1.00 0.16 0.00 0.00 0.00 
 0.00 0.00 0.56 1.00 1.00 1.00 0.35 0.00 0.00 0.00 0.06 0.82 1.00 1.00 1.00 0.91 0.03 0.00 0.00 0.00 
 0.00 0.00 0.45 1.00 1.00 1.00 0.55 0.00 0.00 0.07 0.74 1.00 1.00 1.00 1.00 0.89 0.00 0.00 0.00 0.00 
 0.00 0.00 0.27 1.00 1.00 1.00 0.95 0.44 0.40 0.85 1.00 1.00 0.96 1.00 1.00 0.79 0.00 0.00 0.00 0.00 
 0.00 0.00 0.05 0.89 1.00 1.00 1.00 1.00 1.00 1.00 1.00 0.85 0.52 1.00 1.00 0.68 0.00 0.00 0.00 0.00 
 