0.00 0.00 0.00 0.00 0.00 0.00 0.00 0.00 0.00 0.00 0.00 0.00 0.00 0.00 0.56 1.00 1.00 1.00 0.75 0.00 
 0.00 0.00 0.00 0.00 0.00 0.00 0.00 0.00 0.00 0.00 0.00 0.00 0.00 0.00 0.77 1.00 1.00 1.00 0.54 0.00 
 0.00 0.00 0.00 0.00 0.00 0.00 0.00 0.00 0.00 0.00 0.00 0.00 0.00 0.06 0.96 1.00 1.00 1.00 0.33 0.00 
 0.00 0.00 0.00 0.00 0.00 0.00 0.00 0.00 0.00 0.00 0.00 0.00 0.00 0.19 1.00 1.00 1.00 0.99 0.13 0.00 
 0.00 0.00 0.00 0.00 0.00 0.00 0.00 0.00 0.00 0.00 0.00 0.00 0.00 0.41 1.00 1.00 1.00 0.88 0.00 0.00 
 0.00 0.00 0.00 0.00 0.00 0.00 0.00 0.00 0.00 0.00 0.00 0.00 0.00 0.62 1.00 1.00 1.00 0.71 0.00 0.00 
 0.00 0.00 0.00 0.00 0.00 0.00 0.00 0.05 0.27 0.47 0.59 0.60 0.51 0.87 1.00 1.00 1.00 0.49 0.00 0.00 
 0.00 0.00 0.00 0.00 0.00 0.04 0.44 0.91 1.00 1.00 1.00 1.00 1.00 1.00 1.00 1.00 1.00 0.29 0.00 0.00 
 0.00 0.00 0.00 0.00 0.08 0.76 1.00 1.00 1.00 1.00 1.00 1.00 1.00 1.00 1.00 1.00 0.96 0.07 0.00 0.00 
 0.00 0.00 0.00 0.06 0.79 1.00 1.00 1.00 0.99 0.79 0.54 0.51 0.81 1.00 1.00 1.00 0.85 0.00 0.00 0.00 
 0.00 0.00 0.00 0.56 1.00 1.00 1.00 0.97 0.39 0.00 0.00 0.00 0.66 1.00 1.00 1.00 0.64 0.00 0.00 0.00 
 0.00 0.00 0.13 0.98 1.00 1.00 1.00 0.50 0.00 0.00 0.00 0.02 0.88 1.00 1.00 1.00 0.44 0.00 0.00 0.00 
 0.00 0.00 0.48 1.00 1.00 1.00 0.91 0.04 0.00 0.00 0.00 0.13 1.00 1.00 1.00 1.00 0.23 0.00 0.00 0.00 
 0.00 0.00 0.74 1.00 1.00 1.00 0.65 0.00 0.00 0.00 0.00 0.36 1.00 1.00 1.00 0.94 0.04 0.00 0.00 0.00 
 0.00 0.01 0.90 1.00 1.00 1.00 0.45 0.00 0.00 0.00 0.00 0.69 1.00 1.00 1.00 0.81 0.00 0.00 0.00 0.00 
 0.00 0.10 1.00 1.00 1.00 1.00 0.40 0.00 0.00 0.00 0.15 0.98 1.00 1.00 1.00 0.60 0.00 0.00 0.00 0.00 
 0.00 0.03 0.93 1.00 1.00 1.00 0.57 0.00 0.00 0.03 0.73 1.00 1.00 1.00 1.00 0.39 0.00 0.00 0.00 0.00 
 0.00 0.00 0.78 1.00 1.00 1.00 0.96 0.44 0.35 0.75 1.00 1.00 1.00 1.00 1.00 0.24 0.00 0.00 0.00 0.00 
 0.00 0.00 0.46 1.00 1.00 1.00 1.00 1.00 1.00 1.00 0.82 1.00 1.00 1.00 1.00 0.11 0.00 0.00 0.00 0.00 
 0.00 0.00 0.07 0.85 1.00 1.00 1.00 1.00 1.00 0.71 0.38 1.00 1.00 1.00 0.91 0.01 0.00 0.00 0.00 0.00 
 