0.00 0.00 0.00 0.00 0.00 0.00 0.00 0.00 0.00 0.00 0.00 0.00 0.00 0.00 0.00 0.00 0.00 0.00 0.00 0.00 
 0.00 0.00 0.00 0.00 0.00 0.20 0.56 0.78 0.84 0.84 0.84 0.84 0.84 0.84 0.75 0.64 0.45 0.22 0.03 0.00 
 0.00 0.00 0.00 0.00 0.00 0.00 0.00 0.42 1.00 1.00 0.84 0.33 0.33 0.33 0.39 0.64 0.89 1.00 0.75 0.22 
 0.00 0.00 0.00 0.00 0.00 0.00 0.00 0.33 1.00 1.00 0.50 0.00 0.00 0.00 0.00 0.00 0.09 0.70 1.00 0.97 
 0.00 0.00 0.00 0.00 0.00 0.00 0.00 0.50 1.00 0.97 0.20 0.00 0.00 0.00 0.00 0.00 0.00 0.06 0.73 1.00 
 0.00 0.00 0.00 0.00 0.00 0.00 0.03 0.81 1.00 0.84 0.00 0.00 0.00 0.00 0.00 0.00 0.00 0.00 0.22 1.00 
 0.00 0.00 0.00 0.00 0.00 0.00 0.17 1.00 1.00 0.64 0.00 0.00 0.00 0.00 0.00 0.00 0.00 0.00 0.03 0.84 
 0.00 0.00 0.00 0.00 0.00 0.00 0.36 1.00 1.00 0.33 0.00 0.00 0.00 0.00 0.00 0.00 0.00 0.00 0.00 0.64 
 0.00 0.00 0.00 0.00 0.00 0.00 0.64 1.00 0.89 0.06 0.00 0.00 0.00 0.00 0.00 0.00 0.00 0.00 0.00 0.50 
 0.00 0.00 0.00 0.00 0.00 0.11 0.95 1.00 0.75 0.00 0.00 0.00 0.00 0.00 0.00 0.00 0.00 0.00 0.00 0.50 
 0.00 0.00 0.00 0.00 0.00 0.25 1.00 1.00 0.47 0.00 0.00 0.00 0.00 0.00 0.00 0.00 0.00 0.00 0.00 0.53 
 0.00 0.00 0.00 0.00 0.00 0.53 1.00 0.97 0.20 0.00 0.00 0.00 0.00 0.00 0.00 0.00 0.00 0.00 0.00 0.67 
 0.00 0.00 0.00 0.00 0.03 0.81 1.00 0.81 0.00 0.00 0.00 0.00 0.00 0.00 0.00 0.00 0.00 0.00 0.03 0.84 
 0.00 0.00 0.00 0.00 0.20 1.00 1.00 0.58 0.00 0.00 0.00 0.00 0.00 0.00 0.00 0.00 0.00 0.00 0.20 1.00 
 0.00 0.00 0.00 0.00 0.42 1.00 1.00 0.31 0.00 0.00 0.00 0.00 0.00 0.00 0.00 0.00 0.00 0.00 0.45 1.00 
 0.00 0.00 0.00 0.00 0.70 1.00 0.89 0.06 0.00 0.00 0.00 0.00 0.00 0.00 0.00 0.00 0.00 0.09 0.89 1.00 
 0.00 0.00 0.00 0.11 0.95 1.00 0.70 0.00 0.00 0.00 0.00 0.00 0.00 0.00 0.00 0.00 0.03 0.53 1.00 0.97 
 0.00 0.00 0.00 0.31 1.00 1.00 0.42 0.00 0.00 0.00 0.00 0.00 0.00 0.00 0.00 0.03 0.39 1.00 0.97 0.42 
 0.00 0.00 0.00 0.61 1.00 0.97 0.17 0.00 0.00 0.00 0.00 0.00 0.00 0.00 0.06 0.50 1.00 0.89 0.36 0.00 
 0.00 0.00 0.11 0.95 1.00 0.84 0.00 0.00 0.00 0.00 0.00 0.00 0.06 0.39 0.84 1.00 0.73 0.14 0.00 0.00 
 