0.00 0.00 0.00 0.00 0.00 0.00 0.00 0.00 0.00 0.00 0.00 0.00 0.09 0.33 0.75 0.84 0.00 0.00 0.00 0.00 
 0.00 0.00 0.00 0.00 0.00 0.00 0.00 0.00 0.00 0.00 0.03 0.45 0.81 1.00 1.00 0.84 0.00 0.00 0.00 0.00 
 0.00 0.00 0.00 0.00 0.00 0.00 0.00 0.00 0.00 0.00 0.00 0.06 0.11 0.92 1.00 0.84 0.00 0.00 0.00 0.00 
 0.00 0.00 0.00 0.00 0.00 0.00 0.00 0.00 0.00 0.00 0.00 0.00 0.00 0.75 1.00 0.84 0.00 0.00 0.00 0.00 
 0.00 0.00 0.00 0.00 0.00 0.00 0.00 0.00 0.00 0.00 0.00 0.00 0.00 0.67 1.00 0.84 0.00 0.00 0.00 0.00 
 0.00 0.00 0.00 0.00 0.00 0.00 0.00 0.00 0.00 0.00 0.00 0.00 0.00 0.67 1.00 0.84 0.00 0.00 0.00 0.00 
 0.00 0.00 0.00 0.00 0.00 0.00 0.00 0.00 0.00 0.00 0.00 0.00 0.00 0.67 1.00 0.84 0.00 0.00 0.00 0.00 
 0.00 0.00 0.00 0.00 0.00 0.00 0.03 0.25 0.58 0.78 0.84 0.67 0.25 0.67 1.00 0.84 0.00 0.00 0.00 0.00 
 0.00 0.00 0.00 0.00 0.00 0.03 0.50 1.00 0.70 0.25 0.20 0.53 0.95 0.92 1.00 0.84 0.00 0.00 0.00 0.00 
 0.00 0.00 0.00 0.00 0.00 0.45 1.00 0.70 0.03 0.00 0.00 0.00 0.45 1.00 1.00 0.84 0.00 0.00 0.00 0.00 
 0.00 0.00 0.00 0.00 0.14 0.95 0.92 0.11 0.00 0.00 0.00 0.00 0.06 0.86 1.00 0.84 0.00 0.00 0.00 0.00 
 0.00 0.00 0.00 0.00 0.58 1.00 0.75 0.00 0.00 0.00 0.00 0.00 0.00 0.67 1.00 0.84 0.00 0.00 0.00 0.00 
 0.00 0.00 0.00 0.11 0.95 1.00 0.58 0.00 0.00 0.00 0.00 0.00 0.00 0.67 1.00 0.84 0.00 0.00 0.00 0.00 
 0.00 0.00 0.00 0.20 1.00 1.00 0.50 0.00 0.00 0.00 0.00 0.00 0.00 0.67 1.00 0.84 0.00 0.00 0.00 0.00 
 0.00 0.00 0.00 0.33 1.00 1.00 0.50 0.00 0.00 0.00 0.00 0.00 0.00 0.67 1.00 0.84 0.00 0.00 0.00 0.00 
 0.00 0.00 0.00 0.33 1.00 1.00 0.61 0.00 0.00 0.00 0.00 0.00 0.00 0.67 1.00 0.84 0.00 0.00 0.00 0.00 
 0.00 0.00 0.00 0.22 1.00 1.00 0.81 0.00 0.00 0.00 0.00 0.00 0.00 0.67 1.00 0.84 0.00 0.00 0.00 0.00 
 0.00 0.00 0.00 0.11 0.95 1.00 0.97 0.22 0.00 0.00 0.00 0.00 0.00 0.67 1.00 0.84 0.00 0.00 0.00 0.00 
 0.00 0.00 0.00 0.00 0.58 1.00 1.00 0.75 0.03 0.00 0.00 0.00 0.03 0.73 1.00 0.84 0.00 0.00 0.00 0.00 
 0.00 0.00 0.00 0.00 0.14 0.92 1.00 1.00 0.61 0.06 0.00 0.03 0.50 1.00 1.00 0.97 0.33 0.17 0.00 0.00 
 