0.00 0.60 0.87 1.00 1.00 1.00 0.89 0.74 0.70 0.68 0.72 0.70 0.54 0.21 0.01 0.00 0.00 0.00 0.00 0.00 
 0.00 0.00 0.01 0.64 1.00 0.75 0.02 0.00 0.00 0.00 0.00 0.05 0.42 0.90 0.70 0.12 0.00 0.00 0.00 0.00 
 0.00 0.00 0.00 0.31 1.00 0.50 0.00 0.00 0.00 0.00 0.00 0.00 0.00 0.10 0.78 0.89 0.16 0.00 0.00 0.00 
 0.00 0.00 0.00 0.30 1.00 0.50 0.00 0.00 0.00 0.00 0.00 0.00 0.00 0.00 0.10 0.89 0.88 0.09 0.00 0.00 
 0.00 0.00 0.00 0.30 1.00 0.50 0.00 0.00 0.00 0.00 0.00 0.00 0.00 0.00 0.00 0.32 1.00 0.63 0.00 0.00 
 0.00 0.00 0.00 0.30 1.00 0.50 0.00 0.00 0.00 0.00 0.00 0.00 0.00 0.00 0.00 0.02 0.81 0.97 0.14 0.00 
 0.00 0.00 0.00 0.30 1.00 0.50 0.00 0.00 0.00 0.00 0.00 0.00 0.00 0.00 0.00 0.00 0.42 1.00 0.48 0.00 
 0.00 0.00 0.00 0.30 1.00 0.50 0.00 0.00 0.00 0.00 0.00 0.00 0.00 0.00 0.00 0.00 0.17 1.00 0.74 0.00 
 0.00 0.00 0.00 0.30 1.00 0.50 0.00 0.00 0.00 0.00 0.00 0.00 0.00 0.00 0.00 0.00 0.09 0.99 0.89 0.00 
 0.00 0.00 0.00 0.30 1.00 0.50 0.00 0.00 0.00 0.00 0.00 0.00 0.00 0.00 0.00 0.00 0.00 0.90 0.90 0.00 
 0.00 0.00 0.00 0.30 1.00 0.50 0.00 0.00 0.00 0.00 0.00 0.00 0.00 0.00 0.00 0.00 0.00 0.90 0.90 0.00 
 0.00 0.00 0.00 0.30 1.00 0.50 0.00 0.00 0.00 0.00 0.00 0.00 0.00 0.00 0.00 0.00 0.08 0.98 0.90 0.00 
 0.00 0.00 0.00 0.30 1.00 0.50 0.00 0.00 0.00 0.00 0.00 0.00 0.00 0.00 0.00 0.00 0.14 1.00 0.78 0.00 
 0.00 0.00 0.00 0.30 1.00 0.50 0.00 0.00 0.00 0.00 0.00 0.00 0.00 0.00 0.00 0.00 0.36 1.00 0.54 0.00 
 0.00 0.00 0.00 0.30 1.00 0.50 0.00 0.00 0.00 0.00 0.00 0.00 0.00 0.00 0.00 0.01 0.72 0.99 0.20 0.00 
 0.00 0.00 0.00 0.30 1.00 0.50 0.00 0.00 0.00 0.00 0.00 0.00 0.00 0.00 0.00 0.23 1.00 0.72 0.00 0.00 
 0.00 0.00 0.00 0.30 1.00 0.50 0.00 0.00 0.00 0.00 0.00 0.00 0.00 0.00 0.05 0.81 0.94 0.16 0.00 0.00 
 0.00 0.00 0.00 0.31 1.00 0.50 0.00 0.00 0.00 0.00 0.00 0.00 0.00 0.04 0.66 0.95 0.28 0.00 0.00 0.00 
 0.00 0.00 0.00 0.54 1.00 0.71 0.01 0.00 0.00 0.00 0.00 0.01 0.23 0.79 0.86 0.24 0.00 0.00 0.00 0.00 
 0.00 0.45 0.71 0.99 1.00 1.00 0.74 0.55 0.50 0.54 0.63 0.80 0.77 0.42 0.04 0.00 0.00 0.00 0.00 0.00 
 