0.00 0.40 1.00 1.00 1.00 1.00 1.00 1.00 0.99 0.89 0.78 0.61 0.37 0.09 0.00 0.00 0.00 0.00 0.00 0.00 
 0.00 0.40 1.00 1.00 1.00 1.00 1.00 1.00 1.00 1.00 1.00 1.00 1.00 0.96 0.57 0.08 0.00 0.00 0.00 0.00 
 0.00 0.40 1.00 1.00 0.58 0.30 0.30 0.30 0.31 0.41 0.56 0.81 0.98 1.00 1.00 0.87 0.16 0.00 0.00 0.00 
 0.00 0.40 1.00 1.00 0.40 0.00 0.00 0.00 0.00 0.00 0.00 0.00 0.21 0.79 1.00 1.00 0.88 0.08 0.00 0.00 
 0.00 0.40 1.00 1.00 0.40 0.00 0.00 0.00 0.00 0.00 0.00 0.00 0.00 0.04 0.76 1.00 1.00 0.60 0.00 0.00 
 0.00 0.40 1.00 1.00 0.40 0.00 0.00 0.00 0.00 0.00 0.00 0.00 0.00 0.00 0.15 0.97 1.00 0.95 0.07 0.00 
 0.00 0.40 1.00 1.00 0.40 0.00 0.00 0.00 0.00 0.00 0.00 0.00 0.00 0.00 0.00 0.65 1.00 1.00 0.37 0.00 
 0.00 0.40 1.00 1.00 0.40 0.00 0.00 0.00 0.00 0.00 0.00 0.00 0.00 0.00 0.00 0.37 1.00 1.00 0.58 0.00 
 0.00 0.40 1.00 1.00 0.40 0.00 0.00 0.00 0.00 0.00 0.00 0.00 0.00 0.00 0.00 0.20 1.00 1.00 0.72 0.00 
 0.00 0.40 1.00 1.00 0.40 0.00 0.00 0.00 0.00 0.00 0.00 0.00 0.00 0.00 0.00 0.10 1.00 1.00 0.80 0.00 
 0.00 0.40 1.00 1.00 0.40 0.00 0.00 0.00 0.00 0.00 0.00 0.00 0.00 0.00 0.00 0.10 1.00 1.00 0.80 0.00 
 0.00 0.40 1.00 1.00 0.40 0.00 0.00 0.00 0.00 0.00 0.00 0.00 0.00 0.00 0.00 0.16 1.00 1.00 0.76 0.00 
 0.00 0.40 1.00 1.00 0.40 0.00 0.00 0.00 0.00 0.00 0.00 0.00 0.00 0.00 0.00 0.29 1.00 1.00 0.65 0.00 
 0.00 0.40 1.00 1.00 0.40 0.00 0.00 0.00 0.00 0.00 0.00 0.00 0.00 0.00 0.00 0.53 1.00 1.00 0.46 0.00 
 0.00 0.40 1.00 1.00 0.40 0.00 0.00 0.00 0.00 0.00 0.00 0.00 0.00 0.00 0.05 0.88 1.00 0.99 0.18 0.00 
 0.00 0.40 1.00 1.00 0.40 0.00 0.00 0.00 0.00 0.00 0.00 0.00 0.00 0.00 0.49 1.00 1.00 0.77 0.00 0.00 
 0.00 0.40 1.00 1.00 0.40 0.00 0.00 0.00 0.00 0.00 0.00 0.00 0.02 0.45 0.99 1.00 0.97 0.24 0.00 0.00 
 0.00 0.40 1.00 1.00 0.40 0.00 0.00 0.00 0.01 0.10 0.16 0.42 0.80 1.00 1.00 0.99 0.44 0.00 0.00 0.00 
 0.00 0.40 1.00 1.00 0.94 0.90 0.90 0.90 0.91 1.00 1.00 1.00 1.00 1.00 0.88 0.32 0.00 0.00 0.00 0.00 
 0.00 0.40 1.00 1.00 1.00 1.00 1.00 1.00 1.00 1.00 1.00 0.98 0.77 0.42 0.04 0.00 0.00 0.00 0.00 0.00 
 