0.00 0.00 0.00 0.00 0.00 0.00 0.00 0.00 0.00 0.00 0.00 0.39 0.79 0.91 0.25 0.00 0.00 0.00 0.00 0.00 
 0.00 0.00 0.00 0.00 0.00 0.00 0.00 0.00 0.00 0.00 0.00 0.00 0.12 0.98 0.25 0.00 0.00 0.00 0.00 0.00 
 0.00 0.00 0.00 0.00 0.00 0.00 0.00 0.00 0.00 0.00 0.00 0.00 0.00 0.90 0.25 0.00 0.00 0.00 0.00 0.00 
 0.00 0.00 0.00 0.00 0.00 0.00 0.00 0.00 0.00 0.00 0.00 0.00 0.00 0.90 0.25 0.00 0.00 0.00 0.00 0.00 
 0.00 0.00 0.00 0.00 0.00 0.00 0.00 0.00 0.00 0.00 0.00 0.00 0.00 0.90 0.25 0.00 0.00 0.00 0.00 0.00 
 0.00 0.00 0.00 0.00 0.00 0.00 0.00 0.00 0.00 0.00 0.00 0.00 0.00 0.90 0.25 0.00 0.00 0.00 0.00 0.00 
 0.00 0.00 0.00 0.00 0.00 0.00 0.00 0.00 0.00 0.00 0.00 0.00 0.00 0.90 0.25 0.00 0.00 0.00 0.00 0.00 
 0.00 0.00 0.00 0.00 0.00 0.00 0.00 0.11 0.40 0.36 0.33 0.08 0.00 0.90 0.25 0.00 0.00 0.00 0.00 0.00 
 0.00 0.00 0.00 0.00 0.00 0.00 0.43 0.60 0.07 0.00 0.01 0.29 0.21 0.90 0.25 0.00 0.00 0.00 0.00 0.00 
 0.00 0.00 0.00 0.00 0.00 0.41 0.70 0.00 0.00 0.00 0.00 0.00 0.33 0.94 0.25 0.00 0.00 0.00 0.00 0.00 
 0.00 0.00 0.00 0.00 0.09 0.96 0.16 0.00 0.00 0.00 0.00 0.00 0.02 0.95 0.25 0.00 0.00 0.00 0.00 0.00 
 0.00 0.00 0.00 0.00 0.46 0.86 0.00 0.00 0.00 0.00 0.00 0.00 0.00 0.92 0.25 0.00 0.00 0.00 0.00 0.00 
 0.00 0.00 0.00 0.00 0.71 0.70 0.00 0.00 0.00 0.00 0.00 0.00 0.00 0.92 0.25 0.00 0.00 0.00 0.00 0.00 
 0.00 0.00 0.00 0.00 0.82 0.64 0.00 0.00 0.00 0.00 0.00 0.00 0.00 0.92 0.25 0.00 0.00 0.00 0.00 0.00 
 0.00 0.00 0.00 0.00 0.78 0.66 0.00 0.00 0.00 0.00 0.00 0.00 0.00 0.92 0.25 0.00 0.00 0.00 0.00 0.00 
 0.00 0.00 0.00 0.00 0.63 0.75 0.00 0.00 0.00 0.00 0.00 0.00 0.00 0.92 0.25 0.00 0.00 0.00 0.00 0.00 
 0.00 0.00 0.00 0.00 0.33 0.93 0.01 0.00 0.00 0.00 0.00 0.00 0.00 0.92 0.25 0.00 0.00 0.00 0.00 0.00 
 0.00 0.00 0.00 0.00 0.02 0.83 0.31 0.00 0.00 0.00 0.00 0.00 0.19 0.98 0.25 0.00 0.00 0.00 0.00 0.00 
 0.00 0.00 0.00 0.00 0.00 0.18 0.80 0.09 0.00 0.00 0.00 0.07 0.36 0.92 0.31 0.00 0.00 0.00 0.00 0.00 
 0.00 0.00 0.00 0.00 0.00 0.00 0.15 0.59 0.40 0.26 0.33 0.31 0.00 0.92 0.92 0.64 0.00 0.00 0.00 0.00 
 