-1.00 -1.00 -1.00 -1.00 -1.00 -1.00 -1.00 -1.00 -1.00 -1.00 -1.00 -1.00 -1.00 -1.00 -0.40 1.00 0.65 -1.00 -1.00 -1.00 
 -1.00 -1.00 -1.00 -1.00 -1.00 -1.00 -1.00 -1.00 -1.00 -1.00 -1.00 -1.00 -1.00 -1.00 0.03 1.00 0.22 -1.00 -1.00 -1.00 
 -1.00 -1.00 -1.00 -1.00 -1.00 -1.00 -1.00 -1.00 -1.00 -1.00 -1.00 -1.00 -1.00 -1.00 0.46 1.00 -0.20 -1.00 -1.00 -1.00 
 -1.00 -1.00 -1.00 -1.00 -1.00 -1.00 -1.00 -1.00 -1.00 -1.00 -1.00 -1.00 -1.00 -0.98 0.87 1.00 -0.62 -1.00 -1.00 -1.00 
 -1.00 -1.00 -1.00 -1.00 -1.00 -1.00 -1.00 -1.00 -1.00 -1.00 -1.00 -1.00 -1.00 -0.68 1.00 0.91 -0.97 -1.00 -1.00 -1.00 
 -1.00 -1.00 -1.00 -1.00 -1.00 -1.00 -1.00 -1.00 -1.00 -1.00 -1.00 -1.00 -1.00 -0.25 1.00 0.52 -1.00 -1.00 -1.00 -1.00 
 -1.00 -1.00 -1.00 -1.00 -1.00 -1.00 -1.00 -1.00 -1.00 -1.00 -1.00 -1.00 -1.00 0.18 1.00 0.10 -1.00 -1.00 -1.00 -1.00 
 -1.00 -1.00 -1.00 -1.00 -1.00 -1.00 -1.00 -0.50 0.20 0.38 0.13 -0.53 -1.00 0.62 1.00 -0.33 -1.00 -1.00 -1.00 -1.00 
 -1.00 -1.00 -1.00 -1.00 -1.00 -0.95 0.26 1.00 1.00 1.00 1.00 1.00 0.31 0.97 1.00 -0.76 -1.00 -1.00 -1.00 -1.00 
 -1.00 -1.00 -1.00 -1.00 -0.98 0.34 1.00 0.91 -0.03 -0.70 -0.86 -0.29 0.91 1.00 0.81 -0.99 -1.00 -1.00 -1.00 -1.00 
 -1.00 -1.00 -1.00 -1.00 -0.19 1.00 0.84 -0.66 -1.00 -1.00 -1.00 -1.00 0.11 1.00 0.39 -1.00 -1.00 -1.00 -1.00 -1.00 
 -1.00 -1.00 -1.00 -0.92 0.83 1.00 -0.36 -1.00 -1.00 -1.00 -1.00 -1.00 0.41 1.00 -0.04 -1.00 -1.00 -1.00 -1.00 -1.00 
 -1.00 -1.00 -1.00 -0.29 1.00 0.65 -0.99 -1.00 -1.00 -1.00 -1.00 -0.99 0.84 1.00 -0.46 -1.00 -1.00 -1.00 -1.00 -1.00 
 -1.00 -1.00 -1.00 0.28 1.00 0.04 -1.00 -1.00 -1.00 -1.00 -1.00 -0.73 1.00 0.99 -0.87 -1.00 -1.00 -1.00 -1.00 -1.00 
 -1.00 -1.00 -1.00 0.64 1.00 -0.30 -1.00 -1.00 -1.00 -1.00 -1.00 -0.29 1.00 0.69 -1.00 -1.00 -1.00 -1.00 -1.00 -1.00 
 -1.00 -1.00 -1.00 0.77 1.00 -0.34 -1.00 -1.00 -1.00 -1.00 -1.00 0.13 1.00 0.25 -1.00 -1.00 -1.00 -1.00 -1.00 -1.00 
 -1.00 -1.00 -1.00 0.64 1.00 0.05 -1.00 -1.00 -1.00 -1.00 -0.95 0.69 1.00 -0.17 -1.00 -1.00 -1.00 -1.00 -1.00 -1.00 
 -1.00 -1.00 -1.00 0.18 1.00 0.89 -0.58 -1.00 -1.00 -0.80 0.44 1.00 1.00 -0.59 -1.00 -1.00 -1.00 -1.00 -1.00 -1.00 
 -1.00 -1.00 -1.00 -0.68 0.95 1.00 0.98 0.56 0.52 0.95 0.55 1.00 0.94 -0.95 -1.00 -1.00 -1.00 -1.00 -1.00 -1.00 
 -1.00 -1.00 -1.00 -1.00 -0.44 0.71 1.00 0.88 0.36 -0.52 -0.39 0.62 0.29 -1.00 -1.00 -1.00 -1.00 -1.00 -1.00 -1.00 
 