-1.00 -1.00 -1.00 -1.00 -1.00 -1.00 -1.00 -1.00 -1.00 -1.00 -1.00 -1.00 -1.00 -1.00 -1.00 -1.00 -0.72 1.00 0.68 -1.00 
 -1.00 -1.00 -1.00 -1.00 -1.00 -1.00 -1.00 -1.00 -1.00 -1.00 -1.00 -1.00 -1.00 -1.00 -1.00 -1.00 -0.35 1.00 0.31 -1.00 
 -1.00 -1.00 -1.00 -1.00 -1.00 -1.00 -1.00 -1.00 -1.00 -1.00 -1.00 -1.00 -1.00 -1.00 -1.00 -1.00 0.03 1.00 -0.06 -1.00 
 -1.00 -1.00 -1.00 -1.00 -1.00 -1.00 -1.00 -1.00 -1.00 -1.00 -1.00 -1.00 -1.00 -1.00 -1.00 -1.00 0.40 1.00 -0.44 -1.00 
 -1.00 -1.00 -1.00 -1.00 -1.00 -1.00 -1.00 -1.00 -0.91 -0.62 -0.54 -0.69 -0.98 -1.00 -1.00 -1.00 0.77 1.00 -0.80 -1.00 
 -1.00 -1.00 -1.00 -1.00 -1.00 -0.98 -0.33 0.49 0.97 1.00 1.00 1.00 0.85 0.02 -0.94 -0.85 1.00 0.83 -1.00 -1.00 
 -1.00 -1.00 -1.00 -1.00 -0.73 0.56 1.00 0.98 0.55 0.22 0.23 0.62 1.00 1.00 0.55 -0.40 1.00 0.46 -1.00 -1.00 
 -1.00 -1.00 -1.00 -0.61 0.85 1.00 0.27 -0.76 -1.00 -1.00 -1.00 -1.00 -0.55 0.73 1.00 0.84 1.00 0.09 -1.00 -1.00 
 -1.00 -1.00 -0.79 0.82 0.99 -0.21 -1.00 -1.00 -1.00 -1.00 -1.00 -1.00 -1.00 -0.77 0.85 1.00 1.00 -0.29 -1.00 -1.00 
 -1.00 -1.00 0.38 1.00 -0.02 -1.00 -1.00 -1.00 -1.00 -1.00 -1.00 -1.00 -1.00 -1.00 -0.04 1.00 1.00 -0.65 -1.00 -1.00 
 -1.00 -0.59 1.00 0.70 -0.96 -1.00 -1.00 -1.00 -1.00 -1.00 -1.00 -1.00 -1.00 -1.00 -0.58 1.00 0.94 -0.96 -1.00 -1.00 
 -1.00 0.14 1.00 -0.11 -1.00 -1.00 -1.00 -1.00 -1.00 -1.00 -1.00 -1.00 -1.00 -1.00 -0.67 1.00 0.61 -1.00 -1.00 -1.00 
 -1.00 0.60 1.00 -0.58 -1.00 -1.00 -1.00 -1.00 -1.00 -1.00 -1.00 -1.00 -1.00 -1.00 -0.41 1.00 0.23 -1.00 -1.00 -1.00 
 -1.00 0.82 1.00 -0.72 -1.00 -1.00 -1.00 -1.00 -1.00 -1.00 -1.00 -1.00 -1.00 -1.00 0.18 1.00 -0.14 -1.00 -1.00 -1.00 
 -1.00 0.78 1.00 -0.50 -1.00 -1.00 -1.00 -1.00 -1.00 -1.00 -1.00 -1.00 -1.00 -0.78 0.92 1.00 -0.51 -1.00 -1.00 -1.00 
 -1.00 0.44 1.00 0.13 -1.00 -1.00 -1.00 -1.00 -1.00 -1.00 -1.00 -1.00 -0.96 0.47 1.00 1.00 -0.87 -1.00 -1.00 -1.00 
 -1.00 -0.29 1.00 0.95 -0.58 -1.00 -1.00 -1.00 -1.00 -1.00 -1.00 -0.91 0.35 1.00 1.00 0.75 -1.00 -1.00 -1.00 -1.00 
 -1.00 -0.98 0.50 1.00 0.89 -0.18 -0.92 -1.00 -1.00 -0.94 -0.30 0.72 0.98 0.34 1.00 0.38 -1.00 -1.00 -1.00 -1.00 
 -1.00 -1.00 -0.87 0.47 1.00 1.00 0.94 0.65 0.65 0.93 1.00 0.87 -0.36 -0.04 1.00 0.01 -1.00 -1.00 -1.00 -1.00 
 -1.00 -1.00 -1.00 -0.98 -0.33 0.44 0.87 1.00 0.96 0.66 0.05 -0.82 -1.00 -0.15 0.35 -0.53 -1.00 -1.00 -1.00 -1.00 
 