-1.00 -1.00 -1.00 -1.00 -1.00 -1.00 -1.00 -1.00 -1.00 -1.00 -0.49 0.98 1.00 1.00 -0.15 -1.00 -1.00 -1.00 -1.00 -1.00 
 -1.00 -1.00 -1.00 -1.00 -1.00 -1.00 -1.00 -1.00 -1.00 -1.00 -0.83 -0.03 0.05 1.00 0.01 -1.00 -1.00 -1.00 -1.00 -1.00 
 -1.00 -1.00 -1.00 -1.00 -1.00 -1.00 -1.00 -1.00 -1.00 -1.00 -1.00 -1.00 -0.88 1.00 0.01 -1.00 -1.00 -1.00 -1.00 -1.00 
 -1.00 -1.00 -1.00 -1.00 -1.00 -1.00 -1.00 -1.00 -1.00 -1.00 -1.00 -1.00 -0.88 1.00 0.01 -1.00 -1.00 -1.00 -1.00 -1.00 
 -1.00 -1.00 -1.00 -1.00 -1.00 -1.00 -1.00 -1.00 -1.00 -1.00 -1.00 -1.00 -0.88 1.00 0.01 -1.00 -1.00 -1.00 -1.00 -1.00 
 -1.00 -1.00 -1.00 -1.00 -1.00 -1.00 -1.00 -0.68 -0.29 -0.36 -0.84 -1.00 -0.88 1.00 0.01 -1.00 -1.00 -1.00 -1.00 -1.00 
 -1.00 -1.00 -1.00 -1.00 -1.00 -0.82 0.42 1.00 1.00 1.00 0.95 0.05 -0.85 1.00 0.01 -1.00 -1.00 -1.00 -1.00 -1.00 
 -1.00 -1.00 -1.00 -1.00 -0.86 0.70 1.00 0.25 -0.54 -0.73 -0.29 0.73 0.32 1.00 0.01 -1.00 -1.00 -1.00 -1.00 -1.00 
 -1.00 -1.00 -1.00 -1.00 0.26 1.00 -0.18 -1.00 -1.00 -1.00 -1.00 -0.83 0.76 1.00 0.01 -1.00 -1.00 -1.00 -1.00 -1.00 
 -1.00 -1.00 -1.00 -0.73 0.98 0.35 -1.00 -1.00 -1.00 -1.00 -1.00 -1.00 -0.32 1.00 0.01 -1.00 -1.00 -1.00 -1.00 -1.00 
 -1.00 -1.00 -1.00 -0.09 1.00 -0.57 -1.00 -1.00 -1.00 -1.00 -1.00 -1.00 -0.87 1.00 0.01 -1.00 -1.00 -1.00 -1.00 -1.00 
 -1.00 -1.00 -1.00 0.31 0.89 -0.98 -1.00 -1.00 -1.00 -1.00 -1.00 -1.00 -0.88 1.00 0.01 -1.00 -1.00 -1.00 -1.00 -1.00 
 -1.00 -1.00 -1.00 0.49 0.67 -1.00 -1.00 -1.00 -1.00 -1.00 -1.00 -1.00 -0.88 1.00 0.01 -1.00 -1.00 -1.00 -1.00 -1.00 
 -1.00 -1.00 -1.00 0.46 0.71 -1.00 -1.00 -1.00 -1.00 -1.00 -1.00 -1.00 -0.88 1.00 0.01 -1.00 -1.00 -1.00 -1.00 -1.00 
 -1.00 -1.00 -1.00 0.22 0.95 -0.94 -1.00 -1.00 -1.00 -1.00 -1.00 -1.00 -0.87 1.00 0.01 -1.00 -1.00 -1.00 -1.00 -1.00 
 -1.00 -1.00 -1.00 -0.25 1.00 -0.37 -1.00 -1.00 -1.00 -1.00 -1.00 -1.00 -0.43 1.00 0.01 -1.00 -1.00 -1.00 -1.00 -1.00 
 -1.00 -1.00 -1.00 -0.87 0.91 0.60 -0.96 -1.00 -1.00 -1.00 -1.00 -0.98 0.51 1.00 0.01 -1.00 -1.00 -1.00 -1.00 -1.00 
 -1.00 -1.00 -1.00 -1.00 -0.04 1.00 0.24 -0.95 -1.00 -1.00 -0.98 0.10 0.71 1.00 0.01 -1.00 -1.00 -1.00 -1.00 -1.00 
 -1.00 -1.00 -1.00 -1.00 -0.97 0.39 1.00 0.69 0.04 0.02 0.62 0.79 -0.60 1.00 0.68 0.34 -0.11 -1.00 -1.00 -1.00 
 -1.00 -1.00 -1.00 -1.00 -1.00 -0.97 -0.08 0.76 1.00 0.86 0.21 -0.81 -0.95 0.51 0.62 0.62 0.11 -1.00 -1.00 -1.00 
 