0.00 0.00 0.00 0.00 0.00 0.00 0.00 0.00 0.00 0.00 0.25 0.99 1.00 1.00 0.42 0.00 0.00 0.00 0.00 0.00 
 0.00 0.00 0.00 0.00 0.00 0.00 0.00 0.00 0.00 0.00 0.09 0.49 0.53 1.00 0.51 0.00 0.00 0.00 0.00 0.00 
 0.00 0.00 0.00 0.00 0.00 0.00 0.00 0.00 0.00 0.00 0.00 0.00 0.06 1.00 0.51 0.00 0.00 0.00 0.00 0.00 
 0.00 0.00 0.00 0.00 0.00 0.00 0.00 0.00 0.00 0.00 0.00 0.00 0.06 1.00 0.51 0.00 0.00 0.00 0.00 0.00 
 0.00 0.00 0.00 0.00 0.00 0.00 0.00 0.00 0.00 0.00 0.00 0.00 0.06 1.00 0.51 0.00 0.00 0.00 0.00 0.00 
 0.00 0.00 0.00 0.00 0.00 0.00 0.00 0.16 0.36 0.32 0.08 0.00 0.06 1.00 0.51 0.00 0.00 0.00 0.00 0.00 
 0.00 0.00 0.00 0.00 0.00 0.09 0.71 1.00 1.00 1.00 0.98 0.53 0.07 1.00 0.51 0.00 0.00 0.00 0.00 0.00 
 0.00 0.00 0.00 0.00 0.07 0.85 1.00 0.63 0.23 0.14 0.35 0.87 0.66 1.00 0.51 0.00 0.00 0.00 0.00 0.00 
 0.00 0.00 0.00 0.00 0.63 1.00 0.41 0.00 0.00 0.00 0.00 0.09 0.88 1.00 0.51 0.00 0.00 0.00 0.00 0.00 
 0.00 0.00 0.00 0.13 0.99 0.67 0.00 0.00 0.00 0.00 0.00 0.00 0.34 1.00 0.51 0.00 0.00 0.00 0.00 0.00 
 0.00 0.00 0.00 0.45 1.00 0.22 0.00 0.00 0.00 0.00 0.00 0.00 0.07 1.00 0.51 0.00 0.00 0.00 0.00 0.00 
 0.00 0.00 0.00 0.65 0.95 0.01 0.00 0.00 0.00 0.00 0.00 0.00 0.06 1.00 0.51 0.00 0.00 0.00 0.00 0.00 
 0.00 0.00 0.00 0.75 0.84 0.00 0.00 0.00 0.00 0.00 0.00 0.00 0.06 1.00 0.51 0.00 0.00 0.00 0.00 0.00 
 0.00 0.00 0.00 0.73 0.85 0.00 0.00 0.00 0.00 0.00 0.00 0.00 0.06 1.00 0.51 0.00 0.00 0.00 0.00 0.00 
 0.00 0.00 0.00 0.61 0.98 0.03 0.00 0.00 0.00 0.00 0.00 0.00 0.07 1.00 0.51 0.00 0.00 0.00 0.00 0.00 
 0.00 0.00 0.00 0.38 1.00 0.31 0.00 0.00 0.00 0.00 0.00 0.00 0.29 1.00 0.51 0.00 0.00 0.00 0.00 0.00 
 0.00 0.00 0.00 0.07 0.95 0.80 0.02 0.00 0.00 0.00 0.00 0.01 0.76 1.00 0.51 0.00 0.00 0.00 0.00 0.00 
 0.00 0.00 0.00 0.00 0.48 1.00 0.62 0.02 0.00 0.00 0.01 0.55 0.85 1.00 0.51 0.00 0.00 0.00 0.00 0.00 
 0.00 0.00 0.00 0.00 0.02 0.69 1.00 0.85 0.52 0.51 0.81 0.89 0.20 1.00 0.84 0.67 0.44 0.00 0.00 0.00 
 0.00 0.00 0.00 0.00 0.00 0.02 0.46 0.88 1.00 0.93 0.60 0.09 0.02 0.76 0.81 0.81 0.55 0.00 0.00 0.00 
 