0.00 0.00 0.00 0.00 0.00 0.00 0.00 0.00 0.00 0.00 0.00 0.00 0.00 0.00 0.38 0.99 0.83 0.00 0.00 0.00 
 0.00 0.00 0.00 0.00 0.00 0.00 0.00 0.00 0.00 0.00 0.00 0.00 0.00 0.00 0.45 1.00 0.89 0.00 0.00 0.00 
 0.00 0.00 0.00 0.00 0.00 0.00 0.00 0.00 0.00 0.00 0.00 0.00 0.00 0.00 0.45 1.00 0.89 0.00 0.00 0.00 
 0.00 0.00 0.00 0.00 0.00 0.00 0.00 0.00 0.00 0.00 0.00 0.00 0.00 0.00 0.45 1.00 0.89 0.00 0.00 0.00 
 0.00 0.00 0.00 0.00 0.00 0.00 0.00 0.00 0.00 0.00 0.00 0.00 0.00 0.00 0.45 1.00 0.89 0.00 0.00 0.00 
 0.00 0.00 0.00 0.00 0.00 0.00 0.00 0.00 0.00 0.00 0.00 0.00 0.00 0.00 0.45 1.00 0.89 0.00 0.00 0.00 
 0.00 0.00 0.00 0.00 0.00 0.00 0.00 0.06 0.37 0.56 0.61 0.48 0.15 0.00 0.45 1.00 0.89 0.00 0.00 0.00 
 0.00 0.00 0.00 0.00 0.00 0.00 0.21 0.88 1.00 1.00 1.00 1.00 0.96 0.47 0.46 1.00 0.89 0.00 0.00 0.00 
 0.00 0.00 0.00 0.00 0.00 0.15 0.93 1.00 0.99 0.73 0.56 0.69 0.96 1.00 0.88 1.00 0.89 0.00 0.00 0.00 
 0.00 0.00 0.00 0.00 0.00 0.64 1.00 0.99 0.37 0.00 0.00 0.00 0.20 0.87 1.00 1.00 0.89 0.00 0.00 0.00 
 0.00 0.00 0.00 0.00 0.10 0.98 1.00 0.69 0.00 0.00 0.00 0.00 0.00 0.14 0.88 1.00 0.89 0.00 0.00 0.00 
 0.00 0.00 0.00 0.00 0.31 1.00 1.00 0.33 0.00 0.00 0.00 0.00 0.00 0.00 0.46 1.00 0.89 0.00 0.00 0.00 
 0.00 0.00 0.00 0.00 0.46 1.00 1.00 0.15 0.00 0.00 0.00 0.00 0.00 0.00 0.45 1.00 0.89 0.00 0.00 0.00 
 0.00 0.00 0.00 0.00 0.56 1.00 1.00 0.11 0.00 0.00 0.00 0.00 0.00 0.00 0.45 1.00 0.89 0.00 0.00 0.00 
 0.00 0.00 0.00 0.00 0.56 1.00 1.00 0.11 0.00 0.00 0.00 0.00 0.00 0.00 0.45 1.00 0.89 0.00 0.00 0.00 
 0.00 0.00 0.00 0.00 0.46 1.00 1.00 0.16 0.00 0.00 0.00 0.00 0.00 0.00 0.45 1.00 0.89 0.00 0.00 0.00 
 0.00 0.00 0.00 0.00 0.32 1.00 1.00 0.38 0.00 0.00 0.00 0.00 0.00 0.00 0.55 1.00 0.89 0.00 0.00 0.00 
 0.00 0.00 0.00 0.00 0.13 0.99 1.00 0.76 0.02 0.00 0.00 0.00 0.00 0.32 0.99 1.00 0.89 0.00 0.00 0.00 
 0.00 0.00 0.00 0.00 0.00 0.69 1.00 1.00 0.48 0.04 0.00 0.04 0.45 0.99 0.99 1.00 0.89 0.00 0.00 0.00 
 0.00 0.00 0.00 0.00 0.00 0.16 0.93 1.00 1.00 0.89 0.78 0.90 1.00 0.95 0.48 1.00 0.89 0.00 0.00 0.00 
 