0.00 0.00 0.00 0.00 0.00 0.00 0.00 0.00 0.00 0.00 0.00 0.00 0.00 0.00 0.15 0.48 0.62 0.00 0.00 0.00 
 0.00 0.00 0.00 0.00 0.00 0.00 0.00 0.00 0.00 0.00 0.00 0.06 0.36 0.73 0.99 1.00 0.25 0.00 0.00 0.00 
 0.00 0.00 0.00 0.00 0.00 0.00 0.00 0.00 0.00 0.00 0.00 0.35 0.61 0.78 1.00 1.00 0.22 0.00 0.00 0.00 
 0.00 0.00 0.00 0.00 0.00 0.00 0.00 0.00 0.00 0.00 0.00 0.00 0.00 0.15 1.00 1.00 0.22 0.00 0.00 0.00 
 0.00 0.00 0.00 0.00 0.00 0.00 0.00 0.00 0.00 0.00 0.00 0.00 0.00 0.11 1.00 1.00 0.22 0.00 0.00 0.00 
 0.00 0.00 0.00 0.00 0.00 0.00 0.00 0.00 0.00 0.00 0.00 0.00 0.00 0.11 1.00 1.00 0.22 0.00 0.00 0.00 
 0.00 0.00 0.00 0.00 0.00 0.00 0.00 0.00 0.00 0.00 0.00 0.00 0.00 0.11 1.00 1.00 0.22 0.00 0.00 0.00 
 0.00 0.00 0.00 0.00 0.00 0.00 0.00 0.06 0.42 0.74 0.89 0.82 0.58 0.33 1.00 1.00 0.22 0.00 0.00 0.00 
 0.00 0.00 0.00 0.00 0.00 0.00 0.19 0.80 0.52 0.25 0.27 0.53 0.90 1.00 1.00 1.00 0.22 0.00 0.00 0.00 
 0.00 0.00 0.00 0.00 0.00 0.18 0.88 0.26 0.00 0.00 0.00 0.00 0.07 0.64 1.00 1.00 0.22 0.00 0.00 0.00 
 0.00 0.00 0.00 0.00 0.06 0.85 0.58 0.00 0.00 0.00 0.00 0.00 0.00 0.09 0.98 1.00 0.22 0.00 0.00 0.00 
 0.00 0.00 0.00 0.00 0.55 0.96 0.13 0.00 0.00 0.00 0.00 0.00 0.00 0.00 0.89 1.00 0.22 0.00 0.00 0.00 
 0.00 0.00 0.00 0.10 0.96 0.82 0.00 0.00 0.00 0.00 0.00 0.00 0.00 0.03 0.91 1.00 0.22 0.00 0.00 0.00 
 0.00 0.00 0.00 0.41 1.00 0.63 0.00 0.00 0.00 0.00 0.00 0.00 0.00 0.11 1.00 1.00 0.22 0.00 0.00 0.00 
 0.00 0.00 0.00 0.65 1.00 0.56 0.00 0.00 0.00 0.00 0.00 0.00 0.00 0.27 1.00 1.00 0.22 0.00 0.00 0.00 
 0.00 0.00 0.00 0.78 1.00 0.60 0.00 0.00 0.00 0.00 0.00 0.00 0.00 0.61 1.00 1.00 0.22 0.00 0.00 0.00 
 0.00 0.00 0.00 0.77 1.00 0.77 0.00 0.00 0.00 0.00 0.00 0.00 0.11 0.94 1.00 1.00 0.22 0.00 0.00 0.00 
 0.00 0.00 0.00 0.63 1.00 0.95 0.11 0.00 0.00 0.00 0.00 0.00 0.56 0.58 1.00 1.00 0.22 0.00 0.00 0.00 
 0.00 0.00 0.00 0.36 1.00 1.00 0.62 0.00 0.00 0.00 0.00 0.31 0.63 0.11 1.00 1.00 0.22 0.00 0.00 0.00 
 0.00 0.00 0.00 0.05 0.89 1.00 0.99 0.60 0.18 0.16 0.51 0.74 0.04 0.11 1.00 1.00 0.53 0.14 0.19 0.00 
 