0.00 0.00 0.00 0.00 0.00 0.00 0.00 0.00 0.00 0.00 0.00 0.00 0.00 0.30 1.00 0.80 0.00 0.00 0.00 0.00 
 0.00 0.00 0.00 0.00 0.00 0.00 0.00 0.00 0.00 0.00 0.00 0.00 0.00 0.30 1.00 0.80 0.00 0.00 0.00 0.00 
 0.00 0.00 0.00 0.00 0.00 0.00 0.00 0.00 0.00 0.00 0.00 0.00 0.00 0.30 1.00 0.80 0.00 0.00 0.00 0.00 
 0.00 0.00 0.00 0.00 0.00 0.00 0.00 0.00 0.00 0.00 0.00 0.00 0.00 0.30 1.00 0.80 0.00 0.00 0.00 0.00 
 0.00 0.00 0.00 0.00 0.00 0.00 0.00 0.00 0.00 0.00 0.00 0.00 0.00 0.30 1.00 0.80 0.00 0.00 0.00 0.00 
 0.00 0.00 0.00 0.00 0.00 0.00 0.00 0.00 0.00 0.00 0.00 0.00 0.00 0.30 1.00 0.80 0.00 0.00 0.00 0.00 
 0.00 0.00 0.00 0.00 0.00 0.00 0.00 0.05 0.31 0.49 0.49 0.32 0.04 0.30 1.00 0.80 0.00 0.00 0.00 0.00 
 0.00 0.00 0.00 0.00 0.00 0.00 0.26 0.87 1.00 1.00 1.00 1.00 0.86 0.51 1.00 0.80 0.00 0.00 0.00 0.00 
 0.00 0.00 0.00 0.00 0.00 0.25 0.97 1.00 0.76 0.40 0.30 0.46 0.83 1.00 1.00 0.80 0.00 0.00 0.00 0.00 
 0.00 0.00 0.00 0.00 0.03 0.84 1.00 0.66 0.01 0.00 0.00 0.00 0.03 0.61 1.00 0.80 0.00 0.00 0.00 0.00 
 0.00 0.00 0.00 0.00 0.27 1.00 0.94 0.09 0.00 0.00 0.00 0.00 0.00 0.30 1.00 0.80 0.00 0.00 0.00 0.00 
 0.00 0.00 0.00 0.00 0.53 1.00 0.71 0.00 0.00 0.00 0.00 0.00 0.00 0.30 1.00 0.80 0.00 0.00 0.00 0.00 
 0.00 0.00 0.00 0.00 0.67 1.00 0.55 0.00 0.00 0.00 0.00 0.00 0.00 0.30 1.00 0.80 0.00 0.00 0.00 0.00 
 0.00 0.00 0.00 0.00 0.70 1.00 0.50 0.00 0.00 0.00 0.00 0.00 0.00 0.30 1.00 0.80 0.00 0.00 0.00 0.00 
 0.00 0.00 0.00 0.00 0.66 1.00 0.58 0.00 0.00 0.00 0.00 0.00 0.00 0.30 1.00 0.80 0.00 0.00 0.00 0.00 
 0.00 0.00 0.00 0.00 0.51 1.00 0.78 0.00 0.00 0.00 0.00 0.00 0.00 0.30 1.00 0.80 0.00 0.00 0.00 0.00 
 0.00 0.00 0.00 0.00 0.24 1.00 0.97 0.18 0.00 0.00 0.00 0.00 0.00 0.39 1.00 0.80 0.00 0.00 0.00 0.00 
 0.00 0.00 0.00 0.00 0.01 0.73 1.00 0.84 0.15 0.00 0.00 0.02 0.34 0.94 1.00 0.80 0.00 0.00 0.00 0.00 
 0.00 0.00 0.00 0.00 0.00 0.14 0.88 1.00 0.97 0.74 0.70 0.85 1.00 0.72 1.00 0.80 0.00 0.00 0.00 0.00 
 0.00 0.00 0.00 0.00 0.00 0.00 0.10 0.60 0.94 1.00 1.00 0.92 0.46 0.04 0.73 0.64 0.00 0.00 0.00 0.00 
 