0.00 0.00 0.00 0.00 0.00 0.00 0.00 0.00 0.00 0.00 0.00 0.00 0.00 0.00 0.78 1.00 0.67 0.00 0.00 0.00 
 0.00 0.00 0.00 0.00 0.00 0.00 0.00 0.00 0.00 0.00 0.00 0.00 0.00 0.00 0.78 1.00 0.67 0.00 0.00 0.00 
 0.00 0.00 0.00 0.00 0.00 0.00 0.00 0.00 0.00 0.00 0.00 0.00 0.00 0.00 0.78 1.00 0.67 0.00 0.00 0.00 
 0.00 0.00 0.00 0.00 0.00 0.00 0.00 0.00 0.00 0.00 0.00 0.00 0.00 0.00 0.78 1.00 0.67 0.00 0.00 0.00 
 0.00 0.00 0.00 0.00 0.00 0.00 0.00 0.00 0.00 0.00 0.00 0.00 0.00 0.00 0.78 1.00 0.67 0.00 0.00 0.00 
 0.00 0.00 0.00 0.00 0.00 0.00 0.00 0.00 0.00 0.00 0.00 0.00 0.00 0.00 0.78 1.00 0.67 0.00 0.00 0.00 
 0.00 0.00 0.00 0.00 0.00 0.00 0.00 0.00 0.03 0.11 0.11 0.07 0.00 0.00 0.78 1.00 0.67 0.00 0.00 0.00 
 0.00 0.00 0.00 0.00 0.00 0.00 0.03 0.41 0.85 1.00 1.00 0.95 0.60 0.07 0.78 1.00 0.67 0.00 0.00 0.00 
 0.00 0.00 0.00 0.00 0.00 0.04 0.65 1.00 1.00 1.00 0.98 1.00 1.00 0.79 0.82 1.00 0.67 0.00 0.00 0.00 
 0.00 0.00 0.00 0.00 0.00 0.48 1.00 1.00 0.78 0.26 0.09 0.18 0.65 1.00 1.00 1.00 0.67 0.00 0.00 0.00 
 0.00 0.00 0.00 0.00 0.09 0.95 1.00 0.88 0.06 0.00 0.00 0.00 0.03 0.69 1.00 1.00 0.67 0.00 0.00 0.00 
 0.00 0.00 0.00 0.00 0.31 1.00 1.00 0.48 0.00 0.00 0.00 0.00 0.00 0.19 1.00 1.00 0.67 0.00 0.00 0.00 
 0.00 0.00 0.00 0.00 0.48 1.00 1.00 0.24 0.00 0.00 0.00 0.00 0.00 0.02 0.87 1.00 0.67 0.00 0.00 0.00 
 0.00 0.00 0.00 0.00 0.56 1.00 1.00 0.11 0.00 0.00 0.00 0.00 0.00 0.00 0.78 1.00 0.67 0.00 0.00 0.00 
 0.00 0.00 0.00 0.00 0.56 1.00 1.00 0.11 0.00 0.00 0.00 0.00 0.00 0.00 0.78 1.00 0.67 0.00 0.00 0.00 
 0.00 0.00 0.00 0.00 0.49 1.00 1.00 0.21 0.00 0.00 0.00 0.00 0.00 0.02 0.87 1.00 0.67 0.00 0.00 0.00 
 0.00 0.00 0.00 0.00 0.32 1.00 1.00 0.46 0.00 0.00 0.00 0.00 0.00 0.19 1.00 1.00 0.67 0.00 0.00 0.00 
 0.00 0.00 0.00 0.00 0.09 0.95 1.00 0.88 0.09 0.00 0.00 0.00 0.04 0.71 1.00 1.00 0.67 0.00 0.00 0.00 
 0.00 0.00 0.00 0.00 0.00 0.49 1.00 1.00 0.82 0.30 0.11 0.22 0.71 1.00 1.00 1.00 0.67 0.00 0.00 0.00 
 0.00 0.00 0.00 0.00 0.00 0.03 0.65 1.00 1.00 1.00 1.00 1.00 1.00 0.80 0.83 1.00 0.67 0.00 0.00 0.00 
 