0.00 0.00 0.00 0.00 0.00 0.00 0.00 0.00 0.00 0.07 0.92 0.93 0.90 0.98 0.45 0.00 0.00 0.00 0.00 0.00 
 0.00 0.00 0.00 0.00 0.00 0.00 0.00 0.00 0.00 0.00 0.10 0.49 0.99 1.00 0.60 0.00 0.00 0.00 0.00 0.00 
 0.00 0.00 0.00 0.00 0.00 0.00 0.00 0.00 0.00 0.00 0.00 0.00 0.71 1.00 0.60 0.00 0.00 0.00 0.00 0.00 
 0.00 0.00 0.00 0.00 0.00 0.00 0.00 0.00 0.00 0.00 0.00 0.00 0.60 1.00 0.60 0.00 0.00 0.00 0.00 0.00 
 0.00 0.00 0.00 0.00 0.00 0.00 0.00 0.00 0.00 0.00 0.00 0.00 0.60 1.00 0.60 0.00 0.00 0.00 0.00 0.00 
 0.00 0.00 0.00 0.00 0.00 0.00 0.00 0.00 0.00 0.00 0.00 0.00 0.60 1.00 0.60 0.00 0.00 0.00 0.00 0.00 
 0.00 0.00 0.00 0.00 0.00 0.00 0.00 0.00 0.00 0.00 0.00 0.00 0.60 1.00 0.60 0.00 0.00 0.00 0.00 0.00 
 0.00 0.00 0.00 0.00 0.00 0.00 0.00 0.00 0.00 0.00 0.00 0.00 0.60 1.00 0.60 0.00 0.00 0.00 0.00 0.00 
 0.00 0.00 0.00 0.00 0.00 0.00 0.00 0.00 0.00 0.00 0.00 0.00 0.60 1.00 0.60 0.00 0.00 0.00 0.00 0.00 
 0.00 0.00 0.00 0.00 0.00 0.00 0.00 0.04 0.10 0.09 0.00 0.00 0.60 1.00 0.60 0.00 0.00 0.00 0.00 0.00 
 0.00 0.00 0.00 0.00 0.00 0.08 0.55 0.92 1.00 0.99 0.73 0.18 0.60 1.00 0.60 0.00 0.00 0.00 0.00 0.00 
 0.00 0.00 0.00 0.00 0.12 0.85 0.99 0.58 0.16 0.16 0.51 0.50 0.60 1.00 0.60 0.00 0.00 0.00 0.00 0.00 
 0.00 0.00 0.00 0.02 0.78 1.00 0.56 0.00 0.00 0.00 0.00 0.00 0.60 1.00 0.60 0.00 0.00 0.00 0.00 0.00 
 0.00 0.00 0.00 0.25 1.00 0.95 0.07 0.00 0.00 0.00 0.00 0.00 0.60 1.00 0.60 0.00 0.00 0.00 0.00 0.00 
 0.00 0.00 0.00 0.46 1.00 0.83 0.00 0.00 0.00 0.00 0.00 0.00 0.60 1.00 0.60 0.00 0.00 0.00 0.00 0.00 
 0.00 0.00 0.00 0.49 1.00 0.83 0.00 0.00 0.00 0.00 0.00 0.00 0.60 1.00 0.60 0.00 0.00 0.00 0.00 0.00 
 0.00 0.00 0.00 0.30 1.00 0.95 0.08 0.00 0.00 0.00 0.00 0.00 0.68 1.00 0.61 0.00 0.00 0.00 0.00 0.00 
 0.00 0.00 0.00 0.04 0.85 1.00 0.52 0.00 0.00 0.00 0.00 0.06 0.90 1.00 0.81 0.02 0.00 0.00 0.00 0.00 
 0.00 0.00 0.00 0.00 0.20 0.93 0.97 0.35 0.04 0.05 0.24 0.76 1.00 1.00 1.00 0.73 0.26 0.00 0.00 0.00 
 0.00 0.00 0.00 0.00 0.00 0.16 0.75 1.00 0.94 0.95 0.91 0.49 0.34 0.64 0.50 0.59 0.50 0.00 0.00 0.00 
 