0.00 0.00 0.00 0.00 0.00 0.00 0.00 0.00 0.00 0.00 0.00 0.00 0.00 0.49 0.94 0.29 0.00 0.00 0.00 0.00 
 0.00 0.00 0.00 0.00 0.00 0.00 0.00 0.00 0.00 0.00 0.00 0.00 0.00 0.76 1.00 0.22 0.00 0.00 0.00 0.00 
 0.00 0.00 0.00 0.00 0.00 0.00 0.00 0.00 0.00 0.00 0.00 0.00 0.00 0.85 0.98 0.09 0.00 0.00 0.00 0.00 
 0.00 0.00 0.00 0.00 0.00 0.00 0.00 0.00 0.00 0.00 0.00 0.00 0.03 0.91 0.89 0.00 0.00 0.00 0.00 0.00 
 0.00 0.00 0.00 0.00 0.00 0.00 0.00 0.00 0.00 0.00 0.00 0.00 0.11 1.00 0.84 0.00 0.00 0.00 0.00 0.00 
 0.00 0.00 0.00 0.00 0.00 0.00 0.00 0.00 0.00 0.00 0.00 0.00 0.11 1.00 0.73 0.00 0.00 0.00 0.00 0.00 
 0.00 0.00 0.00 0.00 0.00 0.00 0.00 0.00 0.00 0.00 0.00 0.00 0.11 1.00 0.62 0.00 0.00 0.00 0.00 0.00 
 0.00 0.00 0.00 0.00 0.00 0.00 0.00 0.00 0.00 0.00 0.00 0.00 0.13 1.00 0.51 0.00 0.00 0.00 0.00 0.00 
 0.00 0.00 0.00 0.00 0.00 0.00 0.00 0.00 0.00 0.00 0.00 0.00 0.22 1.00 0.41 0.00 0.00 0.00 0.00 0.00 
 0.00 0.00 0.00 0.00 0.00 0.00 0.00 0.00 0.06 0.25 0.32 0.18 0.25 1.00 0.32 0.00 0.00 0.00 0.00 0.00 
 0.00 0.00 0.00 0.00 0.00 0.00 0.02 0.42 0.88 0.67 0.55 0.61 0.78 1.00 0.22 0.00 0.00 0.00 0.00 0.00 
 0.00 0.00 0.00 0.00 0.00 0.02 0.56 0.87 0.18 0.00 0.00 0.00 0.38 1.00 0.18 0.00 0.00 0.00 0.00 0.00 
 0.00 0.00 0.00 0.00 0.00 0.35 0.98 0.24 0.00 0.00 0.00 0.00 0.61 1.00 0.11 0.00 0.00 0.00 0.00 0.00 
 0.00 0.00 0.00 0.00 0.04 0.85 0.72 0.00 0.00 0.00 0.00 0.04 0.89 0.98 0.09 0.00 0.00 0.00 0.00 0.00 
 0.00 0.00 0.00 0.00 0.26 1.00 0.41 0.00 0.00 0.00 0.00 0.29 0.90 0.89 0.00 0.00 0.00 0.00 0.00 0.00 
 0.00 0.00 0.00 0.00 0.51 1.00 0.24 0.00 0.00 0.00 0.02 0.64 0.63 0.89 0.00 0.00 0.00 0.00 0.00 0.00 
 0.00 0.00 0.00 0.00 0.64 1.00 0.22 0.00 0.00 0.00 0.27 0.58 0.64 0.89 0.00 0.00 0.00 0.00 0.00 0.00 
 0.00 0.00 0.00 0.00 0.64 1.00 0.31 0.00 0.00 0.07 0.77 0.10 0.67 0.90 0.02 0.00 0.00 0.00 0.00 0.00 
 0.00 0.00 0.00 0.00 0.48 1.00 0.64 0.00 0.10 0.73 0.38 0.00 0.63 1.00 0.13 0.00 0.00 0.00 0.00 0.00 
 0.00 0.00 0.00 0.00 0.21 1.00 0.99 0.78 0.93 0.61 0.00 0.00 0.53 1.00 0.52 0.35 0.37 0.00 0.00 0.00 
 