0.00 0.00 0.00 0.00 0.00 0.00 0.00 0.00 0.00 0.00 0.00 0.00 0.05 0.56 0.83 0.25 0.00 0.00 0.00 0.00 
 0.00 0.00 0.00 0.00 0.00 0.00 0.00 0.00 0.00 0.00 0.00 0.00 0.13 1.00 1.00 0.25 0.00 0.00 0.00 0.00 
 0.00 0.00 0.00 0.00 0.00 0.00 0.00 0.00 0.00 0.00 0.00 0.00 0.13 1.00 1.00 0.25 0.00 0.00 0.00 0.00 
 0.00 0.00 0.00 0.00 0.00 0.00 0.00 0.00 0.00 0.00 0.00 0.00 0.13 1.00 1.00 0.25 0.00 0.00 0.00 0.00 
 0.00 0.00 0.00 0.00 0.00 0.00 0.00 0.00 0.00 0.00 0.00 0.00 0.13 1.00 1.00 0.25 0.00 0.00 0.00 0.00 
 0.00 0.00 0.00 0.00 0.00 0.00 0.00 0.00 0.00 0.00 0.00 0.00 0.13 1.00 1.00 0.25 0.00 0.00 0.00 0.00 
 0.00 0.00 0.00 0.00 0.00 0.00 0.00 0.00 0.00 0.00 0.00 0.00 0.13 1.00 1.00 0.25 0.00 0.00 0.00 0.00 
 0.00 0.00 0.00 0.00 0.00 0.00 0.00 0.00 0.06 0.17 0.25 0.22 0.24 1.00 1.00 0.25 0.00 0.00 0.00 0.00 
 0.00 0.00 0.00 0.00 0.00 0.00 0.05 0.49 0.93 0.99 0.88 0.88 0.99 1.00 1.00 0.25 0.00 0.00 0.00 0.00 
 0.00 0.00 0.00 0.00 0.00 0.03 0.67 0.99 0.53 0.14 0.00 0.00 0.22 1.00 1.00 0.25 0.00 0.00 0.00 0.00 
 0.00 0.00 0.00 0.00 0.00 0.44 1.00 0.78 0.00 0.00 0.00 0.00 0.13 1.00 1.00 0.25 0.00 0.00 0.00 0.00 
 0.00 0.00 0.00 0.00 0.03 0.86 1.00 0.50 0.00 0.00 0.00 0.00 0.13 1.00 1.00 0.25 0.00 0.00 0.00 0.00 
 0.00 0.00 0.00 0.00 0.14 1.00 1.00 0.33 0.00 0.00 0.00 0.00 0.13 1.00 1.00 0.25 0.00 0.00 0.00 0.00 
 0.00 0.00 0.00 0.00 0.25 1.00 1.00 0.25 0.00 0.00 0.00 0.00 0.13 1.00 1.00 0.25 0.00 0.00 0.00 0.00 
 0.00 0.00 0.00 0.00 0.25 1.00 1.00 0.25 0.00 0.00 0.00 0.00 0.13 1.00 1.00 0.25 0.00 0.00 0.00 0.00 
 0.00 0.00 0.00 0.00 0.17 1.00 1.00 0.36 0.00 0.00 0.00 0.00 0.13 1.00 1.00 0.25 0.00 0.00 0.00 0.00 
 0.00 0.00 0.00 0.00 0.08 0.94 1.00 0.63 0.00 0.00 0.00 0.00 0.13 1.00 1.00 0.25 0.00 0.00 0.00 0.00 
 0.00 0.00 0.00 0.00 0.00 0.55 1.00 0.96 0.22 0.00 0.00 0.00 0.14 1.00 1.00 0.25 0.00 0.00 0.00 0.00 
 0.00 0.00 0.00 0.00 0.00 0.08 0.83 1.00 0.96 0.63 0.50 0.60 0.78 0.93 1.00 0.25 0.00 0.00 0.00 0.00 
 0.00 0.00 0.00 0.00 0.00 0.00 0.08 0.56 0.86 1.00 0.91 0.61 0.13 0.33 0.75 0.19 0.00 0.00 0.00 0.00 
 