0.00 0.00 0.00 0.00 0.00 0.00 0.00 0.00 0.00 0.00 0.00 0.00 0.00 0.00 0.00 0.80 1.00 0.10 0.00 0.00 
 0.00 0.00 0.00 0.00 0.00 0.00 0.00 0.00 0.00 0.00 0.00 0.00 0.00 0.00 0.00 0.80 1.00 0.10 0.00 0.00 
 0.00 0.00 0.00 0.00 0.00 0.00 0.00 0.00 0.00 0.00 0.00 0.00 0.00 0.00 0.00 0.80 1.00 0.10 0.00 0.00 
 0.00 0.00 0.00 0.00 0.00 0.00 0.00 0.00 0.00 0.00 0.00 0.00 0.00 0.00 0.00 0.80 1.00 0.10 0.00 0.00 
 0.00 0.00 0.00 0.00 0.00 0.00 0.00 0.00 0.00 0.00 0.00 0.00 0.00 0.00 0.00 0.80 1.00 0.10 0.00 0.00 
 0.00 0.00 0.00 0.00 0.00 0.00 0.00 0.01 0.10 0.17 0.15 0.07 0.00 0.00 0.00 0.80 1.00 0.10 0.00 0.00 
 0.00 0.00 0.00 0.00 0.00 0.01 0.30 0.78 1.00 1.00 1.00 0.97 0.68 0.18 0.00 0.80 1.00 0.10 0.00 0.00 
 0.00 0.00 0.00 0.00 0.01 0.51 1.00 0.95 0.62 0.36 0.30 0.42 0.71 0.95 0.29 0.80 1.00 0.10 0.00 0.00 
 0.00 0.00 0.00 0.00 0.31 1.00 0.90 0.18 0.00 0.00 0.00 0.00 0.00 0.36 0.91 0.88 1.00 0.10 0.00 0.00 
 0.00 0.00 0.00 0.02 0.82 0.99 0.31 0.00 0.00 0.00 0.00 0.00 0.00 0.00 0.54 1.00 1.00 0.10 0.00 0.00 
 0.00 0.00 0.00 0.16 1.00 0.85 0.00 0.00 0.00 0.00 0.00 0.00 0.00 0.00 0.13 0.99 1.00 0.10 0.00 0.00 
 0.00 0.00 0.00 0.36 1.00 0.63 0.00 0.00 0.00 0.00 0.00 0.00 0.00 0.00 0.00 0.84 1.00 0.10 0.00 0.00 
 0.00 0.00 0.00 0.48 1.00 0.50 0.00 0.00 0.00 0.00 0.00 0.00 0.00 0.00 0.00 0.72 1.00 0.10 0.00 0.00 
 0.00 0.00 0.00 0.50 1.00 0.50 0.00 0.00 0.00 0.00 0.00 0.00 0.00 0.00 0.00 0.70 1.00 0.10 0.00 0.00 
 0.00 0.00 0.00 0.45 1.00 0.53 0.00 0.00 0.00 0.00 0.00 0.00 0.00 0.00 0.00 0.77 1.00 0.10 0.00 0.00 
 0.00 0.00 0.00 0.31 1.00 0.70 0.00 0.00 0.00 0.00 0.00 0.00 0.00 0.00 0.05 0.94 1.00 0.10 0.00 0.00 
 0.00 0.00 0.00 0.11 0.99 0.93 0.07 0.00 0.00 0.00 0.00 0.00 0.00 0.00 0.28 1.00 1.00 0.10 0.00 0.00 
 0.00 0.00 0.00 0.00 0.68 1.00 0.56 0.00 0.00 0.00 0.00 0.00 0.00 0.05 0.80 0.94 1.00 0.10 0.00 0.00 
 0.00 0.00 0.00 0.00 0.15 0.94 0.99 0.55 0.09 0.00 0.00 0.01 0.19 0.76 0.67 0.70 1.00 0.11 0.00 0.00 
 0.00 0.00 0.00 0.00 0.00 0.27 0.92 1.00 0.97 0.79 0.71 0.85 1.00 0.67 0.03 0.68 1.00 0.20 0.00 0.00 
 