-1.00 -1.00 -1.00 -1.00 -1.00 -1.00 -0.75 0.02 0.58 0.90 1.00 0.92 0.63 0.11 -0.65 -1.00 -1.00 -1.00 -1.00 -1.00 
 -1.00 -1.00 -1.00 -1.00 -0.92 0.12 0.97 1.00 1.00 1.00 1.00 1.00 1.00 1.00 0.99 0.18 -0.93 -1.00 -1.00 -1.00 
 -1.00 -1.00 -1.00 -0.81 0.62 1.00 1.00 1.00 1.00 1.00 1.00 1.00 1.00 1.00 1.00 1.00 0.51 -0.93 -1.00 -1.00 
 -1.00 -1.00 -0.91 0.63 1.00 1.00 1.00 1.00 0.50 -0.08 -0.27 -0.11 0.46 1.00 1.00 1.00 1.00 0.18 -1.00 -1.00 
 -1.00 -1.00 0.19 1.00 1.00 1.00 0.82 -0.47 -1.00 -1.00 -1.00 -1.00 -1.00 -0.39 0.94 1.00 1.00 0.99 -0.62 -1.00 
 -1.00 -0.66 0.98 1.00 1.00 0.89 -0.67 -1.00 -1.00 -1.00 -1.00 -1.00 -1.00 -1.00 -0.15 1.00 1.00 1.00 0.24 -1.00 
 -1.00 0.18 1.00 1.00 1.00 -0.17 -1.00 -1.00 -1.00 -1.00 -1.00 -1.00 -1.00 -1.00 -0.95 0.85 1.00 1.00 0.84 -0.98 
 -0.99 0.80 1.00 1.00 0.85 -0.95 -1.00 -1.00 -1.00 -1.00 -1.00 -1.00 -1.00 -1.00 -1.00 0.34 1.00 1.00 1.00 -0.72 
 -0.80 1.00 1.00 1.00 0.90 0.58 0.58 0.58 0.58 0.58 0.58 0.58 0.58 0.58 0.58 0.82 1.00 1.00 1.00 -0.47 
 -0.60 1.00 1.00 1.00 1.00 1.00 1.00 1.00 1.00 1.00 1.00 1.00 1.00 1.00 1.00 1.00 1.00 1.00 1.00 -0.39 
 -0.58 1.00 1.00 1.00 1.00 1.00 1.00 1.00 1.00 1.00 1.00 1.00 1.00 1.00 1.00 1.00 1.00 1.00 1.00 -0.64 
 -0.78 1.00 1.00 1.00 0.76 0.07 0.07 0.07 0.07 0.07 0.07 0.07 0.07 0.07 0.07 0.07 0.07 0.04 -0.34 -1.00 
 -0.99 0.81 1.00 1.00 0.91 -0.89 -1.00 -1.00 -1.00 -1.00 -1.00 -1.00 -1.00 -1.00 -1.00 -1.00 -1.00 -1.00 -1.00 -1.00 
 -1.00 0.18 1.00 1.00 1.00 0.04 -1.00 -1.00 -1.00 -1.00 -1.00 -1.00 -1.00 -1.00 -1.00 -0.91 0.35 0.65 0.17 -0.96 
 -1.00 -0.68 0.98 1.00 1.00 0.98 -0.39 -1.00 -1.00 -1.00 -1.00 -1.00 -1.00 -1.00 -1.00 -0.08 1.00 1.00 1.00 -0.46 
 -1.00 -1.00 0.13 1.00 1.00 1.00 0.97 -0.06 -0.95 -1.00 -1.00 -1.00 -1.00 -1.00 -0.51 0.91 1.00 1.00 0.99 -0.73 
 -1.00 -1.00 -0.94 0.55 1.00 1.00 1.00 1.00 0.79 0.10 -0.33 -0.45 -0.25 0.32 0.98 1.00 1.00 1.00 0.25 -1.00 
 -1.00 -1.00 -1.00 -0.87 0.50 1.00 1.00 1.00 1.00 1.00 1.00 1.00 1.00 1.00 1.00 1.00 1.00 0.58 -0.90 -1.00 
 -1.00 -1.00 -1.00 -1.00 -0.96 -0.03 0.91 1.00 1.00 1.00 1.00 1.00 1.00 1.00 1.00 1.00 0.26 -0.90 -1.00 -1.00 
 -1.00 -1.00 -1.00 -1.00 -1.00 -1.00 -0.83 -0.07 0.54 0.93 1.00 1.00 0.99 0.72 0.18 -0.61 -1.00 -1.00 -1.00 -1.00 
 