0.00 0.00 0.00 0.00 0.00 0.00 0.02 0.16 0.25 0.31 0.55 0.80 0.31 0.33 0.35 0.36 0.38 0.40 0.42 0.20 
 0.00 0.00 0.00 0.01 0.35 0.73 0.97 0.93 0.85 0.99 1.00 0.90 0.76 0.73 0.68 0.67 0.88 1.00 1.00 0.91 
 0.00 0.00 0.17 0.80 0.65 0.28 0.06 0.00 0.07 0.99 1.00 0.43 0.00 0.00 0.00 0.00 0.07 0.92 1.00 0.42 
 0.00 0.26 0.95 0.37 0.00 0.00 0.00 0.00 0.31 1.00 1.00 0.18 0.00 0.00 0.00 0.00 0.00 0.48 0.42 0.00 
 0.13 0.95 0.82 0.00 0.00 0.00 0.00 0.00 0.56 1.00 0.92 0.01 0.00 0.00 0.00 0.00 0.00 0.01 0.00 0.00 
 0.62 1.00 0.65 0.00 0.00 0.00 0.00 0.00 0.81 1.00 0.67 0.00 0.00 0.00 0.00 0.00 0.00 0.00 0.00 0.00 
 0.89 1.00 0.69 0.00 0.00 0.00 0.00 0.07 0.99 1.00 0.43 0.00 0.00 0.00 0.00 0.00 0.00 0.00 0.00 0.00 
 0.96 1.00 0.85 0.00 0.00 0.00 0.00 0.31 1.00 1.00 0.18 0.00 0.00 0.00 0.00 0.00 0.00 0.00 0.00 0.00 
 0.86 1.00 0.83 0.02 0.00 0.00 0.00 0.56 1.00 0.92 0.01 0.00 0.00 0.00 0.00 0.00 0.00 0.00 0.00 0.00 
 0.57 0.53 0.03 0.00 0.00 0.00 0.07 0.87 1.00 0.89 0.59 0.59 0.59 0.59 0.59 0.22 0.00 0.00 0.00 0.00 
 0.01 0.00 0.00 0.00 0.00 0.01 0.66 1.00 1.00 0.79 0.64 0.58 0.52 0.46 0.30 0.00 0.00 0.00 0.00 0.00 
 0.00 0.00 0.00 0.00 0.00 0.00 0.32 1.00 1.00 0.15 0.00 0.00 0.00 0.00 0.00 0.00 0.00 0.00 0.00 0.00 
 0.00 0.00 0.00 0.00 0.00 0.00 0.60 1.00 0.87 0.00 0.00 0.00 0.00 0.00 0.00 0.00 0.00 0.00 0.00 0.00 
 0.00 0.00 0.00 0.00 0.00 0.00 0.85 1.00 0.57 0.00 0.00 0.00 0.00 0.00 0.00 0.00 0.00 0.00 0.00 0.00 
 0.00 0.00 0.00 0.00 0.00 0.12 1.00 1.00 0.20 0.00 0.00 0.00 0.00 0.00 0.00 0.00 0.00 0.00 0.00 0.13 
 0.00 0.00 0.00 0.00 0.00 0.43 1.00 0.64 0.00 0.00 0.00 0.00 0.00 0.00 0.00 0.00 0.00 0.43 0.85 0.82 
 0.00 0.00 0.00 0.00 0.01 0.82 0.78 0.05 0.00 0.00 0.00 0.00 0.00 0.00 0.00 0.00 0.00 0.76 1.00 0.51 
 0.00 0.00 0.00 0.00 0.51 0.75 0.05 0.00 0.00 0.00 0.00 0.00 0.00 0.00 0.00 0.00 0.00 0.82 0.71 0.02 
 0.00 0.05 0.45 0.80 0.99 0.64 0.61 0.61 0.61 0.61 0.61 0.61 0.61 0.61 0.62 0.66 0.83 0.66 0.03 0.00 
 0.03 0.61 0.82 0.83 0.84 0.85 0.86 0.89 0.93 0.96 0.99 1.00 1.00 1.00 1.00 0.91 0.45 0.01 0.00 0.00 
 