-1.00 -1.00 -1.00 -1.00 -1.00 -0.91 -0.24 0.33 0.70 0.92 1.00 0.96 0.76 0.40 -0.19 -0.91 -1.00 -1.00 -1.00 -1.00 
 -1.00 -1.00 -1.00 -0.99 -0.21 0.85 1.00 1.00 1.00 1.00 1.00 1.00 1.00 1.00 1.00 0.82 -0.39 -1.00 -1.00 -1.00 
 -1.00 -1.00 -0.99 0.18 1.00 1.00 1.00 1.00 1.00 1.00 0.98 1.00 1.00 1.00 1.00 1.00 0.98 -0.32 -1.00 -1.00 
 -1.00 -1.00 -0.11 1.00 1.00 1.00 1.00 0.97 0.02 -0.76 -0.99 -0.89 -0.31 0.82 1.00 1.00 1.00 0.91 -0.79 -1.00 
 -1.00 -0.81 0.92 1.00 1.00 1.00 1.00 -0.28 -1.00 -1.00 -1.00 -1.00 -1.00 -0.59 0.98 1.00 1.00 1.00 0.11 -1.00 
 -1.00 -0.02 1.00 1.00 1.00 1.00 0.55 -0.99 -1.00 -1.00 -1.00 -1.00 -1.00 -1.00 0.47 1.00 1.00 1.00 0.77 -0.99 
 -1.00 0.60 1.00 1.00 1.00 1.00 -0.13 -1.00 -1.00 -1.00 -1.00 -1.00 -1.00 -1.00 -0.01 1.00 1.00 1.00 1.00 -0.78 
 -0.95 0.97 1.00 1.00 1.00 1.00 -0.52 -1.00 -1.00 -1.00 -1.00 -1.00 -1.00 -1.00 -0.27 1.00 1.00 1.00 1.00 -0.52 
 -0.73 1.00 1.00 1.00 1.00 1.00 -0.01 -0.19 -0.19 -0.19 -0.19 -0.19 -0.19 -0.19 0.18 1.00 1.00 1.00 1.00 -0.41 
 -0.61 1.00 1.00 1.00 1.00 1.00 1.00 1.00 1.00 1.00 1.00 1.00 1.00 1.00 1.00 1.00 1.00 1.00 1.00 -0.51 
 -0.61 1.00 1.00 1.00 1.00 1.00 0.62 0.58 0.58 0.58 0.58 0.58 0.58 0.58 0.58 0.58 0.58 0.58 0.17 -0.97 
 -0.73 1.00 1.00 1.00 1.00 1.00 -0.72 -1.00 -1.00 -1.00 -1.00 -1.00 -1.00 -1.00 -1.00 -1.00 -1.00 -1.00 -1.00 -1.00 
 -0.95 0.96 1.00 1.00 1.00 1.00 -0.49 -1.00 -1.00 -1.00 -1.00 -1.00 -1.00 -1.00 -1.00 -1.00 -1.00 -1.00 -1.00 -1.00 
 -1.00 0.57 1.00 1.00 1.00 1.00 -0.07 -1.00 -1.00 -1.00 -1.00 -1.00 -1.00 -1.00 -1.00 -1.00 -1.00 -1.00 -1.00 -1.00 
 -1.00 -0.07 1.00 1.00 1.00 1.00 0.63 -0.98 -1.00 -1.00 -1.00 -1.00 -1.00 -1.00 -1.00 -1.00 -1.00 -0.51 -0.00 -1.00 
 -1.00 -0.85 0.88 1.00 1.00 1.00 1.00 -0.11 -1.00 -1.00 -1.00 -1.00 -1.00 -1.00 -1.00 -0.95 -0.06 0.96 0.75 -1.00 
 -1.00 -1.00 -0.22 1.00 1.00 1.00 1.00 0.99 0.18 -0.69 -0.99 -1.00 -0.98 -0.68 -0.07 0.74 1.00 1.00 0.95 -0.98 
 -1.00 -1.00 -1.00 0.02 1.00 1.00 1.00 1.00 1.00 1.00 0.91 0.81 0.94 1.00 1.00 1.00 1.00 1.00 0.96 -0.94 
 -1.00 -1.00 -1.00 -1.00 -0.35 0.78 1.00 1.00 1.00 1.00 1.00 1.00 1.00 1.00 1.00 1.00 0.98 0.38 -0.62 -1.00 
 -1.00 -1.00 -1.00 -1.00 -1.00 -0.95 -0.31 0.31 0.74 0.98 1.00 1.00 1.00 0.84 0.45 -0.07 -0.75 -1.00 -1.00 -1.00 
 