0.00 0.00 0.00 0.00 0.00 0.00 0.00 0.00 0.00 0.00 0.00 0.00 0.13 0.51 0.78 0.87 0.74 0.29 0.00 0.00 
 0.00 0.00 0.00 0.00 0.00 0.00 0.00 0.00 0.00 0.00 0.04 0.45 0.94 1.00 1.00 1.00 1.00 0.95 0.18 0.00 
 0.00 0.00 0.00 0.00 0.00 0.00 0.00 0.00 0.00 0.15 0.75 0.93 0.54 0.43 0.91 1.00 1.00 1.00 0.50 0.00 
 0.00 0.00 0.00 0.00 0.00 0.00 0.00 0.00 0.25 0.91 0.93 0.25 0.00 0.00 0.42 1.00 1.00 1.00 0.53 0.00 
 0.00 0.00 0.00 0.00 0.00 0.00 0.00 0.27 0.95 0.99 0.42 0.00 0.00 0.00 0.27 1.00 1.00 1.00 0.38 0.00 
 0.00 0.00 0.00 0.00 0.00 0.00 0.13 0.92 1.00 0.78 0.02 0.00 0.00 0.00 0.36 1.00 1.00 0.92 0.09 0.00 
 0.00 0.00 0.00 0.00 0.00 0.01 0.63 1.00 1.00 0.35 0.00 0.00 0.00 0.01 0.67 1.00 0.99 0.49 0.00 0.00 
 0.00 0.00 0.00 0.00 0.00 0.18 0.98 1.00 0.87 0.03 0.00 0.00 0.00 0.30 0.99 1.00 0.64 0.02 0.00 0.00 
 0.00 0.00 0.00 0.00 0.00 0.55 1.00 1.00 0.60 0.00 0.00 0.00 0.24 0.93 0.98 0.60 0.02 0.00 0.00 0.00 
 0.00 0.00 0.00 0.00 0.07 0.90 1.00 1.00 0.31 0.00 0.02 0.35 0.95 0.94 0.42 0.00 0.00 0.00 0.00 0.00 
 0.00 0.00 0.00 0.00 0.25 1.00 1.00 0.92 0.07 0.07 0.56 1.00 0.82 0.21 0.00 0.00 0.00 0.00 0.00 0.00 
 0.00 0.00 0.00 0.00 0.53 1.00 1.00 0.83 0.24 0.82 0.98 0.61 0.05 0.00 0.00 0.00 0.00 0.00 0.00 0.00 
 0.00 0.00 0.00 0.01 0.77 1.00 1.00 0.95 0.98 0.88 0.33 0.00 0.00 0.00 0.00 0.00 0.00 0.00 0.00 0.00 
 0.00 0.00 0.00 0.10 0.96 1.00 1.00 0.98 0.64 0.09 0.00 0.00 0.00 0.00 0.00 0.00 0.00 0.00 0.00 0.00 
 0.00 0.00 0.00 0.17 1.00 1.00 1.00 0.60 0.00 0.00 0.00 0.00 0.00 0.00 0.00 0.00 0.00 0.00 0.09 0.03 
 0.00 0.00 0.00 0.27 1.00 1.00 1.00 0.56 0.00 0.00 0.00 0.00 0.00 0.00 0.00 0.00 0.00 0.22 0.79 0.07 
 0.00 0.00 0.00 0.35 1.00 1.00 1.00 0.67 0.00 0.00 0.00 0.00 0.00 0.00 0.00 0.02 0.38 0.94 0.62 0.01 
 0.00 0.00 0.00 0.37 1.00 1.00 1.00 0.85 0.03 0.00 0.00 0.00 0.00 0.00 0.10 0.62 0.98 0.57 0.02 0.00 
 0.00 0.00 0.00 0.30 1.00 1.00 1.00 1.00 0.51 0.02 0.00 0.00 0.07 0.39 0.89 0.96 0.46 0.00 0.00 0.00 
 0.00 0.00 0.00 0.15 0.99 1.00 1.00 1.00 1.00 0.76 0.55 0.64 0.91 1.00 0.89 0.28 0.00 0.00 0.00 0.00 
 