-1.00 -1.00 -1.00 -1.00 -1.00 -1.00 -1.00 -0.65 0.24 0.76 0.98 0.97 0.77 0.36 -0.31 -0.97 -1.00 -1.00 -1.00 -1.00 
 -1.00 -1.00 -1.00 -1.00 -1.00 -0.87 0.16 0.98 1.00 1.00 1.00 1.00 1.00 1.00 1.00 0.65 -0.65 -1.00 -1.00 -1.00 
 -1.00 -1.00 -1.00 -1.00 -0.36 0.84 1.00 1.00 0.37 -0.25 -0.28 0.27 1.00 1.00 1.00 1.00 0.87 -0.68 -1.00 -1.00 
 -1.00 -1.00 -1.00 -0.17 0.99 1.00 1.00 0.19 -1.00 -1.00 -1.00 -1.00 0.01 1.00 1.00 1.00 1.00 0.59 -0.98 -1.00 
 -1.00 -1.00 -0.57 0.98 1.00 1.00 0.98 -0.80 -1.00 -1.00 -1.00 -1.00 -0.90 0.93 1.00 1.00 1.00 1.00 -0.47 -1.00 
 -1.00 -1.00 0.49 1.00 1.00 1.00 0.64 -1.00 -1.00 -1.00 -1.00 -1.00 -1.00 0.51 1.00 1.00 1.00 1.00 0.11 -1.00 
 -1.00 -0.77 1.00 1.00 1.00 1.00 0.33 -1.00 -1.00 -1.00 -1.00 -1.00 -1.00 0.22 1.00 1.00 1.00 1.00 0.40 -1.00 
 -1.00 -0.30 1.00 1.00 1.00 1.00 0.18 -1.00 -1.00 -1.00 -1.00 -1.00 -1.00 0.07 1.00 1.00 1.00 1.00 0.47 -1.00 
 -1.00 -0.01 1.00 1.00 1.00 1.00 0.95 0.84 0.74 0.66 0.68 0.76 0.83 0.95 1.00 1.00 1.00 1.00 0.47 -1.00 
 -1.00 0.12 1.00 1.00 1.00 1.00 1.00 1.00 1.00 1.00 1.00 1.00 1.00 1.00 1.00 1.00 0.82 0.44 -0.24 -1.00 
 -1.00 0.13 1.00 1.00 1.00 1.00 0.75 -0.49 -0.49 -0.49 -0.49 -0.49 -0.49 -0.55 -0.67 -0.88 -1.00 -1.00 -1.00 -1.00 
 -1.00 0.04 1.00 1.00 1.00 1.00 0.81 -1.00 -1.00 -1.00 -1.00 -1.00 -1.00 -1.00 -1.00 -1.00 -1.00 -1.00 -1.00 -1.00 
 -1.00 -0.18 1.00 1.00 1.00 1.00 1.00 -0.84 -1.00 -1.00 -1.00 -1.00 -1.00 -1.00 -1.00 -1.00 -1.00 -1.00 -1.00 -1.00 
 -1.00 -0.55 1.00 1.00 1.00 1.00 1.00 -0.18 -1.00 -1.00 -1.00 -1.00 -1.00 -1.00 -1.00 -1.00 -1.00 -1.00 -1.00 -1.00 
 -1.00 -0.96 0.86 1.00 1.00 1.00 1.00 0.77 -0.89 -1.00 -1.00 -1.00 -1.00 -1.00 -1.00 -1.00 -1.00 -1.00 -1.00 -1.00 
 -1.00 -1.00 0.11 1.00 1.00 1.00 1.00 1.00 0.45 -0.91 -1.00 -1.00 -1.00 -1.00 -1.00 -1.00 -1.00 -0.86 -0.99 -1.00 
 -1.00 -1.00 -0.83 0.85 1.00 1.00 1.00 1.00 1.00 0.69 -0.36 -0.95 -1.00 -1.00 -0.99 -0.67 0.11 0.91 -0.63 -1.00 
 -1.00 -1.00 -1.00 -0.46 0.95 1.00 1.00 1.00 1.00 1.00 1.00 0.91 0.61 0.58 0.82 1.00 1.00 0.65 -0.99 -1.00 
 -1.00 -1.00 -1.00 -1.00 -0.52 0.76 1.00 1.00 1.00 1.00 1.00 1.00 1.00 1.00 1.00 1.00 0.69 -0.51 -1.00 -1.00 
 -1.00 -1.00 -1.00 -1.00 -1.00 -0.93 -0.20 0.49 0.92 1.00 1.00 1.00 1.00 0.84 0.32 -0.41 -0.98 -1.00 -1.00 -1.00 
 