-1.00 -1.00 -1.00 -1.00 -1.00 -1.00 -0.79 -0.04 0.51 0.85 0.99 0.97 0.76 0.34 -0.35 -0.98 -1.00 -1.00 -1.00 -1.00 
 -1.00 -1.00 -1.00 -1.00 -0.94 0.07 0.95 1.00 1.00 1.00 1.00 1.00 1.00 1.00 1.00 0.60 -0.72 -1.00 -1.00 -1.00 
 -1.00 -1.00 -1.00 -0.87 0.55 1.00 1.00 1.00 0.47 -0.38 -0.61 -0.29 0.72 1.00 1.00 1.00 0.81 -0.75 -1.00 -1.00 
 -1.00 -1.00 -0.97 0.50 1.00 1.00 1.00 0.29 -0.98 -1.00 -1.00 -1.00 -0.81 0.84 1.00 1.00 1.00 0.51 -0.99 -1.00 
 -1.00 -1.00 -0.10 1.00 1.00 1.00 0.90 -0.87 -1.00 -1.00 -1.00 -1.00 -1.00 0.04 1.00 1.00 1.00 1.00 -0.47 -1.00 
 -1.00 -0.91 0.86 1.00 1.00 1.00 0.29 -1.00 -1.00 -1.00 -1.00 -1.00 -1.00 -0.47 1.00 1.00 1.00 1.00 0.22 -1.00 
 -1.00 -0.28 1.00 1.00 1.00 1.00 -0.12 -1.00 -1.00 -1.00 -1.00 -1.00 -1.00 -0.69 1.00 1.00 1.00 1.00 0.69 -1.00 
 -1.00 0.27 1.00 1.00 1.00 1.00 0.25 -0.17 -0.17 -0.17 -0.17 -0.17 -0.17 -0.02 1.00 1.00 1.00 1.00 0.96 -0.98 
 -1.00 0.63 1.00 1.00 1.00 1.00 1.00 1.00 1.00 1.00 1.00 1.00 1.00 1.00 1.00 1.00 1.00 1.00 1.00 -0.90 
 -1.00 0.82 1.00 1.00 1.00 1.00 0.49 0.40 0.40 0.40 0.40 0.40 0.40 0.40 0.40 0.40 0.40 0.40 0.40 -0.91 
 -1.00 0.85 1.00 1.00 1.00 1.00 -0.67 -1.00 -1.00 -1.00 -1.00 -1.00 -1.00 -1.00 -1.00 -1.00 -1.00 -1.00 -1.00 -1.00 
 -1.00 0.73 1.00 1.00 1.00 1.00 -0.46 -1.00 -1.00 -1.00 -1.00 -1.00 -1.00 -1.00 -1.00 -1.00 -1.00 -1.00 -1.00 -1.00 
 -1.00 0.44 1.00 1.00 1.00 1.00 -0.03 -1.00 -1.00 -1.00 -1.00 -1.00 -1.00 -1.00 -1.00 -1.00 -1.00 -1.00 -1.00 -1.00 
 -1.00 -0.03 1.00 1.00 1.00 1.00 0.67 -0.98 -1.00 -1.00 -1.00 -1.00 -1.00 -1.00 -1.00 -1.00 -1.00 -1.00 -1.00 -1.00 
 -1.00 -0.70 0.99 1.00 1.00 1.00 1.00 -0.23 -1.00 -1.00 -1.00 -1.00 -1.00 -1.00 -1.00 -1.00 -1.00 -1.00 -0.97 -0.99 
 -1.00 -1.00 0.33 1.00 1.00 1.00 1.00 0.93 -0.43 -1.00 -1.00 -1.00 -1.00 -1.00 -1.00 -1.00 -0.99 -0.44 0.63 -0.97 
 -1.00 -1.00 -0.79 0.84 1.00 1.00 1.00 1.00 0.98 0.25 -0.52 -0.92 -1.00 -0.94 -0.63 -0.10 0.63 1.00 1.00 -0.97 
 -1.00 -1.00 -1.00 -0.56 0.87 1.00 1.00 1.00 1.00 1.00 1.00 1.00 0.94 1.00 1.00 1.00 1.00 1.00 0.94 -0.98 
 -1.00 -1.00 -1.00 -1.00 -0.70 0.55 1.00 1.00 1.00 1.00 1.00 1.00 1.00 1.00 1.00 1.00 0.93 0.18 -0.76 -1.00 
 -1.00 -1.00 -1.00 -1.00 -1.00 -0.99 -0.43 0.31 0.81 1.00 1.00 1.00 1.00 0.77 0.34 -0.23 -0.87 -1.00 -1.00 -1.00 
 