-1.00 -1.00 -1.00 -1.00 -1.00 -1.00 -1.00 -1.00 -1.00 -0.62 0.12 0.64 0.93 0.99 0.79 0.22 -0.73 -1.00 -1.00 -1.00 
 -1.00 -1.00 -1.00 -1.00 -1.00 -1.00 -1.00 -0.76 0.37 1.00 1.00 0.60 0.35 0.75 1.00 1.00 0.89 -0.58 -1.00 -1.00 
 -1.00 -1.00 -1.00 -1.00 -1.00 -1.00 -0.43 0.87 1.00 0.70 -0.58 -1.00 -1.00 -0.95 0.48 1.00 1.00 0.67 -0.99 -1.00 
 -1.00 -1.00 -1.00 -1.00 -1.00 -0.35 0.97 1.00 0.73 -0.83 -1.00 -1.00 -1.00 -1.00 -0.36 1.00 1.00 1.00 -0.70 -1.00 
 -1.00 -1.00 -1.00 -1.00 -0.57 0.95 1.00 0.98 -0.59 -1.00 -1.00 -1.00 -1.00 -1.00 -0.41 1.00 1.00 1.00 -0.58 -1.00 
 -1.00 -1.00 -1.00 -0.91 0.74 1.00 1.00 0.23 -1.00 -1.00 -1.00 -1.00 -1.00 -1.00 0.04 1.00 1.00 0.97 -0.87 -1.00 
 -1.00 -1.00 -1.00 0.03 1.00 1.00 1.00 -0.68 -1.00 -1.00 -1.00 -1.00 -1.00 -0.84 0.84 1.00 1.00 0.32 -1.00 -1.00 
 -1.00 -1.00 -0.87 0.90 1.00 1.00 0.56 -1.00 -1.00 -1.00 -1.00 -1.00 -0.91 0.50 1.00 1.00 0.80 -0.80 -1.00 -1.00 
 -1.00 -1.00 -0.18 1.00 1.00 1.00 -0.06 -1.00 -1.00 -1.00 -1.00 -0.65 0.62 1.00 1.00 0.71 -0.69 -1.00 -1.00 -1.00 
 -1.00 -1.00 0.44 1.00 1.00 1.00 -0.56 -1.00 -0.99 -0.62 0.25 0.98 1.00 0.94 0.09 -0.91 -1.00 -1.00 -1.00 -1.00 
 -1.00 -0.98 0.89 1.00 1.00 0.99 -0.25 0.15 0.68 1.00 1.00 0.75 0.00 -0.81 -1.00 -1.00 -1.00 -1.00 -1.00 -1.00 
 -1.00 -0.80 1.00 1.00 1.00 1.00 1.00 0.91 0.47 -0.05 -0.60 -0.99 -1.00 -1.00 -1.00 -1.00 -1.00 -1.00 -1.00 -1.00 
 -1.00 -0.65 1.00 1.00 1.00 0.67 -0.55 -0.95 -1.00 -1.00 -1.00 -1.00 -1.00 -1.00 -1.00 -1.00 -1.00 -1.00 -1.00 -1.00 
 -1.00 -0.68 1.00 1.00 1.00 0.37 -1.00 -1.00 -1.00 -1.00 -1.00 -1.00 -1.00 -1.00 -1.00 -1.00 -1.00 -1.00 -1.00 -1.00 
 -1.00 -0.89 0.99 1.00 1.00 0.44 -1.00 -1.00 -1.00 -1.00 -1.00 -1.00 -1.00 -1.00 -1.00 -0.90 -0.81 -1.00 -1.00 -1.00 
 -1.00 -1.00 0.63 1.00 1.00 0.84 -0.96 -1.00 -1.00 -1.00 -1.00 -1.00 -1.00 -1.00 -0.86 0.55 0.59 -0.98 -1.00 -1.00 
 -1.00 -1.00 -0.15 1.00 1.00 1.00 -0.15 -1.00 -1.00 -1.00 -1.00 -1.00 -1.00 -0.63 0.70 1.00 -0.12 -1.00 -1.00 -1.00 
 -1.00 -1.00 -0.95 0.60 1.00 1.00 0.97 -0.04 -0.86 -1.00 -0.98 -0.63 0.16 0.96 0.99 -0.08 -1.00 -1.00 -1.00 -1.00 
 -1.00 -1.00 -1.00 -0.82 0.55 1.00 1.00 1.00 0.99 0.84 0.93 1.00 1.00 0.76 -0.44 -1.00 -1.00 -1.00 -1.00 -1.00 
 -1.00 -1.00 -1.00 -1.00 -0.98 -0.29 0.44 0.87 1.00 1.00 0.85 0.43 -0.24 -0.94 -1.00 -1.00 -1.00 -1.00 -1.00 -1.00 
 