0.00 0.00 0.39 1.00 1.00 1.00 1.00 1.00 1.00 1.00 1.00 1.00 1.00 1.00 1.00 1.00 0.84 0.09 0.00 0.00 
 0.00 0.00 0.09 0.53 1.00 1.00 1.00 0.75 0.50 0.50 0.50 0.50 0.50 0.53 0.75 0.97 1.00 0.36 0.00 0.00 
 0.00 0.00 0.00 0.03 0.86 1.00 0.89 0.06 0.00 0.00 0.00 0.00 0.00 0.00 0.00 0.33 0.95 0.53 0.00 0.00 
 0.00 0.00 0.00 0.00 0.84 1.00 0.84 0.00 0.00 0.00 0.00 0.00 0.00 0.00 0.00 0.00 0.28 0.39 0.00 0.00 
 0.00 0.00 0.00 0.00 0.84 1.00 0.84 0.00 0.00 0.00 0.00 0.00 0.00 0.00 0.00 0.00 0.00 0.00 0.00 0.00 
 0.00 0.00 0.00 0.00 0.84 1.00 0.84 0.00 0.00 0.00 0.00 0.00 0.00 0.00 0.00 0.00 0.00 0.00 0.00 0.00 
 0.00 0.00 0.00 0.00 0.84 1.00 0.84 0.00 0.00 0.00 0.00 0.00 0.00 0.00 0.00 0.00 0.00 0.00 0.00 0.00 
 0.00 0.00 0.00 0.00 0.84 1.00 0.84 0.00 0.00 0.00 0.00 0.00 0.00 0.00 0.06 0.03 0.00 0.00 0.00 0.00 
 0.00 0.00 0.00 0.00 0.84 1.00 0.86 0.17 0.17 0.17 0.17 0.17 0.17 0.25 0.75 0.31 0.00 0.00 0.00 0.00 
 0.00 0.00 0.00 0.00 0.84 1.00 1.00 1.00 1.00 1.00 1.00 1.00 1.00 1.00 1.00 0.50 0.00 0.00 0.00 0.00 
 0.00 0.00 0.00 0.00 0.84 1.00 0.92 0.50 0.50 0.50 0.50 0.50 0.50 0.64 0.97 0.47 0.00 0.00 0.00 0.00 
 0.00 0.00 0.00 0.00 0.84 1.00 0.84 0.00 0.00 0.00 0.00 0.00 0.00 0.00 0.22 0.09 0.00 0.00 0.00 0.00 
 0.00 0.00 0.00 0.00 0.84 1.00 0.84 0.00 0.00 0.00 0.00 0.00 0.00 0.00 0.00 0.00 0.00 0.00 0.00 0.00 
 0.00 0.00 0.00 0.00 0.84 1.00 0.84 0.00 0.00 0.00 0.00 0.00 0.00 0.00 0.00 0.00 0.00 0.00 0.00 0.00 
 0.00 0.00 0.00 0.00 0.84 1.00 0.84 0.00 0.00 0.00 0.00 0.00 0.00 0.00 0.00 0.00 0.00 0.00 0.00 0.00 
 0.00 0.00 0.00 0.00 0.84 1.00 0.84 0.00 0.00 0.00 0.00 0.00 0.00 0.00 0.00 0.00 0.00 0.00 0.00 0.00 
 0.00 0.00 0.00 0.00 0.84 1.00 0.84 0.00 0.00 0.00 0.00 0.00 0.00 0.00 0.00 0.00 0.00 0.00 0.00 0.00 
 0.00 0.00 0.00 0.00 0.84 1.00 0.84 0.00 0.00 0.00 0.00 0.00 0.00 0.00 0.00 0.00 0.00 0.31 0.42 0.00 
 0.00 0.00 0.00 0.03 0.86 1.00 0.92 0.14 0.00 0.00 0.00 0.00 0.00 0.00 0.00 0.03 0.42 0.97 0.64 0.00 
 0.00 0.00 0.03 0.42 1.00 1.00 1.00 0.84 0.42 0.33 0.33 0.33 0.33 0.33 0.42 0.75 1.00 1.00 0.47 0.00 
 