0.00 0.33 0.53 0.78 1.00 1.00 1.00 1.00 1.00 1.00 1.00 1.00 1.00 1.00 1.00 1.00 1.00 0.33 0.00 0.00 
 0.00 0.00 0.00 0.06 0.86 1.00 1.00 0.45 0.17 0.17 0.17 0.17 0.17 0.17 0.25 0.53 0.97 0.33 0.00 0.00 
 0.00 0.00 0.00 0.00 0.67 1.00 1.00 0.33 0.00 0.00 0.00 0.00 0.00 0.00 0.00 0.00 0.58 0.33 0.00 0.00 
 0.00 0.00 0.00 0.00 0.67 1.00 1.00 0.33 0.00 0.00 0.00 0.00 0.00 0.00 0.00 0.00 0.25 0.33 0.00 0.00 
 0.00 0.00 0.00 0.00 0.67 1.00 1.00 0.33 0.00 0.00 0.00 0.00 0.00 0.00 0.00 0.00 0.09 0.17 0.00 0.00 
 0.00 0.00 0.00 0.00 0.67 1.00 1.00 0.33 0.00 0.00 0.00 0.00 0.00 0.00 0.00 0.00 0.00 0.00 0.00 0.00 
 0.00 0.00 0.00 0.00 0.67 1.00 1.00 0.33 0.00 0.00 0.00 0.00 0.00 0.00 0.03 0.45 0.00 0.00 0.00 0.00 
 0.00 0.00 0.00 0.00 0.67 1.00 1.00 0.33 0.00 0.00 0.00 0.00 0.00 0.00 0.17 0.67 0.00 0.00 0.00 0.00 
 0.00 0.00 0.00 0.00 0.67 1.00 1.00 0.33 0.00 0.00 0.00 0.00 0.03 0.20 0.61 0.67 0.00 0.00 0.00 0.00 
 0.00 0.00 0.00 0.00 0.67 1.00 1.00 0.89 0.84 0.84 0.84 0.84 0.86 1.00 1.00 0.67 0.00 0.00 0.00 0.00 
 0.00 0.00 0.00 0.00 0.67 1.00 1.00 0.56 0.33 0.33 0.33 0.33 0.33 0.50 0.89 0.67 0.00 0.00 0.00 0.00 
 0.00 0.00 0.00 0.00 0.67 1.00 1.00 0.33 0.00 0.00 0.00 0.00 0.00 0.00 0.28 0.67 0.00 0.00 0.00 0.00 
 0.00 0.00 0.00 0.00 0.67 1.00 1.00 0.33 0.00 0.00 0.00 0.00 0.00 0.00 0.14 0.64 0.00 0.00 0.00 0.00 
 0.00 0.00 0.00 0.00 0.67 1.00 1.00 0.33 0.00 0.00 0.00 0.00 0.00 0.00 0.00 0.17 0.00 0.00 0.00 0.00 
 0.00 0.00 0.00 0.00 0.67 1.00 1.00 0.33 0.00 0.00 0.00 0.00 0.00 0.00 0.00 0.00 0.00 0.00 0.00 0.00 
 0.00 0.00 0.00 0.00 0.67 1.00 1.00 0.33 0.00 0.00 0.00 0.00 0.00 0.00 0.00 0.00 0.00 0.00 0.36 0.06 
 0.00 0.00 0.00 0.00 0.67 1.00 1.00 0.33 0.00 0.00 0.00 0.00 0.00 0.00 0.00 0.00 0.00 0.20 0.75 0.00 
 0.00 0.00 0.00 0.00 0.67 1.00 1.00 0.33 0.00 0.00 0.00 0.00 0.00 0.00 0.00 0.00 0.06 0.75 0.42 0.00 
 0.00 0.00 0.00 0.00 0.73 1.00 1.00 0.36 0.00 0.00 0.00 0.00 0.00 0.00 0.00 0.11 0.61 0.92 0.09 0.00 
 0.00 0.00 0.00 0.25 0.97 1.00 1.00 0.84 0.50 0.50 0.50 0.50 0.50 0.50 0.61 0.89 1.00 0.75 0.00 0.00 
 