0.00 0.00 0.00 0.39 0.58 0.71 0.83 0.88 0.88 0.88 0.88 0.99 1.00 1.00 1.00 0.85 0.00 0.00 0.00 0.00 
 0.00 0.00 0.00 0.33 0.38 0.58 1.00 1.00 0.36 0.25 0.25 0.25 0.25 0.33 0.78 0.88 0.00 0.00 0.00 0.00 
 0.00 0.00 0.00 0.00 0.00 0.13 1.00 1.00 0.13 0.00 0.00 0.00 0.00 0.00 0.24 0.88 0.00 0.00 0.00 0.00 
 0.00 0.00 0.00 0.00 0.00 0.13 1.00 1.00 0.13 0.00 0.00 0.00 0.00 0.00 0.13 0.77 0.00 0.00 0.00 0.00 
 0.00 0.00 0.00 0.00 0.00 0.13 1.00 1.00 0.13 0.00 0.00 0.00 0.00 0.00 0.09 0.52 0.00 0.00 0.00 0.00 
 0.00 0.00 0.00 0.00 0.00 0.13 1.00 1.00 0.13 0.00 0.00 0.00 0.00 0.00 0.00 0.00 0.00 0.00 0.00 0.00 
 0.00 0.00 0.00 0.00 0.00 0.13 1.00 0.93 0.05 0.00 0.00 0.00 0.00 0.00 0.00 0.00 0.00 0.00 0.00 0.00 
 0.00 0.00 0.00 0.00 0.00 0.13 1.00 0.88 0.00 0.00 0.00 0.00 0.00 0.00 0.00 0.00 0.00 0.00 0.00 0.00 
 0.00 0.00 0.00 0.00 0.00 0.13 1.00 0.88 0.00 0.00 0.00 0.00 0.00 0.02 0.05 0.00 0.00 0.00 0.00 0.00 
 0.00 0.00 0.00 0.00 0.00 0.13 1.00 0.99 0.88 0.80 0.75 0.75 0.80 0.89 0.45 0.00 0.00 0.00 0.00 0.00 
 0.00 0.00 0.00 0.00 0.00 0.14 1.00 0.91 0.28 0.39 0.50 0.50 0.53 0.45 0.08 0.00 0.00 0.00 0.00 0.00 
 0.00 0.00 0.00 0.00 0.00 0.25 1.00 0.88 0.00 0.00 0.00 0.00 0.00 0.00 0.00 0.00 0.00 0.00 0.00 0.00 
 0.00 0.00 0.00 0.00 0.00 0.25 1.00 0.88 0.00 0.00 0.00 0.00 0.00 0.00 0.00 0.00 0.00 0.00 0.00 0.00 
 0.00 0.00 0.00 0.00 0.00 0.25 1.00 0.85 0.00 0.00 0.00 0.00 0.00 0.00 0.00 0.00 0.00 0.00 0.00 0.00 
 0.00 0.00 0.00 0.00 0.00 0.31 1.00 0.75 0.00 0.00 0.00 0.00 0.00 0.00 0.00 0.00 0.00 0.00 0.00 0.00 
 0.00 0.00 0.00 0.00 0.00 0.38 1.00 0.74 0.00 0.00 0.00 0.00 0.00 0.00 0.00 0.08 0.66 0.00 0.00 0.00 
 0.00 0.00 0.00 0.00 0.00 0.42 1.00 0.63 0.00 0.00 0.00 0.00 0.00 0.00 0.00 0.19 0.80 0.00 0.00 0.00 
 0.00 0.00 0.00 0.00 0.00 0.50 1.00 0.58 0.00 0.00 0.00 0.00 0.00 0.00 0.02 0.58 0.67 0.00 0.00 0.00 
 0.00 0.00 0.00 0.00 0.00 0.60 1.00 0.77 0.63 0.67 0.75 0.74 0.63 0.63 0.75 1.00 0.39 0.00 0.00 0.00 
 0.00 0.00 0.00 0.00 0.00 0.58 0.67 0.55 0.50 0.50 0.53 0.66 0.82 0.96 0.99 0.69 0.03 0.00 0.00 0.00 
 