0.00 0.00 0.00 0.00 0.78 1.00 1.00 1.00 1.00 1.00 1.00 1.00 1.00 1.00 1.00 0.89 0.00 0.00 0.00 0.00 
 0.00 0.00 0.00 0.00 0.78 1.00 1.00 1.00 1.00 1.00 1.00 1.00 1.00 1.00 1.00 0.89 0.00 0.00 0.00 0.00 
 0.00 0.00 0.00 0.00 0.78 1.00 0.93 0.33 0.33 0.33 0.33 0.33 0.33 0.33 0.33 0.30 0.00 0.00 0.00 0.00 
 0.00 0.00 0.00 0.00 0.78 1.00 0.89 0.00 0.00 0.00 0.00 0.00 0.00 0.00 0.00 0.00 0.00 0.00 0.00 0.00 
 0.00 0.00 0.00 0.00 0.78 1.00 0.89 0.00 0.00 0.00 0.00 0.00 0.00 0.00 0.00 0.00 0.00 0.00 0.00 0.00 
 0.00 0.00 0.00 0.00 0.78 1.00 0.89 0.00 0.00 0.00 0.00 0.00 0.00 0.00 0.00 0.00 0.00 0.00 0.00 0.00 
 0.00 0.00 0.00 0.00 0.78 1.00 0.89 0.00 0.00 0.00 0.00 0.00 0.00 0.00 0.00 0.00 0.00 0.00 0.00 0.00 
 0.00 0.00 0.00 0.00 0.78 1.00 0.89 0.00 0.00 0.00 0.00 0.00 0.00 0.00 0.00 0.00 0.00 0.00 0.00 0.00 
 0.00 0.00 0.00 0.00 0.78 1.00 0.91 0.22 0.22 0.22 0.22 0.22 0.22 0.22 0.22 0.07 0.00 0.00 0.00 0.00 
 0.00 0.00 0.00 0.00 0.78 1.00 1.00 1.00 1.00 1.00 1.00 1.00 1.00 1.00 1.00 0.33 0.00 0.00 0.00 0.00 
 0.00 0.00 0.00 0.00 0.78 1.00 1.00 1.00 1.00 1.00 1.00 1.00 1.00 1.00 1.00 0.33 0.00 0.00 0.00 0.00 
 0.00 0.00 0.00 0.00 0.78 1.00 0.90 0.11 0.11 0.11 0.11 0.11 0.11 0.11 0.11 0.04 0.00 0.00 0.00 0.00 
 0.00 0.00 0.00 0.00 0.78 1.00 0.89 0.00 0.00 0.00 0.00 0.00 0.00 0.00 0.00 0.00 0.00 0.00 0.00 0.00 
 0.00 0.00 0.00 0.00 0.78 1.00 0.89 0.00 0.00 0.00 0.00 0.00 0.00 0.00 0.00 0.00 0.00 0.00 0.00 0.00 
 0.00 0.00 0.00 0.00 0.78 1.00 0.89 0.00 0.00 0.00 0.00 0.00 0.00 0.00 0.00 0.00 0.00 0.00 0.00 0.00 
 0.00 0.00 0.00 0.00 0.78 1.00 0.89 0.00 0.00 0.00 0.00 0.00 0.00 0.00 0.00 0.00 0.00 0.00 0.00 0.00 
 0.00 0.00 0.00 0.00 0.78 1.00 0.89 0.00 0.00 0.00 0.00 0.00 0.00 0.00 0.00 0.00 0.00 0.00 0.00 0.00 
 0.00 0.00 0.00 0.00 0.78 1.00 0.89 0.00 0.00 0.00 0.00 0.00 0.00 0.00 0.00 0.00 0.00 0.00 0.00 0.00 
 0.00 0.00 0.00 0.00 0.78 1.00 0.94 0.45 0.45 0.45 0.45 0.45 0.45 0.45 0.45 0.45 0.30 0.00 0.00 0.00 
 0.00 0.00 0.00 0.00 0.78 1.00 1.00 1.00 1.00 1.00 1.00 1.00 1.00 1.00 1.00 1.00 0.67 0.00 0.00 0.00 
 