0.00 0.00 0.48 0.98 1.00 0.93 0.89 0.89 0.89 0.89 0.89 0.89 0.89 0.89 0.89 0.94 1.00 0.93 0.04 0.00 
 0.00 0.00 0.00 0.09 0.35 1.00 1.00 1.00 0.51 0.41 0.33 0.33 0.37 0.45 0.56 0.73 0.96 0.84 0.00 0.00 
 0.00 0.00 0.00 0.00 0.09 0.98 1.00 1.00 0.11 0.00 0.00 0.00 0.00 0.00 0.00 0.00 0.56 0.73 0.00 0.00 
 0.00 0.00 0.00 0.00 0.00 0.89 1.00 1.00 0.11 0.00 0.00 0.00 0.00 0.00 0.00 0.00 0.45 0.64 0.00 0.00 
 0.00 0.00 0.00 0.00 0.00 0.89 1.00 1.00 0.11 0.00 0.00 0.00 0.00 0.00 0.00 0.00 0.33 0.44 0.00 0.00 
 0.00 0.00 0.00 0.00 0.00 0.89 1.00 1.00 0.11 0.00 0.00 0.00 0.00 0.00 0.00 0.00 0.00 0.00 0.00 0.00 
 0.00 0.00 0.00 0.00 0.00 0.89 1.00 0.91 0.03 0.00 0.00 0.00 0.00 0.00 0.00 0.00 0.00 0.00 0.00 0.00 
 0.00 0.00 0.00 0.00 0.00 0.89 1.00 0.89 0.00 0.00 0.00 0.00 0.00 0.00 0.09 0.68 0.00 0.00 0.00 0.00 
 0.00 0.00 0.00 0.00 0.00 0.89 1.00 0.89 0.00 0.00 0.00 0.00 0.00 0.00 0.20 0.89 0.00 0.00 0.00 0.00 
 0.00 0.00 0.00 0.00 0.00 0.89 1.00 0.91 0.19 0.11 0.11 0.11 0.13 0.24 0.58 0.79 0.00 0.00 0.00 0.00 
 0.00 0.00 0.00 0.00 0.00 0.89 1.00 1.00 1.00 1.00 1.00 1.00 1.00 1.00 1.00 0.78 0.00 0.00 0.00 0.00 
 0.00 0.00 0.00 0.00 0.00 0.89 1.00 0.91 0.18 0.11 0.11 0.11 0.15 0.26 0.71 0.78 0.00 0.00 0.00 0.00 
 0.00 0.00 0.00 0.00 0.00 0.89 1.00 0.89 0.00 0.00 0.00 0.00 0.00 0.00 0.30 0.85 0.00 0.00 0.00 0.00 
 0.00 0.00 0.00 0.00 0.00 0.89 1.00 0.89 0.00 0.00 0.00 0.00 0.00 0.00 0.18 0.89 0.00 0.00 0.00 0.00 
 0.00 0.00 0.00 0.00 0.00 0.89 1.00 0.89 0.00 0.00 0.00 0.00 0.00 0.00 0.03 0.19 0.00 0.00 0.00 0.00 
 0.00 0.00 0.00 0.00 0.00 0.89 1.00 0.89 0.00 0.00 0.00 0.00 0.00 0.00 0.00 0.00 0.00 0.00 0.00 0.00 
 0.00 0.00 0.00 0.00 0.05 0.94 1.00 0.89 0.00 0.00 0.00 0.00 0.00 0.00 0.00 0.00 0.00 0.06 0.58 0.00 
 0.00 0.00 0.00 0.00 0.11 1.00 1.00 0.89 0.00 0.00 0.00 0.00 0.00 0.00 0.00 0.00 0.00 0.24 0.83 0.00 
 0.00 0.00 0.00 0.00 0.11 1.00 1.00 0.89 0.00 0.00 0.00 0.00 0.00 0.00 0.00 0.00 0.00 0.47 0.72 0.00 
 0.00 0.00 0.00 0.00 0.11 1.00 1.00 0.89 0.00 0.00 0.00 0.00 0.00 0.00 0.00 0.00 0.09 0.79 0.64 0.00 
 