0.00 0.00 0.00 0.00 0.00 0.00 0.18 0.53 0.80 0.94 1.00 0.98 0.84 0.64 0.33 0.06 0.00 0.00 0.00 0.00 
 0.00 0.00 0.00 0.00 0.08 0.57 0.98 1.00 1.00 1.00 1.00 1.00 1.00 1.00 1.00 0.86 0.29 0.00 0.00 0.00 
 0.00 0.00 0.00 0.11 0.80 1.00 1.00 1.00 1.00 1.00 1.00 1.00 1.00 1.00 1.00 1.00 0.98 0.43 0.00 0.00 
 0.00 0.00 0.04 0.76 1.00 1.00 1.00 1.00 1.00 1.00 1.00 1.00 1.00 1.00 1.00 1.00 1.00 0.98 0.35 0.00 
 0.00 0.00 0.45 1.00 1.00 1.00 1.00 1.00 0.82 0.35 0.15 0.21 0.51 0.94 1.00 1.00 1.00 1.00 0.90 0.08 
 0.00 0.08 0.92 1.00 1.00 1.00 1.00 0.78 0.06 0.00 0.00 0.00 0.00 0.23 0.94 1.00 1.00 1.00 1.00 0.49 
 0.00 0.35 1.00 1.00 1.00 1.00 0.96 0.16 0.00 0.00 0.00 0.00 0.00 0.00 0.53 1.00 1.00 1.00 1.00 0.86 
 0.00 0.64 1.00 1.00 1.00 1.00 0.80 0.00 0.00 0.00 0.00 0.00 0.00 0.00 0.18 1.00 1.00 1.00 1.00 1.00 
 0.00 0.82 1.00 1.00 1.00 1.00 0.76 0.15 0.15 0.15 0.15 0.15 0.15 0.15 0.27 1.00 1.00 1.00 1.00 1.00 
 0.08 0.94 1.00 1.00 1.00 1.00 1.00 1.00 1.00 1.00 1.00 1.00 1.00 1.00 1.00 1.00 1.00 1.00 1.00 1.00 
 0.15 1.00 1.00 1.00 1.00 1.00 1.00 1.00 1.00 1.00 1.00 1.00 1.00 1.00 1.00 1.00 1.00 1.00 1.00 1.00 
 0.15 1.00 1.00 1.00 1.00 1.00 1.00 1.00 1.00 1.00 1.00 1.00 1.00 1.00 1.00 1.00 1.00 1.00 1.00 1.00 
 0.08 0.94 1.00 1.00 1.00 1.00 0.76 0.43 0.43 0.43 0.43 0.43 0.43 0.43 0.43 0.43 0.43 0.43 0.43 0.43 
 0.00 0.82 1.00 1.00 1.00 1.00 0.65 0.00 0.00 0.00 0.00 0.00 0.00 0.00 0.00 0.00 0.00 0.00 0.00 0.00 
 0.00 0.62 1.00 1.00 1.00 1.00 0.86 0.02 0.00 0.00 0.00 0.00 0.00 0.00 0.13 0.15 0.13 0.00 0.00 0.00 
 0.00 0.33 1.00 1.00 1.00 1.00 1.00 0.37 0.00 0.00 0.00 0.00 0.00 0.02 0.76 1.00 0.98 0.84 0.67 0.53 
 0.00 0.06 0.88 1.00 1.00 1.00 1.00 0.92 0.27 0.00 0.00 0.00 0.02 0.41 1.00 1.00 1.00 1.00 1.00 0.74 
 0.00 0.00 0.39 1.00 1.00 1.00 1.00 1.00 0.98 0.72 0.47 0.45 0.72 1.00 1.00 1.00 1.00 1.00 0.98 0.25 
 0.00 0.00 0.02 0.65 1.00 1.00 1.00 1.00 1.00 1.00 1.00 1.00 1.00 1.00 1.00 1.00 1.00 0.98 0.51 0.00 
 0.00 0.00 0.00 0.04 0.67 1.00 1.00 1.00 1.00 1.00 1.00 1.00 1.00 1.00 1.00 1.00 1.00 0.55 0.00 0.00 
 