0.00 0.00 0.00 0.00 0.00 0.06 0.25 0.49 0.62 0.72 0.72 0.65 0.51 0.27 0.06 0.00 0.00 0.00 0.00 0.00 
 0.00 0.00 0.00 0.04 0.41 0.88 1.00 1.00 1.00 1.00 1.00 1.00 1.00 1.00 0.90 0.43 0.04 0.00 0.00 0.00 
 0.00 0.00 0.11 0.76 1.00 1.00 1.00 1.00 1.00 1.00 1.00 1.00 1.00 1.00 1.00 1.00 0.72 0.08 0.00 0.00 
 0.00 0.06 0.78 1.00 1.00 1.00 1.00 1.00 1.00 1.00 1.00 1.00 1.00 1.00 1.00 1.00 1.00 0.72 0.02 0.00 
 0.00 0.53 1.00 1.00 1.00 1.00 1.00 0.98 0.72 0.37 0.31 0.51 0.90 1.00 1.00 1.00 1.00 1.00 0.45 0.00 
 0.15 0.98 1.00 1.00 1.00 1.00 1.00 0.59 0.00 0.00 0.00 0.00 0.16 0.94 1.00 1.00 1.00 1.00 0.88 0.06 
 0.47 1.00 1.00 1.00 1.00 1.00 0.92 0.08 0.00 0.00 0.00 0.00 0.00 0.49 1.00 1.00 1.00 1.00 1.00 0.39 
 0.74 1.00 1.00 1.00 1.00 1.00 0.84 0.29 0.29 0.29 0.29 0.29 0.29 0.45 1.00 1.00 1.00 1.00 1.00 0.67 
 0.90 1.00 1.00 1.00 1.00 1.00 1.00 1.00 1.00 1.00 1.00 1.00 1.00 1.00 1.00 1.00 1.00 1.00 1.00 0.88 
 1.00 1.00 1.00 1.00 1.00 1.00 1.00 1.00 1.00 1.00 1.00 1.00 1.00 1.00 1.00 1.00 1.00 1.00 1.00 1.00 
 1.00 1.00 1.00 1.00 1.00 1.00 1.00 1.00 1.00 1.00 1.00 1.00 1.00 1.00 1.00 1.00 1.00 1.00 1.00 1.00 
 0.92 1.00 1.00 1.00 1.00 1.00 0.69 0.29 0.29 0.29 0.29 0.29 0.29 0.29 0.29 0.29 0.29 0.29 0.29 0.29 
 0.74 1.00 1.00 1.00 1.00 1.00 0.69 0.00 0.00 0.00 0.00 0.00 0.00 0.00 0.00 0.00 0.00 0.00 0.00 0.00 
 0.47 1.00 1.00 1.00 1.00 1.00 0.90 0.06 0.00 0.00 0.00 0.00 0.02 0.33 0.43 0.43 0.43 0.43 0.43 0.29 
 0.13 0.94 1.00 1.00 1.00 1.00 1.00 0.69 0.15 0.00 0.00 0.04 0.43 1.00 1.00 1.00 1.00 1.00 1.00 0.37 
 0.00 0.47 1.00 1.00 1.00 1.00 1.00 1.00 0.98 0.78 0.72 0.88 1.00 1.00 1.00 1.00 1.00 1.00 0.82 0.02 
 0.00 0.04 0.67 1.00 1.00 1.00 1.00 1.00 1.00 1.00 1.00 1.00 1.00 1.00 1.00 1.00 1.00 0.94 0.27 0.00 
 0.00 0.00 0.04 0.64 0.98 1.00 1.00 1.00 1.00 1.00 1.00 1.00 1.00 1.00 1.00 1.00 0.92 0.31 0.00 0.00 
 0.00 0.00 0.00 0.00 0.31 0.78 0.98 1.00 1.00 1.00 1.00 1.00 1.00 1.00 0.94 0.67 0.15 0.00 0.00 0.00 
 0.00 0.00 0.00 0.00 0.00 0.00 0.18 0.43 0.59 0.72 0.72 0.69 0.55 0.39 0.11 0.00 0.00 0.00 0.00 0.00 
 