0.00 0.00 0.00 0.00 0.00 0.02 0.25 0.62 0.85 0.99 1.00 0.93 0.74 0.44 0.07 0.00 0.00 0.00 0.00 0.00 
 0.00 0.00 0.00 0.00 0.04 0.62 1.00 1.00 1.00 1.00 1.00 1.00 1.00 1.00 0.89 0.26 0.00 0.00 0.00 0.00 
 0.00 0.00 0.00 0.00 0.58 1.00 1.00 1.00 1.00 1.00 1.00 1.00 1.00 1.00 1.00 0.95 0.19 0.00 0.00 0.00 
 0.00 0.00 0.00 0.15 0.99 1.00 1.00 1.00 1.00 0.88 0.61 0.98 1.00 1.00 1.00 1.00 0.73 0.00 0.00 0.00 
 0.00 0.00 0.00 0.41 1.00 1.00 1.00 1.00 1.00 0.49 0.00 0.74 1.00 1.00 1.00 1.00 0.95 0.07 0.00 0.00 
 0.00 0.00 0.00 0.57 1.00 1.00 1.00 1.00 1.00 0.45 0.00 0.67 1.00 1.00 1.00 1.00 1.00 0.27 0.00 0.00 
 0.00 0.00 0.00 0.67 1.00 1.00 1.00 1.00 1.00 0.45 0.00 0.67 1.00 1.00 1.00 1.00 1.00 0.38 0.00 0.00 
 0.00 0.00 0.00 0.67 1.00 1.00 1.00 1.00 1.00 0.69 0.45 0.82 1.00 1.00 1.00 1.00 1.00 0.45 0.00 0.00 
 0.00 0.00 0.00 0.67 1.00 1.00 1.00 1.00 1.00 1.00 1.00 1.00 1.00 1.00 1.00 1.00 1.00 0.45 0.00 0.00 
 0.00 0.00 0.00 0.67 1.00 1.00 1.00 1.00 1.00 1.00 1.00 1.00 1.00 1.00 1.00 1.00 1.00 0.45 0.00 0.00 
 0.00 0.00 0.00 0.67 1.00 1.00 1.00 1.00 1.00 0.88 0.78 0.78 0.78 0.78 0.78 0.78 0.78 0.35 0.00 0.00 
 0.00 0.00 0.00 0.67 1.00 1.00 1.00 1.00 1.00 0.45 0.00 0.00 0.00 0.00 0.00 0.00 0.00 0.00 0.00 0.00 
 0.00 0.00 0.00 0.67 1.00 1.00 1.00 1.00 1.00 0.45 0.00 0.30 0.89 0.89 0.89 0.89 0.89 0.40 0.00 0.00 
 0.00 0.00 0.00 0.67 1.00 1.00 1.00 1.00 1.00 0.45 0.00 0.33 1.00 1.00 1.00 1.00 1.00 0.45 0.00 0.00 
 0.00 0.00 0.00 0.65 1.00 1.00 1.00 1.00 1.00 0.45 0.00 0.33 1.00 1.00 1.00 1.00 1.00 0.45 0.00 0.00 
 0.00 0.00 0.00 0.55 1.00 1.00 1.00 1.00 1.00 0.45 0.00 0.35 1.00 1.00 1.00 1.00 1.00 0.36 0.00 0.00 
 0.00 0.00 0.00 0.37 1.00 1.00 1.00 1.00 1.00 0.55 0.00 0.52 1.00 1.00 1.00 1.00 0.99 0.19 0.00 0.00 
 0.00 0.00 0.00 0.10 0.95 1.00 1.00 1.00 1.00 0.95 0.68 0.96 1.00 1.00 1.00 1.00 0.77 0.00 0.00 0.00 
 0.00 0.00 0.00 0.00 0.42 1.00 1.00 1.00 1.00 1.00 1.00 1.00 1.00 1.00 1.00 0.95 0.20 0.00 0.00 0.00 
 0.00 0.00 0.00 0.00 0.02 0.45 0.96 1.00 1.00 1.00 1.00 1.00 1.00 1.00 0.93 0.30 0.00 0.00 0.00 0.00 
 