0.00 0.27 0.99 1.00 1.00 1.00 1.00 1.00 1.00 1.00 1.00 1.00 1.00 1.00 1.00 1.00 1.00 0.50 0.00 0.00 
 0.00 0.05 0.36 0.38 0.69 0.93 0.38 0.38 0.38 0.38 0.38 0.38 0.38 0.38 0.38 0.38 0.93 0.50 0.00 0.00 
 0.00 0.00 0.00 0.00 0.50 0.88 0.00 0.00 0.00 0.00 0.00 0.00 0.00 0.00 0.00 0.00 0.88 0.50 0.00 0.00 
 0.00 0.00 0.00 0.00 0.50 0.88 0.00 0.00 0.00 0.00 0.00 0.00 0.00 0.00 0.00 0.00 0.88 0.50 0.00 0.00 
 0.00 0.00 0.00 0.00 0.50 0.88 0.00 0.00 0.00 0.00 0.00 0.00 0.00 0.00 0.00 0.00 0.88 0.50 0.00 0.00 
 0.00 0.00 0.00 0.00 0.50 0.88 0.00 0.00 0.00 0.00 0.00 0.00 0.00 0.00 0.00 0.00 0.66 0.33 0.00 0.00 
 0.00 0.00 0.00 0.00 0.50 0.88 0.00 0.00 0.00 0.00 0.02 0.50 0.13 0.00 0.00 0.00 0.00 0.00 0.00 0.00 
 0.00 0.00 0.00 0.00 0.50 0.88 0.00 0.00 0.00 0.00 0.13 1.00 0.38 0.00 0.00 0.00 0.00 0.00 0.00 0.00 
 0.00 0.00 0.00 0.00 0.50 0.89 0.13 0.13 0.13 0.13 0.24 1.00 0.38 0.00 0.00 0.00 0.00 0.00 0.00 0.00 
 0.00 0.00 0.00 0.00 0.50 1.00 1.00 1.00 1.00 1.00 1.00 1.00 0.38 0.00 0.00 0.00 0.00 0.00 0.00 0.00 
 0.00 0.00 0.00 0.00 0.50 0.93 0.38 0.38 0.38 0.38 0.45 1.00 0.38 0.00 0.00 0.00 0.00 0.00 0.00 0.00 
 0.00 0.00 0.00 0.00 0.50 0.88 0.00 0.00 0.00 0.00 0.13 1.00 0.38 0.00 0.00 0.00 0.00 0.00 0.00 0.00 
 0.00 0.00 0.00 0.00 0.50 0.88 0.00 0.00 0.00 0.00 0.06 0.82 0.27 0.00 0.00 0.00 0.00 0.00 0.00 0.00 
 0.00 0.00 0.00 0.00 0.50 0.88 0.00 0.00 0.00 0.00 0.00 0.00 0.00 0.00 0.00 0.00 0.02 0.50 0.13 0.00 
 0.00 0.00 0.00 0.00 0.50 0.88 0.00 0.00 0.00 0.00 0.00 0.00 0.00 0.00 0.00 0.00 0.13 1.00 0.38 0.00 
 0.00 0.00 0.00 0.00 0.50 0.88 0.00 0.00 0.00 0.00 0.00 0.00 0.00 0.00 0.00 0.00 0.13 1.00 0.38 0.00 
 0.00 0.00 0.00 0.00 0.50 0.88 0.00 0.00 0.00 0.00 0.00 0.00 0.00 0.00 0.00 0.00 0.13 1.00 0.38 0.00 
 0.00 0.00 0.00 0.00 0.50 0.88 0.00 0.00 0.00 0.00 0.00 0.00 0.00 0.00 0.00 0.00 0.13 1.00 0.38 0.00 
 0.00 0.06 0.36 0.38 0.69 0.93 0.38 0.38 0.38 0.38 0.38 0.38 0.38 0.38 0.38 0.38 0.45 1.00 0.38 0.00 
 0.00 0.28 0.99 1.00 1.00 1.00 1.00 1.00 1.00 1.00 1.00 1.00 1.00 1.00 1.00 1.00 1.00 1.00 0.38 0.00 
 