0.00 0.00 0.00 0.00 0.00 0.00 0.00 0.13 0.43 0.69 0.88 1.00 1.00 0.96 0.80 0.51 0.16 0.00 0.00 0.00 
 0.00 0.00 0.00 0.00 0.00 0.08 0.55 0.96 1.00 1.00 1.00 1.00 1.00 1.00 1.00 1.00 0.98 0.49 0.02 0.00 
 0.00 0.00 0.00 0.00 0.16 0.84 1.00 1.00 1.00 1.00 1.00 1.00 1.00 1.00 1.00 1.00 1.00 1.00 0.55 0.00 
 0.00 0.00 0.00 0.15 0.88 1.00 1.00 1.00 1.00 1.00 0.98 0.86 0.92 1.00 1.00 1.00 1.00 1.00 0.98 0.37 
 0.00 0.00 0.04 0.78 1.00 1.00 1.00 1.00 0.98 0.64 0.18 0.00 0.08 0.45 0.94 1.00 1.00 1.00 1.00 0.88 
 0.00 0.00 0.43 1.00 1.00 1.00 1.00 0.98 0.47 0.00 0.00 0.00 0.00 0.00 0.33 1.00 1.00 1.00 1.00 1.00 
 0.00 0.08 0.92 1.00 1.00 1.00 1.00 0.72 0.00 0.00 0.00 0.00 0.00 0.00 0.04 0.86 1.00 1.00 1.00 1.00 
 0.00 0.37 1.00 1.00 1.00 1.00 1.00 0.31 0.00 0.00 0.00 0.00 0.00 0.00 0.00 0.62 1.00 1.00 1.00 1.00 
 0.00 0.69 1.00 1.00 1.00 1.00 0.90 0.04 0.00 0.00 0.00 0.00 0.00 0.00 0.00 0.57 1.00 1.00 1.00 1.00 
 0.06 0.92 1.00 1.00 1.00 1.00 0.98 0.86 0.86 0.86 0.86 0.86 0.86 0.86 0.86 0.94 1.00 1.00 1.00 1.00 
 0.15 1.00 1.00 1.00 1.00 1.00 1.00 1.00 1.00 1.00 1.00 1.00 1.00 1.00 1.00 1.00 1.00 1.00 1.00 1.00 
 0.15 1.00 1.00 1.00 1.00 1.00 1.00 1.00 1.00 1.00 1.00 1.00 1.00 1.00 1.00 1.00 1.00 1.00 1.00 1.00 
 0.15 1.00 1.00 1.00 1.00 1.00 0.69 0.57 0.57 0.57 0.57 0.57 0.57 0.57 0.57 0.57 0.57 0.57 0.57 0.57 
 0.15 1.00 1.00 1.00 1.00 1.00 0.29 0.00 0.00 0.00 0.00 0.00 0.00 0.00 0.00 0.00 0.00 0.00 0.00 0.00 
 0.06 0.90 1.00 1.00 1.00 1.00 0.45 0.00 0.00 0.00 0.00 0.00 0.00 0.00 0.02 0.02 0.00 0.00 0.00 0.00 
 0.00 0.64 1.00 1.00 1.00 1.00 0.80 0.02 0.00 0.00 0.00 0.00 0.00 0.00 0.49 0.86 0.65 0.45 0.25 0.11 
 0.00 0.29 1.00 1.00 1.00 1.00 1.00 0.57 0.02 0.00 0.00 0.00 0.02 0.41 0.98 1.00 1.00 1.00 1.00 0.45 
 0.00 0.02 0.74 1.00 1.00 1.00 1.00 1.00 0.76 0.39 0.29 0.41 0.76 1.00 1.00 1.00 1.00 1.00 0.76 0.02 
 0.00 0.00 0.15 0.90 1.00 1.00 1.00 1.00 1.00 1.00 1.00 1.00 1.00 1.00 1.00 1.00 1.00 0.84 0.13 0.00 
 0.00 0.00 0.00 0.21 0.88 1.00 1.00 1.00 1.00 1.00 1.00 1.00 1.00 1.00 1.00 1.00 0.80 0.13 0.00 0.00 
 