0.00 0.36 0.83 0.98 1.00 1.00 0.94 0.76 0.70 0.70 0.70 0.77 0.89 1.00 1.00 0.99 0.22 0.00 0.00 0.00 
 0.00 0.00 0.00 0.33 1.00 0.94 0.12 0.00 0.00 0.00 0.00 0.00 0.01 0.22 0.71 1.00 0.64 0.00 0.00 0.00 
 0.00 0.00 0.00 0.10 1.00 0.80 0.00 0.00 0.00 0.00 0.00 0.00 0.00 0.00 0.01 0.55 0.95 0.08 0.00 0.00 
 0.00 0.00 0.00 0.10 1.00 0.80 0.00 0.00 0.00 0.00 0.00 0.00 0.00 0.00 0.00 0.01 0.63 0.47 0.00 0.00 
 0.00 0.00 0.00 0.10 1.00 0.80 0.00 0.00 0.00 0.00 0.00 0.00 0.00 0.00 0.00 0.00 0.05 0.63 0.00 0.00 
 0.00 0.00 0.00 0.10 1.00 0.80 0.00 0.00 0.00 0.00 0.00 0.00 0.02 0.14 0.00 0.00 0.00 0.01 0.00 0.00 
 0.00 0.00 0.00 0.10 1.00 0.80 0.00 0.00 0.00 0.00 0.00 0.00 0.10 0.70 0.00 0.00 0.00 0.00 0.00 0.00 
 0.00 0.00 0.00 0.10 1.00 0.80 0.00 0.00 0.00 0.00 0.00 0.00 0.23 0.70 0.00 0.00 0.00 0.00 0.00 0.00 
 0.00 0.00 0.00 0.10 1.00 0.80 0.00 0.00 0.00 0.00 0.00 0.09 0.75 0.70 0.00 0.00 0.00 0.00 0.00 0.00 
 0.00 0.00 0.00 0.10 1.00 0.94 0.70 0.70 0.70 0.70 0.74 0.95 1.00 0.70 0.00 0.00 0.00 0.00 0.00 0.00 
 0.00 0.00 0.00 0.10 1.00 0.82 0.10 0.10 0.10 0.10 0.12 0.43 0.96 0.70 0.00 0.00 0.00 0.00 0.00 0.00 
 0.00 0.00 0.00 0.10 1.00 0.80 0.00 0.00 0.00 0.00 0.00 0.00 0.43 0.70 0.00 0.00 0.00 0.00 0.00 0.00 
 0.00 0.00 0.00 0.10 1.00 0.80 0.00 0.00 0.00 0.00 0.00 0.00 0.12 0.70 0.00 0.00 0.00 0.00 0.00 0.00 
 0.00 0.00 0.00 0.10 1.00 0.80 0.00 0.00 0.00 0.00 0.00 0.00 0.06 0.42 0.00 0.00 0.00 0.00 0.00 0.00 
 0.00 0.00 0.00 0.10 1.00 0.80 0.00 0.00 0.00 0.00 0.00 0.00 0.00 0.00 0.00 0.00 0.00 0.00 0.01 0.00 
 0.00 0.00 0.00 0.10 1.00 0.80 0.00 0.00 0.00 0.00 0.00 0.00 0.00 0.00 0.00 0.00 0.00 0.30 0.42 0.00 
 0.00 0.00 0.00 0.10 1.00 0.80 0.00 0.00 0.00 0.00 0.00 0.00 0.00 0.00 0.00 0.00 0.17 0.90 0.13 0.00 
 0.00 0.00 0.00 0.10 1.00 0.80 0.00 0.00 0.00 0.00 0.00 0.00 0.00 0.00 0.00 0.19 0.90 0.73 0.00 0.00 
 0.00 0.00 0.00 0.25 1.00 0.93 0.08 0.00 0.00 0.00 0.00 0.00 0.00 0.07 0.46 0.95 1.00 0.35 0.00 0.00 
 0.00 0.27 0.65 0.95 1.00 1.00 0.88 0.59 0.50 0.50 0.51 0.60 0.72 0.95 1.00 1.00 0.91 0.03 0.00 0.00 
 