0.00 0.00 0.00 0.00 0.00 0.00 0.00 0.18 0.54 0.61 0.57 0.62 0.63 0.36 0.05 0.00 0.00 0.00 0.00 0.00 
 0.00 0.00 0.00 0.00 0.00 0.03 0.49 0.82 0.24 0.00 0.00 0.00 0.14 0.73 0.82 0.17 0.00 0.00 0.00 0.00 
 0.00 0.00 0.00 0.00 0.02 0.59 0.87 0.11 0.00 0.00 0.00 0.00 0.00 0.05 0.79 0.89 0.13 0.00 0.00 0.00 
 0.00 0.00 0.00 0.00 0.41 0.99 0.30 0.00 0.00 0.00 0.00 0.00 0.00 0.00 0.24 1.00 0.69 0.00 0.00 0.00 
 0.00 0.00 0.00 0.12 0.94 0.78 0.00 0.00 0.00 0.00 0.00 0.00 0.00 0.00 0.02 0.80 0.97 0.18 0.00 0.00 
 0.00 0.00 0.00 0.51 1.00 0.46 0.00 0.00 0.00 0.00 0.00 0.00 0.00 0.00 0.00 0.53 1.00 0.51 0.00 0.00 
 0.00 0.00 0.04 0.86 1.00 0.22 0.00 0.00 0.00 0.00 0.00 0.00 0.00 0.00 0.00 0.35 1.00 0.73 0.00 0.00 
 0.00 0.00 0.16 1.00 0.94 0.06 0.00 0.00 0.00 0.00 0.00 0.00 0.00 0.00 0.00 0.24 1.00 0.85 0.00 0.00 
 0.00 0.00 0.31 1.00 0.91 0.24 0.24 0.24 0.24 0.24 0.24 0.24 0.24 0.24 0.24 0.38 1.00 0.88 0.00 0.00 
 0.00 0.00 0.41 1.00 0.91 0.33 0.33 0.33 0.33 0.33 0.33 0.33 0.33 0.33 0.33 0.33 0.33 0.29 0.00 0.00 
 0.00 0.00 0.43 1.00 0.87 0.00 0.00 0.00 0.00 0.00 0.00 0.00 0.00 0.00 0.00 0.00 0.00 0.00 0.00 0.00 
 0.00 0.00 0.36 1.00 0.88 0.00 0.00 0.00 0.00 0.00 0.00 0.00 0.00 0.00 0.00 0.00 0.00 0.00 0.00 0.00 
 0.00 0.00 0.23 1.00 0.91 0.04 0.00 0.00 0.00 0.00 0.00 0.00 0.00 0.00 0.00 0.00 0.00 0.00 0.00 0.00 
 0.00 0.00 0.09 0.96 0.99 0.18 0.00 0.00 0.00 0.00 0.00 0.00 0.00 0.00 0.00 0.00 0.00 0.00 0.00 0.00 
 0.00 0.00 0.00 0.65 1.00 0.41 0.00 0.00 0.00 0.00 0.00 0.00 0.00 0.00 0.00 0.00 0.00 0.23 0.00 0.00 
 0.00 0.00 0.00 0.24 0.99 0.73 0.00 0.00 0.00 0.00 0.00 0.00 0.00 0.00 0.00 0.00 0.05 0.60 0.00 0.00 
 0.00 0.00 0.00 0.01 0.64 0.97 0.23 0.00 0.00 0.00 0.00 0.00 0.00 0.00 0.00 0.00 0.33 0.29 0.00 0.00 
 0.00 0.00 0.00 0.00 0.08 0.83 0.82 0.07 0.00 0.00 0.00 0.00 0.00 0.00 0.00 0.12 0.55 0.00 0.00 0.00 
 0.00 0.00 0.00 0.00 0.00 0.12 0.79 0.76 0.12 0.00 0.00 0.00 0.00 0.00 0.15 0.56 0.06 0.00 0.00 0.00 
 0.00 0.00 0.00 0.00 0.00 0.00 0.04 0.51 0.86 0.50 0.21 0.11 0.21 0.47 0.47 0.04 0.00 0.00 0.00 0.00 
 