0.00 0.00 0.33 0.71 0.97 0.99 0.69 0.66 0.66 0.66 0.66 0.67 0.75 0.93 1.00 1.00 0.18 0.00 0.00 0.00 
 0.00 0.00 0.00 0.00 0.64 0.83 0.00 0.00 0.00 0.00 0.00 0.00 0.00 0.02 0.39 0.98 0.29 0.00 0.00 0.00 
 0.00 0.00 0.00 0.00 0.62 0.82 0.00 0.00 0.00 0.00 0.00 0.00 0.00 0.00 0.00 0.47 0.39 0.00 0.00 0.00 
 0.00 0.00 0.00 0.00 0.62 0.82 0.00 0.00 0.00 0.00 0.00 0.00 0.00 0.00 0.00 0.08 0.48 0.00 0.00 0.00 
 0.00 0.00 0.00 0.00 0.62 0.82 0.00 0.00 0.00 0.00 0.00 0.00 0.00 0.00 0.00 0.00 0.43 0.00 0.00 0.00 
 0.00 0.00 0.00 0.00 0.62 0.82 0.00 0.00 0.00 0.00 0.00 0.05 0.00 0.00 0.00 0.00 0.38 0.00 0.00 0.00 
 0.00 0.00 0.00 0.00 0.62 0.82 0.00 0.00 0.00 0.00 0.00 0.37 0.00 0.00 0.00 0.00 0.14 0.00 0.00 0.00 
 0.00 0.00 0.00 0.00 0.62 0.82 0.00 0.00 0.00 0.00 0.00 0.47 0.00 0.00 0.00 0.00 0.00 0.00 0.00 0.00 
 0.00 0.00 0.00 0.00 0.62 0.82 0.00 0.00 0.00 0.00 0.06 0.82 0.00 0.00 0.00 0.00 0.00 0.00 0.00 0.00 
 0.00 0.00 0.00 0.00 0.62 0.94 0.66 0.66 0.66 0.73 0.95 0.99 0.00 0.00 0.00 0.00 0.00 0.00 0.00 0.00 
 0.00 0.00 0.00 0.00 0.62 0.82 0.00 0.00 0.00 0.02 0.25 0.91 0.00 0.00 0.00 0.00 0.00 0.00 0.00 0.00 
 0.00 0.00 0.00 0.00 0.62 0.82 0.00 0.00 0.00 0.00 0.00 0.52 0.00 0.00 0.00 0.00 0.00 0.00 0.00 0.00 
 0.00 0.00 0.00 0.00 0.62 0.82 0.00 0.00 0.00 0.00 0.00 0.38 0.00 0.00 0.00 0.00 0.00 0.11 0.00 0.00 
 0.00 0.00 0.00 0.00 0.62 0.82 0.00 0.00 0.00 0.00 0.00 0.14 0.00 0.00 0.00 0.00 0.01 0.38 0.00 0.00 
 0.00 0.00 0.00 0.00 0.62 0.82 0.00 0.00 0.00 0.00 0.00 0.00 0.00 0.00 0.00 0.00 0.12 0.29 0.00 0.00 
 0.00 0.00 0.00 0.00 0.62 0.82 0.00 0.00 0.00 0.00 0.00 0.00 0.00 0.00 0.00 0.00 0.33 0.16 0.00 0.00 
 0.00 0.00 0.00 0.00 0.62 0.82 0.00 0.00 0.00 0.00 0.00 0.00 0.00 0.00 0.00 0.00 0.61 0.04 0.00 0.00 
 0.00 0.00 0.00 0.00 0.62 0.82 0.00 0.00 0.00 0.00 0.00 0.00 0.00 0.00 0.00 0.13 0.86 0.00 0.00 0.00 
 0.00 0.00 0.00 0.00 0.64 0.83 0.00 0.00 0.00 0.00 0.00 0.00 0.00 0.00 0.25 0.86 0.77 0.00 0.00 0.00 
 0.00 0.00 0.31 0.68 0.96 0.98 0.66 0.64 0.64 0.64 0.64 0.65 0.71 0.89 1.00 1.00 0.65 0.00 0.00 0.00 
 