-1.00 -1.00 -1.00 -1.00 -1.00 -1.00 -1.00 -1.00 -0.65 0.08 0.59 0.90 1.00 0.91 0.56 -0.13 -0.94 -1.00 -1.00 -1.00 
 -1.00 -1.00 -1.00 -1.00 -1.00 -1.00 -0.78 0.35 1.00 1.00 0.92 0.65 0.75 1.00 1.00 1.00 0.63 -0.83 -1.00 -1.00 
 -1.00 -1.00 -1.00 -1.00 -1.00 -0.49 0.86 1.00 0.83 -0.24 -0.94 -1.00 -1.00 -0.65 0.68 1.00 1.00 0.45 -0.99 -1.00 
 -1.00 -1.00 -1.00 -1.00 -0.48 0.94 1.00 0.68 -0.79 -1.00 -1.00 -1.00 -1.00 -1.00 -0.62 1.00 1.00 1.00 -0.58 -1.00 
 -1.00 -1.00 -1.00 -0.76 0.87 1.00 0.88 -0.74 -1.00 -1.00 -1.00 -1.00 -1.00 -1.00 -1.00 0.77 1.00 1.00 -0.04 -1.00 
 -1.00 -1.00 -0.99 0.42 1.00 1.00 -0.10 -1.00 -1.00 -1.00 -1.00 -1.00 -1.00 -1.00 -1.00 0.63 1.00 1.00 0.21 -1.00 
 -1.00 -1.00 -0.51 1.00 1.00 0.92 -0.90 -1.00 -1.00 -1.00 -1.00 -1.00 -1.00 -1.00 -1.00 0.80 1.00 1.00 0.22 -1.00 
 -1.00 -1.00 0.35 1.00 1.00 0.80 0.11 0.11 0.11 0.11 0.11 0.11 0.11 0.11 0.12 1.00 1.00 1.00 0.04 -1.00 
 -1.00 -0.91 0.94 1.00 1.00 1.00 1.00 1.00 1.00 1.00 1.00 1.00 1.00 1.00 1.00 1.00 1.00 1.00 -0.29 -1.00 
 -1.00 -0.47 1.00 1.00 1.00 -0.43 -0.71 -0.71 -0.71 -0.71 -0.71 -0.71 -0.71 -0.71 -0.71 -0.71 -0.71 -0.71 -0.93 -1.00 
 -1.00 -0.11 1.00 1.00 1.00 -0.92 -1.00 -1.00 -1.00 -1.00 -1.00 -1.00 -1.00 -1.00 -1.00 -1.00 -1.00 -1.00 -1.00 -1.00 
 -1.00 0.11 1.00 1.00 0.95 -1.00 -1.00 -1.00 -1.00 -1.00 -1.00 -1.00 -1.00 -1.00 -1.00 -1.00 -1.00 -1.00 -1.00 -1.00 
 -1.00 0.16 1.00 1.00 0.98 -0.97 -1.00 -1.00 -1.00 -1.00 -1.00 -1.00 -1.00 -1.00 -1.00 -1.00 -1.00 -1.00 -1.00 -1.00 
 -1.00 0.04 1.00 1.00 1.00 -0.69 -1.00 -1.00 -1.00 -1.00 -1.00 -1.00 -1.00 -1.00 -1.00 -1.00 -1.00 -1.00 -1.00 -1.00 
 -1.00 -0.28 1.00 1.00 1.00 -0.11 -1.00 -1.00 -1.00 -1.00 -1.00 -1.00 -1.00 -1.00 -1.00 -1.00 -1.00 -1.00 -1.00 -1.00 
 -1.00 -0.82 0.97 1.00 1.00 0.79 -0.88 -1.00 -1.00 -1.00 -1.00 -1.00 -1.00 -1.00 -1.00 -1.00 -0.64 -0.85 -1.00 -1.00 
 -1.00 -1.00 0.26 1.00 1.00 1.00 0.50 -0.85 -1.00 -1.00 -1.00 -1.00 -1.00 -1.00 -0.66 0.26 0.95 -0.93 -1.00 -1.00 
 -1.00 -1.00 -0.83 0.78 1.00 1.00 1.00 0.85 0.09 -0.37 -0.51 -0.39 -0.02 0.57 1.00 1.00 0.53 -1.00 -1.00 -1.00 
 -1.00 -1.00 -1.00 -0.72 0.66 1.00 1.00 1.00 1.00 1.00 1.00 1.00 1.00 1.00 0.69 -0.23 -0.97 -1.00 -1.00 -1.00 
 -1.00 -1.00 -1.00 -1.00 -0.95 -0.20 0.51 0.92 1.00 1.00 0.91 0.58 0.09 -0.54 -0.99 -1.00 -1.00 -1.00 -1.00 -1.00 
 