0.00 0.00 0.00 0.00 0.00 0.00 0.13 0.49 0.76 0.92 1.00 1.00 0.88 0.72 0.41 0.08 0.00 0.00 0.00 0.00 
 0.00 0.00 0.00 0.00 0.06 0.53 0.96 1.00 1.00 1.00 1.00 1.00 1.00 1.00 1.00 0.92 0.37 0.00 0.00 0.00 
 0.00 0.00 0.00 0.11 0.78 1.00 1.00 1.00 1.00 1.00 1.00 1.00 1.00 1.00 1.00 1.00 0.98 0.49 0.00 0.00 
 0.00 0.00 0.06 0.78 1.00 1.00 1.00 1.00 1.00 1.00 1.00 1.00 1.00 1.00 1.00 1.00 1.00 0.98 0.35 0.00 
 0.00 0.00 0.53 1.00 1.00 1.00 1.00 1.00 0.92 0.47 0.16 0.18 0.53 0.96 1.00 1.00 1.00 1.00 0.84 0.02 
 0.00 0.16 0.98 1.00 1.00 1.00 1.00 0.92 0.21 0.00 0.00 0.00 0.00 0.41 1.00 1.00 1.00 1.00 1.00 0.35 
 0.00 0.49 1.00 1.00 1.00 1.00 1.00 0.53 0.00 0.00 0.00 0.00 0.00 0.08 0.94 1.00 1.00 1.00 1.00 0.64 
 0.00 0.80 1.00 1.00 1.00 1.00 0.96 0.15 0.00 0.00 0.00 0.00 0.00 0.00 0.76 1.00 1.00 1.00 1.00 0.84 
 0.13 0.98 1.00 1.00 1.00 1.00 0.94 0.57 0.57 0.57 0.57 0.57 0.57 0.57 0.88 1.00 1.00 1.00 1.00 0.96 
 0.15 1.00 1.00 1.00 1.00 1.00 1.00 1.00 1.00 1.00 1.00 1.00 1.00 1.00 1.00 1.00 1.00 1.00 1.00 1.00 
 0.15 1.00 1.00 1.00 1.00 1.00 1.00 1.00 1.00 1.00 1.00 1.00 1.00 1.00 1.00 1.00 1.00 1.00 1.00 1.00 
 0.15 1.00 1.00 1.00 1.00 1.00 1.00 1.00 1.00 1.00 1.00 1.00 1.00 1.00 1.00 1.00 1.00 1.00 1.00 1.00 
 0.15 1.00 1.00 1.00 1.00 1.00 0.92 0.31 0.29 0.29 0.29 0.29 0.29 0.29 0.29 0.29 0.29 0.29 0.29 0.29 
 0.04 0.88 1.00 1.00 1.00 1.00 1.00 0.25 0.00 0.00 0.00 0.00 0.00 0.00 0.00 0.00 0.00 0.00 0.00 0.00 
 0.00 0.62 1.00 1.00 1.00 1.00 1.00 0.69 0.02 0.00 0.00 0.00 0.00 0.00 0.00 0.00 0.00 0.00 0.02 0.00 
 0.00 0.29 1.00 1.00 1.00 1.00 1.00 1.00 0.64 0.15 0.00 0.00 0.00 0.00 0.00 0.06 0.23 0.62 0.27 0.00 
 0.00 0.04 0.76 1.00 1.00 1.00 1.00 1.00 1.00 0.98 0.78 0.62 0.57 0.59 0.74 0.92 1.00 1.00 0.29 0.00 
 0.00 0.00 0.16 0.92 1.00 1.00 1.00 1.00 1.00 1.00 1.00 1.00 1.00 1.00 1.00 1.00 1.00 1.00 0.29 0.00 
 0.00 0.00 0.00 0.23 0.90 1.00 1.00 1.00 1.00 1.00 1.00 1.00 1.00 1.00 1.00 1.00 1.00 1.00 0.29 0.00 
 0.00 0.00 0.00 0.00 0.13 0.64 0.98 1.00 1.00 1.00 1.00 1.00 1.00 1.00 1.00 1.00 1.00 0.76 0.15 0.00 
 