0.00 0.00 0.00 0.00 0.00 0.06 0.28 0.64 0.86 1.00 1.00 0.95 0.78 0.50 0.17 0.00 0.00 0.00 0.00 0.00 
 0.00 0.00 0.00 0.00 0.22 0.81 1.00 1.00 1.00 1.00 1.00 1.00 1.00 1.00 0.95 0.39 0.00 0.00 0.00 0.00 
 0.00 0.00 0.03 0.42 0.97 1.00 1.00 0.92 0.42 0.17 0.33 0.84 1.00 1.00 1.00 0.97 0.42 0.00 0.00 0.00 
 0.00 0.00 0.33 1.00 1.00 1.00 0.97 0.33 0.00 0.00 0.00 0.20 0.97 1.00 1.00 1.00 0.95 0.22 0.00 0.00 
 0.00 0.14 0.92 1.00 1.00 1.00 0.78 0.00 0.00 0.00 0.00 0.00 0.64 1.00 1.00 1.00 1.00 0.73 0.00 0.00 
 0.00 0.56 1.00 1.00 1.00 1.00 0.53 0.00 0.00 0.00 0.00 0.00 0.39 1.00 1.00 1.00 1.00 0.92 0.09 0.00 
 0.09 0.92 1.00 1.00 1.00 1.00 0.33 0.00 0.00 0.00 0.00 0.00 0.25 1.00 1.00 1.00 1.00 1.00 0.28 0.00 
 0.22 1.00 1.00 1.00 1.00 1.00 0.45 0.17 0.17 0.17 0.17 0.17 0.31 1.00 1.00 1.00 1.00 1.00 0.56 0.00 
 0.36 1.00 1.00 1.00 1.00 1.00 1.00 1.00 1.00 1.00 1.00 1.00 1.00 1.00 1.00 1.00 1.00 1.00 0.95 0.20 
 0.50 1.00 1.00 1.00 1.00 1.00 0.92 0.84 0.84 0.84 0.84 0.84 0.84 0.84 0.84 0.84 0.84 0.84 0.84 0.28 
 0.50 1.00 1.00 1.00 1.00 1.00 0.58 0.00 0.00 0.00 0.00 0.00 0.00 0.00 0.00 0.00 0.00 0.00 0.00 0.00 
 0.47 1.00 1.00 1.00 1.00 1.00 0.81 0.00 0.00 0.00 0.00 0.00 0.00 0.00 0.00 0.00 0.00 0.00 0.00 0.00 
 0.31 1.00 1.00 1.00 1.00 1.00 0.95 0.20 0.00 0.00 0.00 0.00 0.00 0.00 0.00 0.00 0.00 0.00 0.00 0.00 
 0.17 1.00 1.00 1.00 1.00 1.00 1.00 0.67 0.00 0.00 0.00 0.00 0.00 0.00 0.00 0.00 0.03 0.53 0.31 0.00 
 0.03 0.81 1.00 1.00 1.00 1.00 1.00 0.97 0.39 0.00 0.00 0.00 0.00 0.00 0.00 0.09 0.61 0.97 0.45 0.00 
 0.00 0.42 1.00 1.00 1.00 1.00 1.00 1.00 0.95 0.39 0.06 0.00 0.00 0.03 0.25 0.78 1.00 0.61 0.00 0.00 
 0.00 0.06 0.78 1.00 1.00 1.00 1.00 1.00 1.00 1.00 0.84 0.56 0.53 0.78 1.00 0.97 0.64 0.03 0.00 0.00 
 0.00 0.00 0.17 0.89 1.00 1.00 1.00 1.00 1.00 1.00 1.00 1.00 1.00 1.00 0.97 0.50 0.00 0.00 0.00 0.00 
 0.00 0.00 0.00 0.17 0.78 1.00 1.00 1.00 1.00 1.00 1.00 1.00 0.97 0.75 0.25 0.00 0.00 0.00 0.00 0.00 
 0.00 0.00 0.00 0.00 0.03 0.33 0.70 0.89 1.00 1.00 0.84 0.61 0.28 0.00 0.00 0.00 0.00 0.00 0.00 0.00 
 