0.00 0.00 0.00 0.00 0.00 0.00 0.03 0.20 0.47 0.75 0.84 0.97 0.86 0.81 0.58 0.28 0.03 0.00 0.00 0.00 
 0.00 0.00 0.00 0.00 0.00 0.11 0.64 1.00 1.00 1.00 1.00 1.00 1.00 1.00 1.00 1.00 0.73 0.17 0.00 0.00 
 0.00 0.00 0.00 0.00 0.14 0.84 1.00 1.00 1.00 1.00 0.92 0.84 0.92 1.00 1.00 1.00 1.00 0.89 0.20 0.00 
 0.00 0.00 0.00 0.11 0.84 1.00 1.00 1.00 0.78 0.33 0.09 0.00 0.09 0.31 0.75 1.00 1.00 1.00 0.86 0.09 
 0.00 0.00 0.00 0.56 1.00 1.00 1.00 0.64 0.03 0.00 0.00 0.00 0.00 0.00 0.03 0.58 1.00 1.00 1.00 0.58 
 0.00 0.00 0.17 0.97 1.00 1.00 0.78 0.03 0.00 0.00 0.00 0.00 0.00 0.00 0.00 0.09 0.89 1.00 1.00 0.95 
 0.00 0.00 0.47 1.00 1.00 1.00 0.33 0.00 0.00 0.00 0.00 0.00 0.00 0.00 0.00 0.00 0.47 1.00 1.00 1.00 
 0.00 0.00 0.75 1.00 1.00 0.89 0.06 0.00 0.00 0.00 0.00 0.00 0.00 0.00 0.00 0.00 0.25 1.00 1.00 1.00 
 0.00 0.14 0.97 1.00 1.00 0.84 0.00 0.00 0.00 0.00 0.00 0.00 0.00 0.00 0.00 0.00 0.17 1.00 1.00 1.00 
 0.00 0.17 1.00 1.00 1.00 0.95 0.67 0.67 0.67 0.67 0.67 0.67 0.67 0.67 0.67 0.67 0.73 1.00 1.00 1.00 
 0.00 0.17 1.00 1.00 1.00 1.00 1.00 1.00 1.00 1.00 1.00 1.00 1.00 1.00 1.00 1.00 1.00 1.00 1.00 1.00 
 0.00 0.17 1.00 1.00 1.00 1.00 1.00 1.00 1.00 1.00 1.00 1.00 1.00 1.00 1.00 1.00 1.00 1.00 1.00 0.89 
 0.00 0.17 1.00 1.00 1.00 0.86 0.17 0.17 0.17 0.17 0.17 0.17 0.17 0.17 0.17 0.17 0.17 0.17 0.17 0.06 
 0.00 0.17 1.00 1.00 1.00 0.84 0.00 0.00 0.00 0.00 0.00 0.00 0.00 0.00 0.00 0.00 0.00 0.00 0.00 0.00 
 0.00 0.14 0.97 1.00 1.00 0.84 0.00 0.00 0.00 0.00 0.00 0.00 0.00 0.00 0.00 0.00 0.00 0.00 0.00 0.00 
 0.00 0.00 0.78 1.00 1.00 0.97 0.20 0.00 0.00 0.00 0.00 0.00 0.00 0.00 0.00 0.00 0.00 0.00 0.00 0.00 
 0.00 0.00 0.47 1.00 1.00 1.00 0.58 0.00 0.00 0.00 0.00 0.00 0.00 0.00 0.00 0.00 0.00 0.00 0.00 0.00 
 0.00 0.00 0.17 0.97 1.00 1.00 0.95 0.31 0.00 0.00 0.00 0.00 0.00 0.00 0.00 0.00 0.00 0.00 0.03 0.09 
 0.00 0.00 0.00 0.56 1.00 1.00 1.00 0.95 0.39 0.09 0.00 0.00 0.00 0.00 0.00 0.03 0.20 0.45 0.81 0.70 
 0.00 0.00 0.00 0.09 0.84 1.00 1.00 1.00 1.00 0.89 0.61 0.50 0.50 0.50 0.61 0.81 1.00 1.00 1.00 0.84 
 