0.00 0.00 0.00 0.00 0.00 0.00 0.16 0.51 0.80 0.96 1.00 0.98 0.86 0.69 0.43 0.13 0.00 0.00 0.00 0.00 
 0.00 0.00 0.00 0.00 0.02 0.49 0.98 1.00 1.00 1.00 1.00 1.00 1.00 1.00 1.00 0.94 0.41 0.02 0.00 0.00 
 0.00 0.00 0.00 0.02 0.59 1.00 1.00 1.00 1.00 1.00 1.00 1.00 1.00 1.00 1.00 1.00 1.00 0.47 0.00 0.00 
 0.00 0.00 0.00 0.51 1.00 1.00 1.00 1.00 0.86 0.65 0.57 0.62 0.78 0.94 1.00 1.00 1.00 0.90 0.04 0.00 
 0.00 0.00 0.23 0.98 1.00 1.00 0.98 0.49 0.02 0.00 0.00 0.00 0.00 0.15 0.64 0.98 1.00 1.00 0.23 0.00 
 0.00 0.02 0.76 1.00 1.00 0.98 0.43 0.00 0.00 0.00 0.00 0.00 0.00 0.02 0.41 0.98 1.00 1.00 0.27 0.00 
 0.00 0.23 1.00 1.00 1.00 0.69 0.00 0.00 0.00 0.00 0.00 0.00 0.21 0.74 1.00 1.00 1.00 0.90 0.06 0.00 
 0.00 0.53 1.00 1.00 0.98 0.21 0.00 0.00 0.00 0.00 0.18 0.62 0.98 1.00 1.00 1.00 0.98 0.41 0.00 0.00 
 0.00 0.78 1.00 1.00 0.78 0.00 0.00 0.02 0.23 0.65 0.98 1.00 1.00 1.00 1.00 0.92 0.41 0.00 0.00 0.00 
 0.11 0.96 1.00 1.00 0.47 0.02 0.29 0.74 1.00 1.00 1.00 1.00 1.00 0.96 0.67 0.16 0.00 0.00 0.00 0.00 
 0.15 1.00 1.00 1.00 0.53 0.76 1.00 1.00 1.00 1.00 1.00 0.94 0.67 0.18 0.00 0.00 0.00 0.00 0.00 0.00 
 0.15 1.00 1.00 1.00 1.00 1.00 1.00 1.00 1.00 0.90 0.57 0.13 0.00 0.00 0.00 0.00 0.00 0.00 0.00 0.00 
 0.15 1.00 1.00 1.00 1.00 1.00 1.00 0.88 0.53 0.08 0.00 0.00 0.00 0.00 0.00 0.00 0.00 0.00 0.00 0.00 
 0.15 1.00 1.00 1.00 1.00 0.84 0.45 0.04 0.00 0.00 0.00 0.00 0.00 0.00 0.00 0.00 0.00 0.00 0.00 0.00 
 0.06 0.92 1.00 1.00 0.72 0.02 0.00 0.00 0.00 0.00 0.00 0.00 0.00 0.00 0.00 0.00 0.00 0.15 0.53 0.25 
 0.00 0.65 1.00 1.00 0.96 0.33 0.00 0.00 0.00 0.00 0.00 0.00 0.00 0.00 0.00 0.00 0.11 0.86 1.00 0.98 
 0.00 0.25 0.98 1.00 1.00 0.98 0.49 0.08 0.00 0.00 0.00 0.00 0.00 0.00 0.06 0.31 0.84 1.00 1.00 1.00 
 0.00 0.00 0.62 1.00 1.00 1.00 1.00 0.92 0.59 0.39 0.29 0.31 0.45 0.65 0.92 1.00 1.00 1.00 1.00 0.88 
 0.00 0.00 0.06 0.76 1.00 1.00 1.00 1.00 1.00 1.00 1.00 1.00 1.00 1.00 1.00 1.00 1.00 1.00 0.86 0.21 
 0.00 0.00 0.00 0.04 0.57 0.98 1.00 1.00 1.00 1.00 1.00 1.00 1.00 1.00 1.00 1.00 0.98 0.59 0.08 0.00 
 