0.00 0.00 0.00 0.46 0.96 1.00 1.00 1.00 1.00 1.00 1.00 1.00 1.00 1.00 1.00 1.00 1.00 0.22 0.00 0.00 
 0.00 0.00 0.00 0.00 0.24 0.99 1.00 1.00 0.41 0.33 0.33 0.33 0.33 0.45 0.88 1.00 1.00 0.22 0.00 0.00 
 0.00 0.00 0.00 0.00 0.00 0.83 1.00 1.00 0.11 0.00 0.00 0.00 0.00 0.00 0.16 0.96 1.00 0.22 0.00 0.00 
 0.00 0.00 0.00 0.00 0.00 0.78 1.00 1.00 0.11 0.00 0.00 0.00 0.00 0.00 0.00 0.61 1.00 0.22 0.00 0.00 
 0.00 0.00 0.00 0.00 0.00 0.78 1.00 1.00 0.11 0.00 0.00 0.00 0.00 0.00 0.00 0.19 0.56 0.13 0.00 0.00 
 0.00 0.00 0.00 0.00 0.00 0.78 1.00 1.00 0.11 0.00 0.00 0.00 0.00 0.00 0.00 0.00 0.00 0.00 0.00 0.00 
 0.00 0.00 0.00 0.00 0.00 0.78 1.00 1.00 0.11 0.00 0.00 0.00 0.00 0.00 0.00 0.00 0.00 0.00 0.00 0.00 
 0.00 0.00 0.00 0.00 0.00 0.78 1.00 1.00 0.11 0.00 0.00 0.00 0.00 0.69 0.69 0.00 0.00 0.00 0.00 0.00 
 0.00 0.00 0.00 0.00 0.00 0.78 1.00 1.00 0.11 0.00 0.00 0.00 0.13 0.98 0.78 0.00 0.00 0.00 0.00 0.00 
 0.00 0.00 0.00 0.00 0.00 0.78 1.00 1.00 0.41 0.33 0.33 0.36 0.77 1.00 0.78 0.00 0.00 0.00 0.00 0.00 
 0.00 0.00 0.00 0.00 0.00 0.78 1.00 1.00 0.90 0.89 0.89 0.91 1.00 1.00 0.78 0.00 0.00 0.00 0.00 0.00 
 0.00 0.00 0.00 0.00 0.00 0.78 1.00 1.00 0.11 0.00 0.00 0.03 0.51 1.00 0.78 0.00 0.00 0.00 0.00 0.00 
 0.00 0.00 0.00 0.00 0.00 0.78 1.00 1.00 0.11 0.00 0.00 0.00 0.06 0.94 0.78 0.00 0.00 0.00 0.00 0.00 
 0.00 0.00 0.00 0.00 0.00 0.78 1.00 1.00 0.11 0.00 0.00 0.00 0.00 0.41 0.44 0.00 0.00 0.00 0.00 0.00 
 0.00 0.00 0.00 0.00 0.00 0.78 1.00 1.00 0.11 0.00 0.00 0.00 0.00 0.00 0.00 0.00 0.00 0.00 0.00 0.00 
 0.00 0.00 0.00 0.00 0.00 0.78 1.00 1.00 0.11 0.00 0.00 0.00 0.00 0.00 0.00 0.00 0.00 0.00 0.00 0.00 
 0.00 0.00 0.00 0.00 0.00 0.78 1.00 1.00 0.11 0.00 0.00 0.00 0.00 0.00 0.00 0.00 0.00 0.00 0.00 0.00 
 0.00 0.00 0.00 0.00 0.00 0.78 1.00 1.00 0.11 0.00 0.00 0.00 0.00 0.00 0.00 0.00 0.00 0.00 0.00 0.00 
 0.00 0.00 0.00 0.00 0.02 0.87 1.00 1.00 0.21 0.00 0.00 0.00 0.00 0.00 0.00 0.00 0.00 0.00 0.00 0.00 
 0.00 0.00 0.00 0.03 0.44 1.00 1.00 1.00 0.74 0.15 0.00 0.00 0.00 0.00 0.00 0.00 0.00 0.00 0.00 0.00 
 