0.00 0.00 0.00 0.68 0.96 1.00 0.96 0.89 0.89 0.89 0.89 0.89 0.89 0.89 0.89 0.90 1.00 1.00 0.22 0.00 
 0.00 0.00 0.00 0.00 0.07 0.27 0.98 1.00 1.00 0.60 0.41 0.33 0.33 0.36 0.46 0.62 0.89 0.96 0.07 0.00 
 0.00 0.00 0.00 0.00 0.00 0.00 0.89 1.00 1.00 0.22 0.00 0.00 0.00 0.00 0.00 0.00 0.37 0.89 0.00 0.00 
 0.00 0.00 0.00 0.00 0.00 0.00 0.79 1.00 1.00 0.13 0.00 0.00 0.00 0.00 0.00 0.00 0.24 0.89 0.00 0.00 
 0.00 0.00 0.00 0.00 0.00 0.00 0.78 1.00 1.00 0.11 0.00 0.00 0.00 0.00 0.00 0.00 0.10 0.58 0.00 0.00 
 0.00 0.00 0.00 0.00 0.00 0.00 0.78 1.00 1.00 0.11 0.00 0.00 0.00 0.00 0.00 0.00 0.00 0.00 0.00 0.00 
 0.00 0.00 0.00 0.00 0.00 0.00 0.78 1.00 1.00 0.11 0.00 0.00 0.00 0.00 0.00 0.00 0.00 0.00 0.00 0.00 
 0.00 0.00 0.00 0.00 0.00 0.00 0.78 1.00 1.00 0.11 0.00 0.00 0.00 0.00 0.00 0.22 0.44 0.00 0.00 0.00 
 0.00 0.00 0.00 0.00 0.00 0.00 0.78 1.00 1.00 0.11 0.00 0.00 0.00 0.00 0.00 0.47 0.67 0.00 0.00 0.00 
 0.00 0.00 0.00 0.00 0.00 0.00 0.78 1.00 1.00 0.21 0.11 0.11 0.11 0.11 0.16 0.74 0.57 0.00 0.00 0.00 
 0.00 0.00 0.00 0.00 0.00 0.00 0.78 1.00 1.00 1.00 1.00 1.00 1.00 1.00 1.00 1.00 0.56 0.00 0.00 0.00 
 0.00 0.00 0.00 0.00 0.00 0.00 0.78 1.00 1.00 0.31 0.22 0.22 0.22 0.27 0.37 0.83 0.56 0.00 0.00 0.00 
 0.00 0.00 0.00 0.00 0.00 0.00 0.78 1.00 1.00 0.11 0.00 0.00 0.00 0.00 0.00 0.46 0.61 0.00 0.00 0.00 
 0.00 0.00 0.00 0.00 0.00 0.00 0.78 1.00 1.00 0.11 0.00 0.00 0.00 0.00 0.00 0.35 0.67 0.00 0.00 0.00 
 0.00 0.00 0.00 0.00 0.00 0.00 0.78 1.00 1.00 0.11 0.00 0.00 0.00 0.00 0.00 0.11 0.21 0.00 0.00 0.00 
 0.00 0.00 0.00 0.00 0.00 0.00 0.78 1.00 1.00 0.11 0.00 0.00 0.00 0.00 0.00 0.00 0.00 0.00 0.00 0.00 
 0.00 0.00 0.00 0.00 0.00 0.00 0.78 1.00 1.00 0.11 0.00 0.00 0.00 0.00 0.00 0.00 0.00 0.00 0.00 0.00 
 0.00 0.00 0.00 0.00 0.00 0.00 0.78 1.00 1.00 0.11 0.00 0.00 0.00 0.00 0.00 0.00 0.00 0.00 0.00 0.00 
 0.00 0.00 0.00 0.00 0.00 0.00 0.79 1.00 1.00 0.13 0.00 0.00 0.00 0.00 0.00 0.00 0.00 0.00 0.00 0.00 
 0.00 0.00 0.00 0.00 0.00 0.04 0.93 1.00 1.00 0.25 0.00 0.00 0.00 0.00 0.00 0.00 0.00 0.00 0.00 0.00 
 