0.00 0.00 0.00 0.00 0.02 0.89 1.00 1.00 1.00 1.00 1.00 1.00 1.00 1.00 1.00 1.00 1.00 1.00 0.31 0.00 
 0.00 0.00 0.00 0.00 0.11 1.00 1.00 1.00 1.00 1.00 1.00 1.00 1.00 1.00 1.00 1.00 1.00 0.99 0.13 0.00 
 0.00 0.00 0.00 0.00 0.27 1.00 1.00 1.00 1.00 1.00 1.00 1.00 1.00 1.00 1.00 1.00 1.00 0.90 0.00 0.00 
 0.00 0.00 0.00 0.00 0.46 1.00 1.00 1.00 0.35 0.20 0.20 0.20 0.20 0.20 0.20 0.20 0.20 0.17 0.00 0.00 
 0.00 0.00 0.00 0.00 0.64 1.00 1.00 0.94 0.04 0.00 0.00 0.00 0.00 0.00 0.00 0.00 0.00 0.00 0.00 0.00 
 0.00 0.00 0.00 0.00 0.82 1.00 1.00 0.84 0.00 0.00 0.00 0.00 0.00 0.00 0.00 0.00 0.00 0.00 0.00 0.00 
 0.00 0.00 0.00 0.08 0.98 1.00 1.00 0.65 0.00 0.00 0.00 0.00 0.00 0.00 0.00 0.00 0.00 0.00 0.00 0.00 
 0.00 0.00 0.00 0.19 1.00 1.00 1.00 0.65 0.30 0.30 0.30 0.30 0.30 0.30 0.11 0.00 0.00 0.00 0.00 0.00 
 0.00 0.00 0.00 0.37 1.00 1.00 1.00 1.00 1.00 1.00 1.00 1.00 1.00 1.00 0.24 0.00 0.00 0.00 0.00 0.00 
 0.00 0.00 0.00 0.56 1.00 1.00 1.00 1.00 1.00 1.00 1.00 1.00 1.00 0.96 0.06 0.00 0.00 0.00 0.00 0.00 
 0.00 0.00 0.00 0.75 1.00 1.00 0.95 0.70 0.70 0.70 0.70 0.70 0.70 0.62 0.00 0.00 0.00 0.00 0.00 0.00 
 0.00 0.00 0.04 0.93 1.00 1.00 0.73 0.00 0.00 0.00 0.00 0.00 0.00 0.00 0.00 0.00 0.00 0.00 0.00 0.00 
 0.00 0.00 0.13 1.00 1.00 1.00 0.53 0.00 0.00 0.00 0.00 0.00 0.00 0.00 0.00 0.00 0.00 0.00 0.00 0.00 
 0.00 0.00 0.30 1.00 1.00 1.00 0.35 0.00 0.00 0.00 0.00 0.00 0.00 0.00 0.00 0.00 0.00 0.00 0.00 0.00 
 0.00 0.00 0.48 1.00 1.00 1.00 0.17 0.00 0.00 0.00 0.00 0.00 0.00 0.00 0.00 0.00 0.00 0.00 0.00 0.00 
 0.00 0.00 0.67 1.00 1.00 0.92 0.02 0.00 0.00 0.00 0.00 0.00 0.00 0.00 0.00 0.00 0.00 0.00 0.00 0.00 
 0.00 0.01 0.86 1.00 1.00 0.81 0.00 0.00 0.00 0.00 0.00 0.00 0.00 0.00 0.00 0.00 0.00 0.00 0.00 0.00 
 0.00 0.10 1.00 1.00 1.00 0.62 0.00 0.00 0.00 0.00 0.00 0.00 0.00 0.00 0.00 0.00 0.00 0.00 0.00 0.00 
 0.00 0.23 1.00 1.00 1.00 0.43 0.00 0.00 0.00 0.00 0.00 0.00 0.00 0.00 0.00 0.00 0.00 0.00 0.00 0.00 
 0.00 0.41 1.00 1.00 1.00 0.25 0.00 0.00 0.00 0.00 0.00 0.00 0.00 0.00 0.00 0.00 0.00 0.00 0.00 0.00 
 