0.00 0.00 0.20 0.46 0.73 1.00 1.00 1.00 1.00 1.00 1.00 1.00 1.00 1.00 1.00 1.00 1.00 0.89 0.00 0.00 
 0.00 0.00 0.00 0.00 0.02 0.71 1.00 1.00 0.51 0.11 0.11 0.11 0.11 0.11 0.21 0.49 0.95 0.89 0.00 0.00 
 0.00 0.00 0.00 0.00 0.00 0.48 1.00 1.00 0.45 0.00 0.00 0.00 0.00 0.00 0.00 0.00 0.35 0.89 0.00 0.00 
 0.00 0.00 0.00 0.00 0.00 0.45 1.00 1.00 0.45 0.00 0.00 0.00 0.00 0.00 0.00 0.00 0.04 0.82 0.06 0.00 
 0.00 0.00 0.00 0.00 0.00 0.45 1.00 1.00 0.45 0.00 0.00 0.00 0.00 0.00 0.00 0.00 0.00 0.35 0.06 0.00 
 0.00 0.00 0.00 0.00 0.00 0.45 1.00 1.00 0.45 0.00 0.00 0.00 0.00 0.00 0.00 0.00 0.00 0.00 0.00 0.00 
 0.00 0.00 0.00 0.00 0.00 0.45 1.00 1.00 0.45 0.00 0.00 0.00 0.00 0.00 0.07 0.19 0.00 0.00 0.00 0.00 
 0.00 0.00 0.00 0.00 0.00 0.45 1.00 1.00 0.45 0.00 0.00 0.00 0.00 0.00 0.30 0.33 0.00 0.00 0.00 0.00 
 0.00 0.00 0.00 0.00 0.00 0.45 1.00 1.00 0.45 0.00 0.00 0.00 0.00 0.03 0.71 0.33 0.00 0.00 0.00 0.00 
 0.00 0.00 0.00 0.00 0.00 0.45 1.00 1.00 0.76 0.56 0.56 0.56 0.57 0.82 1.00 0.33 0.00 0.00 0.00 0.00 
 0.00 0.00 0.00 0.00 0.00 0.45 1.00 1.00 0.76 0.56 0.56 0.56 0.57 0.78 1.00 0.33 0.00 0.00 0.00 0.00 
 0.00 0.00 0.00 0.00 0.00 0.45 1.00 1.00 0.45 0.00 0.00 0.00 0.00 0.02 0.60 0.33 0.00 0.00 0.00 0.00 
 0.00 0.00 0.00 0.00 0.00 0.45 1.00 1.00 0.45 0.00 0.00 0.00 0.00 0.00 0.20 0.33 0.00 0.00 0.00 0.00 
 0.00 0.00 0.00 0.00 0.00 0.45 1.00 1.00 0.45 0.00 0.00 0.00 0.00 0.00 0.06 0.19 0.00 0.00 0.00 0.00 
 0.00 0.00 0.00 0.00 0.00 0.45 1.00 1.00 0.45 0.00 0.00 0.00 0.00 0.00 0.00 0.00 0.00 0.00 0.00 0.00 
 0.00 0.00 0.00 0.00 0.00 0.45 1.00 1.00 0.45 0.00 0.00 0.00 0.00 0.00 0.00 0.00 0.00 0.00 0.00 0.00 
 0.00 0.00 0.00 0.00 0.00 0.45 1.00 1.00 0.45 0.00 0.00 0.00 0.00 0.00 0.00 0.00 0.00 0.00 0.00 0.00 
 0.00 0.00 0.00 0.00 0.00 0.45 1.00 1.00 0.45 0.00 0.00 0.00 0.00 0.00 0.00 0.00 0.00 0.00 0.00 0.00 
 0.00 0.00 0.00 0.00 0.00 0.55 1.00 1.00 0.51 0.00 0.00 0.00 0.00 0.00 0.00 0.00 0.00 0.00 0.00 0.00 
 0.00 0.00 0.00 0.00 0.10 0.87 1.00 1.00 0.83 0.09 0.00 0.00 0.00 0.00 0.00 0.00 0.00 0.00 0.00 0.00 
 