0.00 0.00 0.00 0.01 0.32 0.70 0.70 0.55 0.38 0.49 0.55 0.56 0.37 0.48 0.68 0.69 0.50 0.56 0.75 0.04 
 0.00 0.00 0.03 0.63 1.00 1.00 1.00 1.00 1.00 1.00 1.00 1.00 1.00 1.00 1.00 1.00 1.00 0.96 0.63 0.00 
 0.00 0.00 0.04 0.77 0.78 0.60 0.37 0.64 1.00 1.00 0.96 0.49 0.46 0.55 0.57 0.80 0.90 0.24 0.00 0.00 
 0.00 0.00 0.00 0.08 0.03 0.00 0.00 0.21 1.00 1.00 0.84 0.00 0.00 0.00 0.00 0.04 0.07 0.00 0.00 0.00 
 0.00 0.00 0.00 0.00 0.00 0.00 0.00 0.29 1.00 1.00 0.65 0.00 0.00 0.00 0.00 0.00 0.00 0.00 0.00 0.00 
 0.00 0.00 0.00 0.00 0.00 0.00 0.00 0.42 1.00 1.00 0.51 0.00 0.00 0.00 0.00 0.00 0.00 0.00 0.00 0.00 
 0.00 0.00 0.00 0.00 0.00 0.00 0.00 0.37 1.00 1.00 0.28 0.00 0.00 0.00 0.00 0.00 0.00 0.00 0.00 0.00 
 0.00 0.00 0.00 0.00 0.00 0.00 0.00 0.63 1.00 1.00 0.41 0.10 0.09 0.00 0.00 0.00 0.01 0.00 0.00 0.00 
 0.00 0.00 0.00 0.00 0.00 0.12 0.70 0.99 1.00 1.00 1.00 1.00 0.99 0.90 0.84 0.80 0.55 0.00 0.00 0.00 
 0.00 0.00 0.00 0.00 0.00 0.57 1.00 1.00 1.00 1.00 1.00 1.00 1.00 1.00 1.00 0.99 0.60 0.00 0.00 0.00 
 0.00 0.00 0.00 0.00 0.00 0.31 0.73 0.82 0.94 0.29 0.21 0.27 0.46 0.95 0.95 0.45 0.00 0.00 0.00 0.00 
 0.00 0.00 0.00 0.00 0.00 0.00 0.01 0.59 0.78 0.00 0.00 0.00 0.00 0.15 0.13 0.00 0.00 0.00 0.00 0.00 
 0.00 0.00 0.00 0.00 0.00 0.00 0.03 0.85 0.66 0.00 0.00 0.00 0.00 0.00 0.00 0.00 0.00 0.00 0.00 0.00 
 0.00 0.00 0.00 0.00 0.00 0.00 0.13 0.99 0.27 0.00 0.00 0.00 0.00 0.00 0.00 0.00 0.00 0.00 0.00 0.00 
 0.00 0.00 0.00 0.00 0.00 0.00 0.42 0.90 0.00 0.00 0.00 0.00 0.00 0.00 0.00 0.00 0.00 0.00 0.00 0.00 
 0.00 0.00 0.00 0.00 0.00 0.01 0.69 0.74 0.00 0.00 0.00 0.00 0.00 0.00 0.00 0.00 0.00 0.00 0.00 0.00 
 0.00 0.00 0.00 0.00 0.00 0.17 1.00 0.37 0.00 0.00 0.00 0.00 0.00 0.00 0.00 0.00 0.00 0.00 0.00 0.00 
 0.00 0.00 0.00 0.00 0.01 0.59 0.88 0.02 0.00 0.00 0.00 0.00 0.00 0.00 0.00 0.00 0.00 0.00 0.00 0.00 
 0.00 0.00 0.00 0.04 0.52 1.00 0.56 0.00 0.00 0.00 0.00 0.00 0.00 0.00 0.00 0.00 0.00 0.00 0.00 0.00 
 0.00 0.00 0.12 0.80 1.00 0.85 0.03 0.00 0.00 0.00 0.00 0.00 0.00 0.00 0.00 0.00 0.00 0.00 0.00 0.00 
 