-1.00 -1.00 -1.00 -1.00 -0.98 -0.29 0.44 0.82 0.98 0.98 0.82 0.43 -0.30 -0.72 0.10 0.67 0.96 -0.30 -1.00 -1.00 
 -1.00 -1.00 -1.00 -0.95 0.40 1.00 1.00 1.00 1.00 1.00 1.00 1.00 1.00 1.00 0.77 0.87 1.00 0.12 -1.00 -1.00 
 -1.00 -1.00 -1.00 -0.08 1.00 1.00 1.00 0.18 -0.61 -0.61 0.17 1.00 1.00 1.00 -0.11 -0.99 -0.76 -0.69 -1.00 -1.00 
 -1.00 -1.00 -1.00 0.65 1.00 1.00 0.87 -0.97 -1.00 -1.00 -0.98 0.87 1.00 1.00 0.62 -1.00 -1.00 -1.00 -1.00 -1.00 
 -1.00 -1.00 -1.00 0.93 1.00 1.00 0.68 -1.00 -1.00 -1.00 -1.00 0.69 1.00 1.00 0.92 -1.00 -1.00 -1.00 -1.00 -1.00 
 -1.00 -1.00 -1.00 0.91 1.00 1.00 0.69 -1.00 -1.00 -1.00 -1.00 0.70 1.00 1.00 0.91 -1.00 -1.00 -1.00 -1.00 -1.00 
 -1.00 -1.00 -1.00 0.55 1.00 1.00 0.91 -0.94 -1.00 -1.00 -0.93 0.91 1.00 1.00 0.58 -1.00 -1.00 -1.00 -1.00 -1.00 
 -1.00 -1.00 -1.00 -0.25 1.00 1.00 1.00 0.39 -0.35 -0.34 0.40 1.00 1.00 1.00 -0.23 -1.00 -1.00 -1.00 -1.00 -1.00 
 -1.00 -1.00 -1.00 -0.99 0.51 1.00 1.00 1.00 1.00 1.00 1.00 1.00 1.00 0.15 -0.99 -1.00 -1.00 -1.00 -1.00 -1.00 
 -1.00 -1.00 -1.00 -0.87 0.92 -0.18 0.17 0.56 0.71 0.71 0.56 0.17 -0.55 -1.00 -1.00 -1.00 -1.00 -1.00 -1.00 -1.00 
 -1.00 -1.00 -1.00 -0.43 1.00 0.03 -1.00 -1.00 -1.00 -1.00 -1.00 -1.00 -1.00 -1.00 -1.00 -1.00 -1.00 -1.00 -1.00 -1.00 
 -1.00 -1.00 -1.00 -0.44 1.00 1.00 0.68 0.55 0.55 0.55 0.54 0.47 0.33 0.05 -0.46 -0.98 -1.00 -1.00 -1.00 -1.00 
 -1.00 -1.00 -1.00 -0.89 0.90 1.00 1.00 1.00 1.00 1.00 1.00 1.00 1.00 1.00 1.00 0.62 -0.76 -1.00 -1.00 -1.00 
 -1.00 -1.00 -1.00 -0.65 0.68 1.00 1.00 1.00 1.00 1.00 1.00 1.00 1.00 1.00 1.00 1.00 0.58 -0.99 -1.00 -1.00 
 -1.00 -1.00 -0.72 0.91 1.00 0.92 0.09 -0.05 -0.05 -0.05 -0.04 0.01 0.22 0.77 1.00 1.00 1.00 -0.65 -1.00 -1.00 
 -1.00 -1.00 -0.05 1.00 1.00 0.21 -1.00 -1.00 -1.00 -1.00 -1.00 -1.00 -1.00 -0.93 0.73 1.00 1.00 -0.36 -1.00 -1.00 
 -1.00 -1.00 -0.07 1.00 1.00 0.41 -1.00 -1.00 -1.00 -1.00 -1.00 -1.00 -1.00 -0.96 0.73 1.00 1.00 -0.45 -1.00 -1.00 
 -1.00 -1.00 -0.70 0.97 1.00 1.00 0.29 -0.47 -0.79 -0.89 -0.88 -0.73 -0.36 0.51 1.00 1.00 0.84 -0.91 -1.00 -1.00 
 -1.00 -1.00 -1.00 -0.22 0.96 1.00 1.00 1.00 1.00 1.00 1.00 1.00 1.00 1.00 1.00 0.87 -0.47 -1.00 -1.00 -1.00 
 -1.00 -1.00 -1.00 -1.00 -0.69 0.14 0.67 0.97 1.00 1.00 1.00 1.00 0.91 0.56 -0.02 -0.82 -1.00 -1.00 -1.00 -1.00 
 