-1.00 -1.00 -1.00 -1.00 -1.00 -0.97 -0.25 0.47 0.87 1.00 0.91 0.61 -0.02 -0.87 -1.00 -1.00 -1.00 -1.00 -1.00 -1.00 
 -1.00 -1.00 -1.00 -1.00 -0.87 0.54 1.00 0.90 -0.02 -0.20 0.59 1.00 1.00 0.85 0.62 0.67 0.51 -1.00 -1.00 -1.00 
 -1.00 -1.00 -1.00 -1.00 0.36 1.00 1.00 -0.26 -1.00 -1.00 -0.88 0.86 1.00 1.00 0.82 0.48 0.22 -1.00 -1.00 -1.00 
 -1.00 -1.00 -1.00 -0.73 1.00 1.00 1.00 -0.86 -1.00 -1.00 -1.00 0.32 1.00 1.00 0.53 -1.00 -1.00 -1.00 -1.00 -1.00 
 -1.00 -1.00 -1.00 -0.36 1.00 1.00 1.00 -0.97 -1.00 -1.00 -1.00 0.13 1.00 1.00 0.52 -1.00 -1.00 -1.00 -1.00 -1.00 
 -1.00 -1.00 -1.00 -0.44 1.00 1.00 1.00 -0.75 -1.00 -1.00 -1.00 0.24 1.00 1.00 0.15 -1.00 -1.00 -1.00 -1.00 -1.00 
 -1.00 -1.00 -1.00 -0.91 0.86 1.00 1.00 -0.00 -1.00 -1.00 -0.94 0.77 1.00 0.91 -0.72 -1.00 -1.00 -1.00 -1.00 -1.00 
 -1.00 -1.00 -1.00 -1.00 -0.39 0.95 1.00 0.98 0.15 -0.14 0.54 1.00 0.79 -0.53 -1.00 -1.00 -1.00 -1.00 -1.00 -1.00 
 -1.00 -1.00 -1.00 -1.00 -1.00 -0.69 0.69 0.86 0.68 0.65 0.37 -0.19 -0.91 -1.00 -1.00 -1.00 -1.00 -1.00 -1.00 -1.00 
 -1.00 -1.00 -1.00 -1.00 -0.91 0.28 1.00 -0.72 -1.00 -1.00 -1.00 -1.00 -1.00 -1.00 -1.00 -1.00 -1.00 -1.00 -1.00 -1.00 
 -1.00 -1.00 -1.00 -1.00 0.33 1.00 1.00 0.03 -0.32 -0.27 -0.21 -0.15 -0.11 -0.16 -0.45 -0.95 -1.00 -1.00 -1.00 -1.00 
 -1.00 -1.00 -1.00 -1.00 0.65 1.00 1.00 1.00 1.00 1.00 1.00 1.00 1.00 1.00 1.00 0.73 -0.73 -1.00 -1.00 -1.00 
 -1.00 -1.00 -1.00 -1.00 -0.24 0.92 1.00 1.00 1.00 1.00 1.00 1.00 1.00 1.00 1.00 1.00 0.34 -1.00 -1.00 -1.00 
 -1.00 -1.00 -1.00 -1.00 -0.89 0.19 0.65 -0.25 -0.52 -0.60 -0.58 -0.47 -0.14 0.76 1.00 1.00 0.76 -1.00 -1.00 -1.00 
 -1.00 -1.00 -1.00 -0.47 0.80 0.88 -0.83 -1.00 -1.00 -1.00 -1.00 -1.00 -1.00 -0.51 1.00 1.00 0.74 -1.00 -1.00 -1.00 
 -1.00 -1.00 -1.00 0.63 1.00 0.37 -1.00 -1.00 -1.00 -1.00 -1.00 -1.00 -1.00 -0.73 1.00 1.00 0.36 -1.00 -1.00 -1.00 
 -1.00 -1.00 -1.00 0.76 1.00 0.53 -1.00 -1.00 -1.00 -1.00 -1.00 -1.00 -1.00 -0.24 1.00 1.00 -0.47 -1.00 -1.00 -1.00 
 -1.00 -1.00 -1.00 0.22 1.00 1.00 -0.25 -1.00 -1.00 -1.00 -1.00 -1.00 -0.59 0.84 1.00 0.14 -1.00 -1.00 -1.00 -1.00 
 -1.00 -1.00 -1.00 -0.85 0.60 1.00 1.00 0.50 -0.07 -0.26 -0.15 0.35 0.98 0.93 -0.07 -0.98 -1.00 -1.00 -1.00 -1.00 
 -1.00 -1.00 -1.00 -1.00 -0.95 -0.22 0.45 0.83 0.99 0.98 0.83 0.48 -0.07 -0.81 -1.00 -1.00 -1.00 -1.00 -1.00 -1.00 
 