-1.00 -1.00 -1.00 -1.00 -1.00 -0.95 -0.18 0.49 0.87 0.87 0.89 0.54 -0.05 -0.29 -0.29 -0.29 -0.53 -1.00 -1.00 -1.00 
 -1.00 -1.00 -1.00 -1.00 -0.78 0.65 1.00 1.00 -0.34 -1.00 -0.51 0.98 1.00 1.00 1.00 1.00 0.34 -1.00 -1.00 -1.00 
 -1.00 -1.00 -1.00 -0.98 0.57 1.00 1.00 0.67 -1.00 -1.00 -1.00 0.47 1.00 1.00 0.44 -0.55 -0.69 -1.00 -1.00 -1.00 
 -1.00 -1.00 -1.00 -0.52 1.00 1.00 1.00 0.34 -1.00 -1.00 -1.00 0.14 1.00 1.00 0.99 -0.65 -1.00 -1.00 -1.00 -1.00 
 -1.00 -1.00 -1.00 -0.18 1.00 1.00 1.00 0.24 -1.00 -1.00 -1.00 0.04 1.00 1.00 1.00 -0.15 -1.00 -1.00 -1.00 -1.00 
 -1.00 -1.00 -1.00 -0.31 1.00 1.00 1.00 0.26 -1.00 -1.00 -1.00 0.06 1.00 1.00 1.00 -0.11 -1.00 -1.00 -1.00 -1.00 
 -1.00 -1.00 -1.00 -0.86 0.91 1.00 1.00 0.44 -1.00 -1.00 -1.00 0.25 1.00 1.00 1.00 -0.51 -1.00 -1.00 -1.00 -1.00 
 -1.00 -1.00 -1.00 -1.00 -0.22 1.00 1.00 0.88 -0.91 -1.00 -0.96 0.76 1.00 1.00 0.47 -0.99 -1.00 -1.00 -1.00 -1.00 
 -1.00 -1.00 -1.00 -1.00 -1.00 -0.36 0.76 1.00 0.53 -0.11 0.44 1.00 0.98 0.22 -0.90 -1.00 -1.00 -1.00 -1.00 -1.00 
 -1.00 -1.00 -1.00 -1.00 -1.00 -0.84 0.04 0.66 -0.12 -0.22 -0.19 -0.33 -0.78 -1.00 -1.00 -1.00 -1.00 -1.00 -1.00 -1.00 
 -1.00 -1.00 -1.00 -1.00 -0.48 0.85 1.00 -0.75 -1.00 -1.00 -1.00 -1.00 -1.00 -1.00 -1.00 -1.00 -1.00 -1.00 -1.00 -1.00 
 -1.00 -1.00 -1.00 -0.87 0.87 1.00 1.00 -0.22 -0.75 -0.84 -0.85 -0.85 -0.91 -0.99 -1.00 -1.00 -1.00 -1.00 -1.00 -1.00 
 -1.00 -1.00 -1.00 -0.47 1.00 1.00 1.00 1.00 1.00 1.00 1.00 1.00 1.00 0.83 0.22 -0.77 -1.00 -1.00 -1.00 -1.00 
 -1.00 -1.00 -1.00 -0.73 0.98 1.00 1.00 1.00 1.00 1.00 1.00 1.00 1.00 1.00 1.00 0.82 -0.78 -1.00 -1.00 -1.00 
 -1.00 -1.00 -1.00 -1.00 -0.40 0.68 1.00 1.00 1.00 1.00 1.00 1.00 1.00 1.00 1.00 1.00 0.09 -1.00 -1.00 -1.00 
 -1.00 -1.00 -1.00 -0.97 -0.11 0.60 0.61 -0.06 -0.06 -0.06 -0.06 -0.06 -0.00 0.45 1.00 1.00 0.40 -1.00 -1.00 -1.00 
 -1.00 -1.00 -1.00 -0.02 1.00 0.95 -0.84 -1.00 -1.00 -1.00 -1.00 -1.00 -1.00 -0.99 0.47 1.00 0.19 -1.00 -1.00 -1.00 
 -1.00 -1.00 -1.00 0.32 1.00 0.91 -0.93 -1.00 -1.00 -1.00 -1.00 -1.00 -1.00 -0.99 0.55 0.98 -0.58 -1.00 -1.00 -1.00 
 -1.00 -1.00 -1.00 -0.52 0.92 1.00 0.44 -0.55 -0.94 -1.00 -1.00 -0.90 -0.50 0.36 0.90 -0.29 -1.00 -1.00 -1.00 -1.00 
 -1.00 -1.00 -1.00 -1.00 -0.75 0.05 0.56 0.84 0.98 0.91 0.86 0.75 0.42 -0.11 -0.84 -1.00 -1.00 -1.00 -1.00 -1.00 
 