-1.00 -1.00 -1.00 -1.00 -1.00 -1.00 -0.62 0.36 0.88 0.98 0.62 -0.33 -1.00 0.32 0.53 0.53 -0.04 -1.00 -1.00 -1.00 
 -1.00 -1.00 -1.00 -1.00 -1.00 -0.30 0.96 1.00 1.00 1.00 1.00 1.00 -0.09 0.72 1.00 1.00 0.25 -1.00 -1.00 -1.00 
 -1.00 -1.00 -1.00 -1.00 -0.61 0.95 1.00 1.00 1.00 1.00 1.00 1.00 0.98 0.92 1.00 1.00 0.25 -1.00 -1.00 -1.00 
 -1.00 -1.00 -1.00 -1.00 0.48 1.00 1.00 1.00 0.27 -0.72 -0.74 0.15 1.00 1.00 1.00 1.00 0.25 -1.00 -1.00 -1.00 
 -1.00 -1.00 -1.00 -0.72 1.00 1.00 1.00 0.54 -0.98 -1.00 -1.00 -1.00 0.25 1.00 1.00 1.00 0.25 -1.00 -1.00 -1.00 
 -1.00 -1.00 -1.00 -0.19 1.00 1.00 1.00 -0.32 -1.00 -1.00 -1.00 -1.00 -0.71 1.00 1.00 1.00 0.25 -1.00 -1.00 -1.00 
 -1.00 -1.00 -1.00 0.11 1.00 1.00 1.00 -0.76 -1.00 -1.00 -1.00 -1.00 -1.00 0.79 1.00 1.00 0.25 -1.00 -1.00 -1.00 
 -1.00 -1.00 -1.00 0.22 1.00 1.00 1.00 -0.90 -1.00 -1.00 -1.00 -1.00 -1.00 0.62 1.00 1.00 0.25 -1.00 -1.00 -1.00 
 -1.00 -1.00 -1.00 0.17 1.00 1.00 1.00 -0.79 -1.00 -1.00 -1.00 -1.00 -1.00 0.75 1.00 1.00 0.25 -1.00 -1.00 -1.00 
 -1.00 -1.00 -1.00 -0.07 1.00 1.00 1.00 -0.36 -1.00 -1.00 -1.00 -1.00 -0.77 1.00 1.00 1.00 0.25 -1.00 -1.00 -1.00 
 -1.00 -1.00 -1.00 -0.53 1.00 1.00 1.00 0.51 -0.98 -1.00 -1.00 -1.00 0.20 1.00 1.00 1.00 0.25 -1.00 -1.00 -1.00 
 -1.00 -1.00 -1.00 -0.98 0.73 1.00 1.00 1.00 0.30 -0.63 -0.63 0.18 1.00 1.00 1.00 1.00 0.25 -1.00 -1.00 -1.00 
 -1.00 -1.00 -1.00 -1.00 -0.33 1.00 1.00 1.00 1.00 1.00 1.00 1.00 1.00 1.00 1.00 1.00 0.25 -1.00 -1.00 -1.00 
 -1.00 -1.00 -1.00 -1.00 -1.00 0.00 1.00 1.00 1.00 1.00 1.00 1.00 0.15 0.73 1.00 1.00 0.25 -1.00 -1.00 -1.00 
 -1.00 -1.00 -1.00 -1.00 -1.00 -1.00 -0.48 0.39 0.80 0.87 0.56 -0.29 -0.99 0.72 1.00 1.00 0.25 -1.00 -1.00 -1.00 
 -1.00 -1.00 -1.00 -1.00 -1.00 -1.00 -1.00 -1.00 -1.00 -1.00 -1.00 -1.00 -0.97 0.88 1.00 1.00 0.15 -1.00 -1.00 -1.00 
 -1.00 -1.00 -1.00 -0.46 0.93 0.93 0.93 0.31 -0.99 -1.00 -1.00 -1.00 -0.16 1.00 1.00 1.00 -0.27 -1.00 -1.00 -1.00 
 -1.00 -1.00 -1.00 -0.91 0.81 1.00 1.00 1.00 0.36 -0.26 -0.28 0.27 0.99 1.00 1.00 0.74 -0.93 -1.00 -1.00 -1.00 
 -1.00 -1.00 -1.00 -1.00 -0.58 0.83 1.00 1.00 1.00 1.00 1.00 1.00 1.00 1.00 0.74 -0.67 -1.00 -1.00 -1.00 -1.00 
 -1.00 -1.00 -1.00 -1.00 -1.00 -0.84 -0.00 0.60 0.92 1.00 1.00 0.87 0.50 -0.14 -0.91 -1.00 -1.00 -1.00 -1.00 -1.00 
 