-1.00 -1.00 -1.00 -1.00 -1.00 -0.99 -0.38 0.40 0.84 0.99 0.88 0.48 -0.33 -0.99 0.15 0.34 0.34 -0.49 -1.00 -1.00 
 -1.00 -1.00 -1.00 -1.00 -0.89 0.41 1.00 1.00 1.00 1.00 1.00 1.00 1.00 0.22 0.72 1.00 1.00 -0.25 -1.00 -1.00 
 -1.00 -1.00 -1.00 -0.97 0.50 1.00 1.00 1.00 1.00 1.00 1.00 1.00 1.00 1.00 1.00 1.00 1.00 -0.25 -1.00 -1.00 
 -1.00 -1.00 -1.00 -0.13 1.00 1.00 1.00 0.73 -0.26 -0.72 -0.69 -0.20 0.78 1.00 1.00 1.00 1.00 -0.25 -1.00 -1.00 
 -1.00 -1.00 -0.98 0.77 1.00 1.00 0.76 -0.84 -1.00 -1.00 -1.00 -1.00 -0.80 0.77 1.00 1.00 1.00 -0.25 -1.00 -1.00 
 -1.00 -1.00 -0.64 1.00 1.00 1.00 -0.23 -1.00 -1.00 -1.00 -1.00 -1.00 -1.00 -0.25 1.00 1.00 1.00 -0.25 -1.00 -1.00 
 -1.00 -1.00 -0.33 1.00 1.00 1.00 -0.76 -1.00 -1.00 -1.00 -1.00 -1.00 -1.00 -0.82 1.00 1.00 1.00 -0.25 -1.00 -1.00 
 -1.00 -1.00 -0.27 1.00 1.00 1.00 -0.91 -1.00 -1.00 -1.00 -1.00 -1.00 -1.00 -0.97 1.00 1.00 1.00 -0.25 -1.00 -1.00 
 -1.00 -1.00 -0.43 1.00 1.00 1.00 -0.70 -1.00 -1.00 -1.00 -1.00 -1.00 -1.00 -0.76 1.00 1.00 1.00 -0.25 -1.00 -1.00 
 -1.00 -1.00 -0.80 0.99 1.00 1.00 -0.06 -1.00 -1.00 -1.00 -1.00 -1.00 -1.00 -0.09 1.00 1.00 1.00 -0.25 -1.00 -1.00 
 -1.00 -1.00 -1.00 0.52 1.00 1.00 0.90 -0.58 -1.00 -1.00 -1.00 -1.00 -0.57 0.90 1.00 1.00 1.00 -0.25 -1.00 -1.00 
 -1.00 -1.00 -1.00 -0.47 1.00 1.00 1.00 0.95 0.25 -0.19 -0.19 0.27 0.96 1.00 1.00 1.00 1.00 -0.25 -1.00 -1.00 
 -1.00 -1.00 -1.00 -1.00 0.06 1.00 1.00 1.00 1.00 1.00 1.00 1.00 1.00 0.94 0.91 1.00 1.00 -0.27 -1.00 -1.00 
 -1.00 -1.00 -1.00 -1.00 -0.99 -0.11 0.93 1.00 1.00 1.00 1.00 1.00 0.85 -0.47 0.88 1.00 1.00 -0.40 -1.00 -1.00 
 -1.00 -1.00 -1.00 -1.00 -1.00 -1.00 -0.81 -0.11 0.33 0.47 0.35 -0.09 -0.85 -0.66 1.00 1.00 1.00 -0.66 -1.00 -1.00 
 -1.00 -1.00 -0.95 -0.08 -0.08 -0.08 -0.18 -0.98 -1.00 -1.00 -1.00 -1.00 -1.00 0.25 1.00 1.00 0.84 -0.98 -1.00 -1.00 
 -1.00 -1.00 -1.00 0.33 1.00 1.00 1.00 0.46 -0.57 -0.97 -0.99 -0.74 0.18 1.00 1.00 1.00 0.07 -1.00 -1.00 -1.00 
 -1.00 -1.00 -1.00 -0.83 0.73 1.00 1.00 1.00 1.00 0.98 0.95 1.00 1.00 1.00 1.00 0.70 -0.88 -1.00 -1.00 -1.00 
 -1.00 -1.00 -1.00 -1.00 -0.79 0.52 1.00 1.00 1.00 1.00 1.00 1.00 1.00 1.00 0.58 -0.78 -1.00 -1.00 -1.00 -1.00 
 -1.00 -1.00 -1.00 -1.00 -1.00 -0.98 -0.39 0.33 0.78 0.99 1.00 0.84 0.42 -0.29 -0.98 -1.00 -1.00 -1.00 -1.00 -1.00 
 