-1.00 -1.00 -1.00 -1.00 -1.00 -1.00 -1.00 -1.00 -0.99 -0.37 0.51 0.94 0.91 0.31 -0.80 -0.25 -0.31 -1.00 -1.00 -1.00 
 -1.00 -1.00 -1.00 -1.00 -1.00 -1.00 -1.00 -0.95 0.28 1.00 1.00 0.80 0.88 1.00 0.80 1.00 0.88 -1.00 -1.00 -1.00 
 -1.00 -1.00 -1.00 -1.00 -1.00 -1.00 -0.99 0.32 1.00 0.80 -0.44 -0.99 -0.91 0.56 1.00 1.00 0.49 -1.00 -1.00 -1.00 
 -1.00 -1.00 -1.00 -1.00 -1.00 -1.00 -0.19 1.00 0.86 -0.71 -1.00 -1.00 -1.00 -0.38 1.00 1.00 -0.00 -1.00 -1.00 -1.00 
 -1.00 -1.00 -1.00 -1.00 -1.00 -0.91 0.85 1.00 -0.30 -1.00 -1.00 -1.00 -1.00 -0.71 1.00 1.00 -0.50 -1.00 -1.00 -1.00 
 -1.00 -1.00 -1.00 -1.00 -1.00 -0.22 1.00 0.65 -0.99 -1.00 -1.00 -1.00 -1.00 -0.62 1.00 0.95 -0.94 -1.00 -1.00 -1.00 
 -1.00 -1.00 -1.00 -1.00 -1.00 0.36 1.00 -0.07 -1.00 -1.00 -1.00 -1.00 -1.00 -0.23 1.00 0.51 -1.00 -1.00 -1.00 -1.00 
 -1.00 -1.00 -1.00 -1.00 -1.00 0.71 1.00 -0.50 -1.00 -1.00 -1.00 -1.00 -1.00 0.46 1.00 0.01 -1.00 -1.00 -1.00 -1.00 
 -1.00 -1.00 -1.00 -1.00 -1.00 0.80 1.00 -0.63 -1.00 -1.00 -1.00 -1.00 -0.53 1.00 1.00 -0.48 -1.00 -1.00 -1.00 -1.00 
 -1.00 -1.00 -1.00 -1.00 -1.00 0.62 1.00 -0.40 -1.00 -1.00 -1.00 -0.86 0.72 1.00 0.95 -0.92 -1.00 -1.00 -1.00 -1.00 
 -1.00 -1.00 -1.00 -1.00 -1.00 0.08 1.00 0.44 -0.98 -1.00 -0.73 0.62 1.00 1.00 0.52 -1.00 -1.00 -1.00 -1.00 -1.00 
 -1.00 -1.00 -1.00 -1.00 -1.00 -0.80 0.85 1.00 0.66 0.48 0.96 1.00 1.00 1.00 0.03 -1.00 -1.00 -1.00 -1.00 -1.00 
 -1.00 -1.00 -1.00 -1.00 -1.00 -1.00 -0.63 0.60 1.00 1.00 0.81 -0.03 0.85 1.00 -0.47 -1.00 -1.00 -1.00 -1.00 -1.00 
 -1.00 -1.00 -1.00 -1.00 -1.00 -1.00 -1.00 -1.00 -0.80 -0.75 -0.98 -0.71 1.00 0.95 -0.91 -1.00 -1.00 -1.00 -1.00 -1.00 
 -1.00 -1.00 -1.00 -1.00 -1.00 -1.00 -1.00 -1.00 -1.00 -1.00 -1.00 -0.21 1.00 0.54 -1.00 -1.00 -1.00 -1.00 -1.00 -1.00 
 -1.00 -1.00 -1.00 -1.00 -1.00 -1.00 -1.00 -1.00 -1.00 -1.00 -1.00 0.34 1.00 0.03 -1.00 -1.00 -1.00 -1.00 -1.00 -1.00 
 -1.00 -1.00 -1.00 -0.70 -0.03 -0.72 -1.00 -1.00 -1.00 -1.00 -0.48 0.98 0.98 -0.69 -1.00 -1.00 -1.00 -1.00 -1.00 -1.00 
 -1.00 -1.00 -1.00 0.71 1.00 0.43 -1.00 -1.00 -0.91 -0.14 0.92 1.00 0.02 -1.00 -1.00 -1.00 -1.00 -1.00 -1.00 -1.00 
 -1.00 -1.00 -1.00 0.82 1.00 0.93 0.67 0.71 0.96 1.00 0.99 0.07 -0.98 -1.00 -1.00 -1.00 -1.00 -1.00 -1.00 -1.00 
 -1.00 -1.00 -1.00 -0.50 0.54 0.91 1.00 0.98 0.76 0.25 -0.58 -1.00 -1.00 -1.00 -1.00 -1.00 -1.00 -1.00 -1.00 -1.00 
 