-1.00 -1.00 -1.00 -1.00 -1.00 -1.00 -1.00 -1.00 -0.63 0.22 0.67 0.44 0.59 0.53 -0.30 -0.99 -1.00 -1.00 -1.00 -1.00 
 -1.00 -1.00 -1.00 -1.00 -1.00 -1.00 -0.99 -0.01 0.98 0.60 -0.79 -1.00 -0.98 0.53 1.00 0.80 0.76 -0.51 -1.00 -1.00 
 -1.00 -1.00 -1.00 -1.00 -1.00 -1.00 -0.11 1.00 0.87 -0.80 -1.00 -1.00 -1.00 -0.03 1.00 0.76 -0.33 -0.80 -1.00 -1.00 
 -1.00 -1.00 -1.00 -1.00 -1.00 -0.86 0.92 1.00 0.03 -1.00 -1.00 -1.00 -1.00 0.00 1.00 0.92 -1.00 -1.00 -1.00 -1.00 
 -1.00 -1.00 -1.00 -1.00 -1.00 -0.33 1.00 1.00 -0.60 -1.00 -1.00 -1.00 -1.00 0.36 1.00 0.92 -1.00 -1.00 -1.00 -1.00 
 -1.00 -1.00 -1.00 -1.00 -1.00 -0.19 1.00 1.00 -0.91 -1.00 -1.00 -1.00 -0.89 0.91 1.00 0.36 -1.00 -1.00 -1.00 -1.00 
 -1.00 -1.00 -1.00 -1.00 -1.00 -0.51 1.00 1.00 -0.88 -1.00 -1.00 -1.00 -0.03 1.00 0.89 -0.71 -1.00 -1.00 -1.00 -1.00 
 -1.00 -1.00 -1.00 -1.00 -1.00 -0.99 0.33 1.00 -0.25 -1.00 -1.00 -0.45 0.95 0.81 -0.55 -1.00 -1.00 -1.00 -1.00 -1.00 
 -1.00 -1.00 -1.00 -1.00 -1.00 -1.00 -0.98 -0.06 0.94 0.31 0.47 0.72 0.05 -0.86 -1.00 -1.00 -1.00 -1.00 -1.00 -1.00 
 -1.00 -1.00 -1.00 -1.00 -1.00 -1.00 -0.58 0.76 -0.40 -0.99 -0.97 -1.00 -1.00 -1.00 -1.00 -1.00 -1.00 -1.00 -1.00 -1.00 
 -1.00 -1.00 -1.00 -1.00 -1.00 -0.75 0.90 0.98 -0.61 -1.00 -1.00 -1.00 -1.00 -1.00 -1.00 -1.00 -1.00 -1.00 -1.00 -1.00 
 -1.00 -1.00 -1.00 -1.00 -1.00 -0.43 1.00 1.00 0.98 0.43 -0.16 -0.80 -1.00 -1.00 -1.00 -1.00 -1.00 -1.00 -1.00 -1.00 
 -1.00 -1.00 -1.00 -1.00 -1.00 -0.95 0.65 0.90 1.00 1.00 1.00 0.96 0.19 -0.89 -1.00 -1.00 -1.00 -1.00 -1.00 -1.00 
 -1.00 -1.00 -1.00 -1.00 -0.67 0.51 -0.43 -0.95 -0.45 0.23 0.91 1.00 1.00 0.59 -0.94 -1.00 -1.00 -1.00 -1.00 -1.00 
 -1.00 -1.00 -1.00 -0.47 0.87 -0.56 -1.00 -1.00 -1.00 -1.00 -0.86 0.15 1.00 1.00 -0.22 -1.00 -1.00 -1.00 -1.00 -1.00 
 -1.00 -1.00 -0.95 0.84 0.36 -1.00 -1.00 -1.00 -1.00 -1.00 -1.00 -1.00 0.18 1.00 0.13 -1.00 -1.00 -1.00 -1.00 -1.00 
 -1.00 -1.00 -0.72 1.00 0.18 -1.00 -1.00 -1.00 -1.00 -1.00 -1.00 -1.00 -0.36 1.00 -0.08 -1.00 -1.00 -1.00 -1.00 -1.00 
 -1.00 -1.00 -0.92 0.92 0.62 -0.99 -1.00 -1.00 -1.00 -1.00 -1.00 -1.00 0.10 0.91 -0.79 -1.00 -1.00 -1.00 -1.00 -1.00 
 -1.00 -1.00 -1.00 -0.12 1.00 0.07 -0.96 -1.00 -1.00 -1.00 -0.98 -0.17 0.86 -0.44 -1.00 -1.00 -1.00 -1.00 -1.00 -1.00 
 -1.00 -1.00 -1.00 -1.00 -0.40 0.51 0.75 0.29 0.14 0.29 0.48 0.08 -0.79 -1.00 -1.00 -1.00 -1.00 -1.00 -1.00 -1.00 
 