-1.00 -1.00 -1.00 -1.00 -1.00 -1.00 -1.00 -0.57 0.22 0.72 0.97 0.98 0.73 0.11 -0.82 -1.00 -0.27 0.33 -0.50 -1.00 
 -1.00 -1.00 -1.00 -1.00 -1.00 -0.88 0.29 1.00 1.00 0.80 0.55 0.64 0.97 1.00 0.83 -0.67 0.40 1.00 -0.55 -1.00 
 -1.00 -1.00 -1.00 -1.00 -0.84 0.64 1.00 0.44 -0.59 -0.99 -1.00 -1.00 -0.84 0.14 1.00 0.64 0.79 0.98 -0.91 -1.00 
 -1.00 -1.00 -1.00 -0.97 0.53 1.00 0.04 -0.99 -1.00 -1.00 -1.00 -1.00 -1.00 -1.00 0.02 1.00 1.00 0.70 -1.00 -1.00 
 -1.00 -1.00 -1.00 -0.12 1.00 0.29 -0.99 -1.00 -1.00 -1.00 -1.00 -1.00 -1.00 -1.00 -0.95 0.84 1.00 0.33 -1.00 -1.00 
 -1.00 -1.00 -0.94 0.84 0.91 -0.84 -1.00 -1.00 -1.00 -1.00 -1.00 -1.00 -1.00 -1.00 -1.00 0.39 1.00 -0.05 -1.00 -1.00 
 -1.00 -1.00 -0.36 1.00 0.25 -1.00 -1.00 -1.00 -1.00 -1.00 -1.00 -1.00 -1.00 -1.00 -1.00 0.34 1.00 -0.42 -1.00 -1.00 
 -1.00 -1.00 0.14 1.00 -0.23 -1.00 -1.00 -1.00 -1.00 -1.00 -1.00 -1.00 -1.00 -1.00 -1.00 0.63 1.00 -0.80 -1.00 -1.00 
 -1.00 -1.00 0.37 1.00 -0.38 -1.00 -1.00 -1.00 -1.00 -1.00 -1.00 -1.00 -1.00 -1.00 -0.75 0.99 0.83 -0.99 -1.00 -1.00 
 -1.00 -1.00 0.33 1.00 -0.15 -1.00 -1.00 -1.00 -1.00 -1.00 -1.00 -1.00 -1.00 -1.00 0.15 1.00 0.45 -1.00 -1.00 -1.00 
 -1.00 -1.00 -0.03 1.00 0.44 -1.00 -1.00 -1.00 -1.00 -1.00 -1.00 -1.00 -1.00 -0.51 0.98 1.00 0.08 -1.00 -1.00 -1.00 
 -1.00 -1.00 -0.73 0.98 1.00 -0.45 -1.00 -1.00 -1.00 -1.00 -1.00 -1.00 -0.52 0.87 0.94 1.00 -0.29 -1.00 -1.00 -1.00 
 -1.00 -1.00 -1.00 0.04 1.00 0.93 -0.07 -0.80 -1.00 -0.98 -0.61 0.18 0.98 0.47 0.53 1.00 -0.68 -1.00 -1.00 -1.00 
 -1.00 -1.00 -1.00 -0.98 0.08 0.98 1.00 1.00 0.91 0.96 1.00 1.00 0.24 -0.89 0.90 0.87 -0.98 -1.00 -1.00 -1.00 
 -1.00 -0.94 -0.84 -0.92 -1.00 -0.65 0.11 0.52 0.65 0.51 0.11 -0.62 -1.00 -0.42 1.00 0.34 -1.00 -1.00 -1.00 -1.00 
 -1.00 -0.41 1.00 0.42 -1.00 -1.00 -1.00 -1.00 -1.00 -1.00 -1.00 -1.00 -0.98 0.56 1.00 -0.40 -1.00 -1.00 -1.00 -1.00 
 -1.00 -0.87 0.96 0.99 -0.58 -1.00 -1.00 -1.00 -1.00 -1.00 -1.00 -0.99 0.10 1.00 0.49 -0.99 -1.00 -1.00 -1.00 -1.00 
 -1.00 -1.00 0.17 1.00 0.84 -0.39 -0.98 -1.00 -1.00 -1.00 -0.65 0.40 1.00 0.71 -0.81 -1.00 -1.00 -1.00 -1.00 -1.00 
 -1.00 -1.00 -0.93 0.42 1.00 1.00 0.80 0.49 0.47 0.74 1.00 1.00 0.41 -0.83 -1.00 -1.00 -1.00 -1.00 -1.00 -1.00 
 -1.00 -1.00 -1.00 -0.98 -0.26 0.51 0.93 1.00 0.99 0.76 0.27 -0.50 -0.99 -1.00 -1.00 -1.00 -1.00 -1.00 -1.00 -1.00 
 