0.00 0.00 0.00 0.00 0.00 0.00 0.07 0.48 0.78 0.89 0.82 0.53 0.21 0.19 0.19 0.19 0.07 0.00 0.00 0.00 
 0.00 0.00 0.00 0.00 0.00 0.18 0.89 0.98 0.50 0.18 0.42 0.98 1.00 0.98 0.96 0.96 0.33 0.00 0.00 0.00 
 0.00 0.00 0.00 0.00 0.07 0.89 1.00 0.41 0.00 0.00 0.00 0.65 1.00 0.60 0.04 0.04 0.02 0.00 0.00 0.00 
 0.00 0.00 0.00 0.00 0.49 1.00 0.83 0.01 0.00 0.00 0.00 0.48 1.00 0.76 0.00 0.00 0.00 0.00 0.00 0.00 
 0.00 0.00 0.00 0.00 0.78 1.00 0.52 0.00 0.00 0.00 0.00 0.53 1.00 0.75 0.00 0.00 0.00 0.00 0.00 0.00 
 0.00 0.00 0.00 0.00 0.89 1.00 0.38 0.00 0.00 0.00 0.00 0.75 1.00 0.55 0.00 0.00 0.00 0.00 0.00 0.00 
 0.00 0.00 0.00 0.00 0.77 1.00 0.41 0.00 0.00 0.00 0.22 1.00 0.96 0.15 0.00 0.00 0.00 0.00 0.00 0.00 
 0.00 0.00 0.00 0.00 0.32 0.99 0.75 0.03 0.00 0.15 0.86 0.99 0.40 0.00 0.00 0.00 0.00 0.00 0.00 0.00 
 0.00 0.00 0.00 0.00 0.00 0.36 0.91 0.85 0.74 0.96 0.82 0.29 0.00 0.00 0.00 0.00 0.00 0.00 0.00 0.00 
 0.00 0.00 0.00 0.00 0.00 0.00 0.62 0.65 0.27 0.15 0.00 0.00 0.00 0.00 0.00 0.00 0.00 0.00 0.00 0.00 
 0.00 0.00 0.00 0.00 0.00 0.18 1.00 0.36 0.00 0.00 0.00 0.00 0.00 0.00 0.00 0.00 0.00 0.00 0.00 0.00 
 0.00 0.00 0.00 0.00 0.00 0.40 1.00 0.94 0.55 0.13 0.00 0.00 0.00 0.00 0.00 0.00 0.00 0.00 0.00 0.00 
 0.00 0.00 0.00 0.01 0.25 0.76 0.92 1.00 1.00 0.98 0.64 0.20 0.00 0.00 0.00 0.00 0.00 0.00 0.00 0.00 
 0.00 0.00 0.05 0.65 0.91 0.29 0.01 0.25 0.71 0.98 1.00 1.00 0.67 0.07 0.00 0.00 0.00 0.00 0.00 0.00 
 0.00 0.00 0.67 1.00 0.32 0.00 0.00 0.00 0.00 0.18 0.65 0.99 1.00 0.69 0.00 0.00 0.00 0.00 0.00 0.00 
 0.00 0.10 1.00 0.99 0.07 0.00 0.00 0.00 0.00 0.00 0.00 0.46 1.00 0.95 0.02 0.00 0.00 0.00 0.00 0.00 
 0.00 0.15 1.00 1.00 0.20 0.00 0.00 0.00 0.00 0.00 0.00 0.19 1.00 0.88 0.01 0.00 0.00 0.00 0.00 0.00 
 0.00 0.04 0.89 1.00 0.71 0.03 0.00 0.00 0.00 0.00 0.02 0.63 0.99 0.38 0.00 0.00 0.00 0.00 0.00 0.00 
 0.00 0.00 0.29 0.96 1.00 0.81 0.39 0.22 0.23 0.40 0.78 0.93 0.38 0.00 0.00 0.00 0.00 0.00 0.00 0.00 
 0.00 0.00 0.00 0.15 0.59 0.86 0.98 0.99 0.93 0.75 0.45 0.07 0.00 0.00 0.00 0.00 0.00 0.00 0.00 0.00 
 