-1.00 -1.00 -1.00 -1.00 -1.00 -1.00 -0.98 -0.27 0.48 0.83 0.88 0.39 -0.65 -1.00 -1.00 -1.00 -1.00 -1.00 -1.00 -1.00 
 -1.00 -1.00 -1.00 -1.00 -1.00 -0.82 0.51 -0.05 -0.92 -0.99 -0.42 0.95 0.81 -0.08 -0.00 -0.07 -1.00 -1.00 -1.00 -1.00 
 -1.00 -1.00 -1.00 -1.00 -0.92 0.65 0.15 -1.00 -1.00 -1.00 -1.00 0.33 1.00 0.69 0.55 -0.11 -1.00 -1.00 -1.00 -1.00 
 -1.00 -1.00 -1.00 -1.00 -0.06 1.00 -0.72 -1.00 -1.00 -1.00 -1.00 0.01 1.00 -0.17 -1.00 -1.00 -1.00 -1.00 -1.00 -1.00 
 -1.00 -1.00 -1.00 -1.00 0.65 0.89 -0.99 -1.00 -1.00 -1.00 -1.00 0.07 1.00 -0.29 -1.00 -1.00 -1.00 -1.00 -1.00 -1.00 
 -1.00 -1.00 -1.00 -1.00 0.95 0.84 -1.00 -1.00 -1.00 -1.00 -1.00 0.40 0.95 -0.81 -1.00 -1.00 -1.00 -1.00 -1.00 -1.00 
 -1.00 -1.00 -1.00 -1.00 0.91 0.99 -0.87 -1.00 -1.00 -1.00 -0.84 0.93 0.06 -1.00 -1.00 -1.00 -1.00 -1.00 -1.00 -1.00 
 -1.00 -1.00 -1.00 -1.00 0.38 1.00 0.07 -0.99 -1.00 -0.93 0.40 0.27 -0.97 -1.00 -1.00 -1.00 -1.00 -1.00 -1.00 -1.00 
 -1.00 -1.00 -1.00 -1.00 -0.77 0.61 1.00 0.58 0.31 0.34 -0.33 -0.99 -1.00 -1.00 -1.00 -1.00 -1.00 -1.00 -1.00 -1.00 
 -1.00 -1.00 -1.00 -1.00 -1.00 -0.99 -0.70 0.07 0.08 -1.00 -1.00 -1.00 -1.00 -1.00 -1.00 -1.00 -1.00 -1.00 -1.00 -1.00 
 -1.00 -1.00 -1.00 -1.00 -1.00 -1.00 -0.38 0.98 -0.38 -1.00 -1.00 -1.00 -1.00 -1.00 -1.00 -1.00 -1.00 -1.00 -1.00 -1.00 
 -1.00 -1.00 -1.00 -1.00 -1.00 -1.00 0.40 1.00 0.76 -0.71 -1.00 -1.00 -1.00 -1.00 -1.00 -1.00 -1.00 -1.00 -1.00 -1.00 
 -1.00 -1.00 -1.00 -1.00 -0.99 -0.57 0.33 0.89 1.00 0.87 -0.46 -1.00 -1.00 -1.00 -1.00 -1.00 -1.00 -1.00 -1.00 -1.00 
 -1.00 -1.00 -1.00 -0.58 0.47 -0.08 -0.86 -0.78 0.55 1.00 0.98 -0.20 -1.00 -1.00 -1.00 -1.00 -1.00 -1.00 -1.00 -1.00 
 -1.00 -1.00 -0.33 0.87 -0.60 -1.00 -1.00 -1.00 -0.95 0.15 1.00 0.99 -0.48 -1.00 -1.00 -1.00 -1.00 -1.00 -1.00 -1.00 
 -1.00 -0.81 0.91 0.05 -1.00 -1.00 -1.00 -1.00 -1.00 -0.99 0.14 1.00 0.37 -1.00 -1.00 -1.00 -1.00 -1.00 -1.00 -1.00 
 -1.00 -0.24 1.00 -0.42 -1.00 -1.00 -1.00 -1.00 -1.00 -1.00 -0.86 1.00 0.42 -1.00 -1.00 -1.00 -1.00 -1.00 -1.00 -1.00 
 -1.00 -0.22 1.00 -0.14 -1.00 -1.00 -1.00 -1.00 -1.00 -1.00 -0.73 1.00 -0.37 -1.00 -1.00 -1.00 -1.00 -1.00 -1.00 -1.00 
 -1.00 -0.84 0.82 0.85 -0.56 -1.00 -1.00 -1.00 -1.00 -0.69 0.58 -0.12 -1.00 -1.00 -1.00 -1.00 -1.00 -1.00 -1.00 -1.00 
 -1.00 -1.00 -0.73 0.34 0.93 0.54 0.18 0.19 0.37 0.20 -0.68 -1.00 -1.00 -1.00 -1.00 -1.00 -1.00 -1.00 -1.00 -1.00 
 