-1.00 -1.00 -1.00 -1.00 -1.00 -1.00 -1.00 -1.00 -1.00 -1.00 -0.79 0.18 0.70 0.85 0.89 0.91 0.95 -0.17 -1.00 -1.00 
 -1.00 -1.00 -1.00 -1.00 -1.00 -1.00 -1.00 -1.00 -1.00 -0.29 0.84 0.61 0.47 0.44 0.40 0.71 0.18 -0.98 -1.00 -1.00 
 -1.00 -1.00 -1.00 -1.00 -1.00 -1.00 -1.00 -0.99 0.05 0.72 -0.77 -1.00 -1.00 -1.00 -0.24 0.86 -0.95 -1.00 -1.00 -1.00 
 -1.00 -1.00 -1.00 -1.00 -1.00 -1.00 -1.00 -0.17 1.00 -0.35 -1.00 -1.00 -1.00 -0.69 0.98 0.44 -1.00 -1.00 -1.00 -1.00 
 -1.00 -1.00 -1.00 -1.00 -1.00 -1.00 -0.92 0.85 0.85 -0.95 -1.00 -1.00 -1.00 -0.02 1.00 -0.08 -1.00 -1.00 -1.00 -1.00 
 -1.00 -1.00 -1.00 -1.00 -1.00 -1.00 -0.28 1.00 0.26 -1.00 -1.00 -1.00 -1.00 0.55 1.00 -0.55 -1.00 -1.00 -1.00 -1.00 
 -1.00 -1.00 -1.00 -1.00 -1.00 -1.00 0.38 1.00 -0.29 -1.00 -1.00 -1.00 -0.87 0.98 0.96 -0.93 -1.00 -1.00 -1.00 -1.00 
 -1.00 -1.00 -1.00 -1.00 -1.00 -0.97 0.89 1.00 -0.72 -1.00 -1.00 -0.97 0.08 1.00 0.58 -1.00 -1.00 -1.00 -1.00 -1.00 
 -1.00 -1.00 -1.00 -1.00 -1.00 -0.65 1.00 1.00 -0.93 -1.00 -0.79 0.47 0.77 1.00 0.14 -1.00 -1.00 -1.00 -1.00 -1.00 
 -1.00 -1.00 -1.00 -1.00 -1.00 -0.36 1.00 1.00 -0.50 -0.44 0.63 -0.52 0.59 1.00 -0.31 -1.00 -1.00 -1.00 -1.00 -1.00 
 -1.00 -1.00 -1.00 -1.00 -1.00 -0.33 1.00 1.00 0.86 0.48 -0.81 -0.91 0.97 1.00 -0.75 -1.00 -1.00 -1.00 -1.00 -1.00 
 -1.00 -1.00 -1.00 -1.00 -1.00 -0.80 0.93 1.00 0.08 -0.97 -1.00 -0.50 1.00 0.80 -0.99 -1.00 -1.00 -1.00 -1.00 -1.00 
 -1.00 -1.00 -1.00 -1.00 -1.00 -0.61 0.74 -0.34 -1.00 -1.00 -1.00 -0.04 1.00 0.36 -1.00 -1.00 -1.00 -1.00 -1.00 -1.00 
 -1.00 -1.00 -1.00 -1.00 -0.40 0.64 -0.65 -1.00 -1.00 -1.00 -1.00 0.41 1.00 -0.07 -1.00 -1.00 -1.00 -1.00 -1.00 -1.00 
 -1.00 -1.00 -0.99 -0.15 0.54 -0.84 -1.00 -1.00 -1.00 -1.00 -0.98 0.86 1.00 -0.56 -1.00 -1.00 -1.00 -1.00 -1.00 -1.00 
 -1.00 -0.99 0.10 0.57 -0.91 -1.00 -1.00 -1.00 -1.00 -1.00 -0.65 1.00 0.79 -0.98 -1.00 -1.00 -1.00 -1.00 -1.00 -1.00 
 -1.00 0.04 1.00 -0.62 -1.00 -1.00 -1.00 -1.00 -1.00 -1.00 0.04 1.00 -0.22 -1.00 -1.00 -1.00 -1.00 -1.00 -1.00 -1.00 
 -0.59 0.99 1.00 -0.59 -1.00 -1.00 -1.00 -1.00 -1.00 -0.50 0.92 -0.04 -1.00 -1.00 -1.00 -1.00 -1.00 -1.00 -1.00 -1.00 
 -0.15 1.00 1.00 0.87 0.16 -0.15 -0.18 -0.01 0.45 0.76 -0.41 -1.00 -1.00 -1.00 -1.00 -1.00 -1.00 -1.00 -1.00 -1.00 
 -0.84 0.44 0.99 1.00 1.00 1.00 0.97 0.55 -0.16 -0.92 -1.00 -1.00 -1.00 -1.00 -1.00 -1.00 -1.00 -1.00 -1.00 -1.00 
 