0.00 0.00 0.00 0.00 0.00 0.00 0.00 0.00 0.14 0.45 0.71 0.87 0.99 1.00 0.98 0.85 0.62 0.00 0.00 0.00 
 0.00 0.00 0.00 0.00 0.00 0.00 0.09 0.60 0.98 1.00 1.00 1.00 1.00 1.00 1.00 1.00 0.84 0.00 0.00 0.00 
 0.00 0.00 0.00 0.00 0.00 0.19 0.87 1.00 0.99 0.80 0.55 0.38 0.33 0.37 0.49 0.67 0.58 0.00 0.00 0.00 
 0.00 0.00 0.00 0.00 0.14 0.90 1.00 0.88 0.31 0.00 0.00 0.00 0.00 0.00 0.00 0.00 0.00 0.00 0.00 0.00 
 0.00 0.00 0.00 0.04 0.79 1.00 0.88 0.13 0.00 0.00 0.00 0.00 0.00 0.00 0.00 0.00 0.00 0.00 0.00 0.00 
 0.00 0.00 0.00 0.41 1.00 0.99 0.27 0.00 0.00 0.00 0.00 0.00 0.00 0.00 0.00 0.00 0.00 0.00 0.00 0.00 
 0.00 0.00 0.04 0.88 1.00 0.73 0.00 0.00 0.00 0.00 0.00 0.00 0.00 0.00 0.00 0.00 0.00 0.00 0.00 0.00 
 0.00 0.00 0.25 1.00 1.00 0.37 0.00 0.00 0.00 0.00 0.00 0.00 0.00 0.00 0.00 0.00 0.00 0.00 0.00 0.00 
 0.00 0.00 0.49 1.00 1.00 0.15 0.00 0.00 0.00 0.00 0.00 0.00 0.00 0.00 0.00 0.00 0.00 0.00 0.00 0.00 
 0.00 0.00 0.63 1.00 0.91 0.03 0.00 0.00 0.00 0.00 0.00 0.00 0.00 0.00 0.00 0.00 0.00 0.00 0.00 0.00 
 0.00 0.00 0.67 1.00 0.90 0.02 0.00 0.00 0.00 0.00 0.00 0.00 0.00 0.00 0.00 0.07 0.11 0.11 0.02 0.00 
 0.00 0.00 0.64 1.00 1.00 0.15 0.00 0.00 0.00 0.00 0.00 0.00 0.00 0.00 0.00 0.61 1.00 1.00 0.11 0.00 
 0.00 0.00 0.51 1.00 1.00 0.37 0.00 0.00 0.00 0.00 0.00 0.00 0.00 0.00 0.00 0.52 1.00 0.93 0.04 0.00 
 0.00 0.00 0.29 1.00 1.00 0.72 0.00 0.00 0.00 0.00 0.00 0.00 0.00 0.00 0.00 0.45 1.00 0.89 0.00 0.00 
 0.00 0.00 0.06 0.91 1.00 0.98 0.26 0.00 0.00 0.00 0.00 0.00 0.00 0.00 0.00 0.45 1.00 0.89 0.00 0.00 
 0.00 0.00 0.00 0.47 1.00 1.00 0.87 0.09 0.00 0.00 0.00 0.00 0.00 0.00 0.00 0.45 1.00 0.89 0.00 0.00 
 0.00 0.00 0.00 0.06 0.83 1.00 1.00 0.80 0.14 0.00 0.00 0.00 0.00 0.00 0.00 0.37 1.00 0.89 0.00 0.00 
 0.00 0.00 0.00 0.00 0.14 0.89 1.00 1.00 0.94 0.47 0.14 0.00 0.00 0.00 0.00 0.27 1.00 0.93 0.04 0.00 
 0.00 0.00 0.00 0.00 0.00 0.14 0.78 1.00 1.00 1.00 0.99 0.84 0.72 0.67 0.72 0.87 1.00 1.00 0.11 0.00 
 0.00 0.00 0.00 0.00 0.00 0.00 0.02 0.36 0.77 0.99 1.00 1.00 1.00 1.00 1.00 1.00 0.99 0.80 0.07 0.00 
 