0.00 0.00 0.00 0.00 0.00 0.00 0.00 0.15 0.48 0.71 0.79 0.93 1.00 0.93 0.80 0.61 0.38 0.11 0.00 0.00 
 0.00 0.00 0.00 0.00 0.00 0.10 0.58 0.67 0.30 0.07 0.00 0.04 0.21 0.55 0.94 1.00 1.00 0.67 0.00 0.00 
 0.00 0.00 0.00 0.00 0.24 0.82 0.29 0.00 0.00 0.00 0.00 0.00 0.00 0.00 0.16 0.87 1.00 0.67 0.00 0.00 
 0.00 0.00 0.00 0.24 0.91 0.25 0.00 0.00 0.00 0.00 0.00 0.00 0.00 0.00 0.00 0.20 0.99 0.67 0.00 0.00 
 0.00 0.00 0.10 0.90 0.53 0.00 0.00 0.00 0.00 0.00 0.00 0.00 0.00 0.00 0.00 0.00 0.69 0.67 0.00 0.00 
 0.00 0.00 0.62 0.95 0.09 0.00 0.00 0.00 0.00 0.00 0.00 0.00 0.00 0.00 0.00 0.00 0.27 0.37 0.00 0.00 
 0.00 0.16 0.99 0.74 0.00 0.00 0.00 0.00 0.00 0.00 0.00 0.00 0.00 0.00 0.00 0.00 0.00 0.00 0.00 0.00 
 0.00 0.52 1.00 0.56 0.00 0.00 0.00 0.00 0.00 0.00 0.00 0.00 0.00 0.00 0.00 0.00 0.00 0.00 0.00 0.00 
 0.00 0.80 1.00 0.45 0.00 0.00 0.00 0.00 0.00 0.00 0.00 0.00 0.00 0.00 0.00 0.00 0.00 0.00 0.00 0.00 
 0.09 0.98 1.00 0.45 0.00 0.00 0.00 0.00 0.00 0.00 0.00 0.00 0.00 0.00 0.00 0.00 0.00 0.00 0.00 0.00 
 0.11 1.00 1.00 0.53 0.00 0.00 0.00 0.00 0.00 0.00 0.00 0.00 0.00 0.00 0.00 0.00 0.00 0.00 0.00 0.00 
 0.11 1.00 1.00 0.69 0.00 0.00 0.00 0.00 0.00 0.00 0.00 0.06 0.56 0.56 0.56 0.56 0.56 0.56 0.56 0.37 
 0.11 1.00 1.00 0.90 0.03 0.00 0.00 0.00 0.00 0.00 0.00 0.02 0.11 0.20 0.57 0.99 1.00 1.00 0.73 0.11 
 0.03 0.89 1.00 1.00 0.33 0.00 0.00 0.00 0.00 0.00 0.00 0.00 0.00 0.00 0.00 0.73 1.00 1.00 0.21 0.00 
 0.00 0.62 1.00 1.00 0.79 0.03 0.00 0.00 0.00 0.00 0.00 0.00 0.00 0.00 0.00 0.56 1.00 1.00 0.11 0.00 
 0.00 0.25 1.00 1.00 1.00 0.51 0.00 0.00 0.00 0.00 0.00 0.00 0.00 0.00 0.00 0.72 1.00 1.00 0.11 0.00 
 0.00 0.02 0.68 1.00 1.00 0.98 0.37 0.00 0.00 0.00 0.00 0.00 0.00 0.00 0.29 0.99 1.00 1.00 0.11 0.00 
 0.00 0.00 0.09 0.85 1.00 1.00 0.99 0.64 0.19 0.03 0.00 0.00 0.10 0.44 0.89 0.89 0.98 1.00 0.11 0.00 
 0.00 0.00 0.00 0.11 0.76 1.00 1.00 1.00 1.00 0.90 0.78 0.82 0.93 0.49 0.05 0.00 0.31 0.99 0.11 0.00 
 0.00 0.00 0.00 0.00 0.02 0.41 0.85 1.00 1.00 1.00 0.94 0.60 0.15 0.00 0.00 0.00 0.00 0.80 0.11 0.00 
 