0.00 0.00 0.00 0.00 0.00 0.00 0.08 0.49 0.83 0.99 0.94 0.69 0.23 0.00 0.16 0.70 0.70 0.70 0.32 0.00 
 0.00 0.00 0.00 0.00 0.00 0.23 0.90 1.00 1.00 1.00 1.00 1.00 0.98 0.36 0.41 1.00 1.00 1.00 0.29 0.00 
 0.00 0.00 0.00 0.00 0.18 0.94 1.00 1.00 1.00 0.93 0.81 0.94 1.00 0.95 0.74 1.00 1.00 0.98 0.11 0.00 
 0.00 0.00 0.00 0.02 0.78 1.00 1.00 1.00 0.66 0.06 0.00 0.07 0.72 1.00 1.00 1.00 1.00 0.88 0.00 0.00 
 0.00 0.00 0.00 0.27 1.00 1.00 1.00 0.83 0.03 0.00 0.00 0.00 0.09 0.94 1.00 1.00 1.00 0.72 0.00 0.00 
 0.00 0.00 0.00 0.62 1.00 1.00 1.00 0.38 0.00 0.00 0.00 0.00 0.00 0.70 1.00 1.00 1.00 0.53 0.00 0.00 
 0.00 0.00 0.01 0.87 1.00 1.00 0.94 0.05 0.00 0.00 0.00 0.00 0.00 0.64 1.00 1.00 1.00 0.33 0.00 0.00 
 0.00 0.00 0.10 1.00 1.00 1.00 0.80 0.00 0.00 0.00 0.00 0.00 0.00 0.77 1.00 1.00 0.99 0.14 0.00 0.00 
 0.00 0.00 0.10 1.00 1.00 1.00 0.70 0.00 0.00 0.00 0.00 0.00 0.08 0.97 1.00 1.00 0.89 0.00 0.00 0.00 
 0.00 0.00 0.10 1.00 1.00 1.00 0.77 0.00 0.00 0.00 0.00 0.00 0.41 1.00 1.00 1.00 0.76 0.00 0.00 0.00 
 0.00 0.00 0.08 0.98 1.00 1.00 0.96 0.13 0.00 0.00 0.00 0.17 0.92 1.00 1.00 1.00 0.57 0.00 0.00 0.00 
 0.00 0.00 0.00 0.77 1.00 1.00 1.00 0.80 0.24 0.12 0.38 0.91 1.00 1.00 1.00 1.00 0.37 0.00 0.00 0.00 
 0.00 0.00 0.00 0.37 1.00 1.00 1.00 1.00 1.00 1.00 1.00 1.00 1.00 1.00 1.00 1.00 0.18 0.00 0.00 0.00 
 0.00 0.00 0.00 0.02 0.63 1.00 1.00 1.00 1.00 1.00 0.99 0.68 0.96 1.00 1.00 0.90 0.01 0.00 0.00 0.00 
 0.00 0.00 0.00 0.00 0.01 0.39 0.76 0.90 0.84 0.60 0.24 0.14 1.00 1.00 1.00 0.72 0.00 0.00 0.00 0.00 
 0.00 0.00 0.31 0.19 0.10 0.02 0.00 0.00 0.00 0.00 0.00 0.36 1.00 1.00 1.00 0.46 0.00 0.00 0.00 0.00 
 0.00 0.00 0.90 1.00 1.00 0.91 0.20 0.00 0.00 0.00 0.02 0.76 1.00 1.00 0.98 0.15 0.00 0.00 0.00 0.00 
 0.00 0.00 0.78 1.00 1.00 1.00 0.73 0.18 0.10 0.24 0.65 1.00 1.00 1.00 0.74 0.00 0.00 0.00 0.00 0.00 
 0.00 0.00 0.40 1.00 1.00 1.00 1.00 1.00 1.00 1.00 1.00 1.00 1.00 0.95 0.19 0.00 0.00 0.00 0.00 0.00 
 0.00 0.00 0.02 0.56 0.99 1.00 1.00 1.00 1.00 1.00 1.00 1.00 0.87 0.24 0.00 0.00 0.00 0.00 0.00 0.00 
 