0.00 0.00 0.00 0.00 0.00 0.00 0.02 0.29 0.67 0.78 0.78 0.86 0.74 0.33 0.15 0.15 0.15 0.13 0.00 0.00 
 0.00 0.00 0.00 0.00 0.00 0.02 0.47 1.00 0.57 0.02 0.00 0.13 0.84 1.00 1.00 1.00 1.00 0.96 0.11 0.00 
 0.00 0.00 0.00 0.00 0.00 0.37 1.00 0.86 0.02 0.00 0.00 0.00 0.27 1.00 1.00 0.72 0.43 0.41 0.04 0.00 
 0.00 0.00 0.00 0.00 0.04 0.86 1.00 0.64 0.00 0.00 0.00 0.00 0.04 0.86 1.00 0.82 0.00 0.00 0.00 0.00 
 0.00 0.00 0.00 0.00 0.15 1.00 1.00 0.57 0.00 0.00 0.00 0.00 0.00 0.65 1.00 0.94 0.08 0.00 0.00 0.00 
 0.00 0.00 0.00 0.00 0.15 1.00 1.00 0.62 0.00 0.00 0.00 0.00 0.00 0.57 1.00 1.00 0.15 0.00 0.00 0.00 
 0.00 0.00 0.00 0.00 0.11 0.96 1.00 0.78 0.00 0.00 0.00 0.00 0.00 0.62 1.00 0.88 0.02 0.00 0.00 0.00 
 0.00 0.00 0.00 0.00 0.00 0.59 1.00 0.94 0.15 0.00 0.00 0.00 0.02 0.82 1.00 0.59 0.00 0.00 0.00 0.00 
 0.00 0.00 0.00 0.00 0.00 0.08 0.78 1.00 0.69 0.06 0.00 0.02 0.39 1.00 0.76 0.06 0.00 0.00 0.00 0.00 
 0.00 0.00 0.00 0.00 0.00 0.00 0.08 0.80 0.88 0.84 0.57 0.72 0.84 0.51 0.04 0.00 0.00 0.00 0.00 0.00 
 0.00 0.00 0.00 0.00 0.00 0.02 0.47 0.74 0.02 0.13 0.15 0.13 0.00 0.00 0.00 0.00 0.00 0.00 0.00 0.00 
 0.00 0.00 0.00 0.00 0.00 0.31 1.00 0.35 0.00 0.00 0.00 0.00 0.00 0.00 0.00 0.00 0.00 0.00 0.00 0.00 
 0.00 0.00 0.00 0.00 0.00 0.78 1.00 0.80 0.43 0.31 0.29 0.29 0.27 0.15 0.15 0.08 0.00 0.00 0.00 0.00 
 0.00 0.00 0.00 0.00 0.00 0.69 1.00 1.00 1.00 1.00 1.00 1.00 1.00 1.00 1.00 0.92 0.47 0.02 0.00 0.00 
 0.00 0.00 0.00 0.00 0.00 0.08 0.78 0.90 0.86 0.94 1.00 1.00 1.00 1.00 1.00 1.00 1.00 0.51 0.00 0.00 
 0.00 0.00 0.00 0.00 0.00 0.25 0.80 0.08 0.00 0.08 0.15 0.15 0.27 0.29 0.33 0.49 0.86 0.86 0.00 0.00 
 0.00 0.00 0.00 0.00 0.15 0.90 0.33 0.00 0.00 0.00 0.00 0.00 0.00 0.00 0.00 0.00 0.23 0.86 0.00 0.00 
 0.00 0.00 0.00 0.04 0.76 0.88 0.02 0.00 0.00 0.00 0.00 0.00 0.00 0.00 0.00 0.00 0.31 0.76 0.00 0.00 
 0.00 0.00 0.00 0.25 1.00 0.98 0.37 0.00 0.00 0.00 0.00 0.00 0.00 0.00 0.00 0.16 0.84 0.25 0.00 0.00 
 0.00 0.00 0.00 0.15 0.96 1.00 0.98 0.67 0.35 0.16 0.08 0.00 0.13 0.23 0.49 0.90 0.43 0.00 0.00 0.00 
 