0.00 0.00 0.00 0.00 0.00 0.00 0.18 0.55 0.80 0.94 1.00 0.98 0.86 0.64 0.29 0.02 0.00 0.00 0.00 0.00 
 0.00 0.00 0.00 0.00 0.06 0.60 0.99 1.00 0.93 0.79 0.70 0.73 0.86 0.99 1.00 0.77 0.15 0.00 0.00 0.00 
 0.00 0.00 0.00 0.06 0.79 1.00 0.87 0.35 0.03 0.00 0.00 0.00 0.00 0.19 0.70 1.00 0.91 0.15 0.00 0.00 
 0.00 0.00 0.01 0.64 1.00 0.79 0.08 0.00 0.00 0.00 0.00 0.00 0.00 0.00 0.01 0.55 1.00 0.80 0.03 0.00 
 0.00 0.00 0.22 1.00 0.95 0.14 0.00 0.00 0.00 0.00 0.00 0.00 0.00 0.00 0.00 0.02 0.72 0.78 0.16 0.00 
 0.00 0.00 0.61 1.00 0.58 0.00 0.00 0.00 0.00 0.00 0.00 0.00 0.00 0.00 0.00 0.00 0.02 0.00 0.00 0.00 
 0.00 0.03 0.90 1.00 0.23 0.00 0.00 0.00 0.00 0.00 0.00 0.00 0.00 0.00 0.00 0.00 0.00 0.00 0.00 0.00 
 0.00 0.12 1.00 0.92 0.02 0.00 0.00 0.00 0.00 0.00 0.00 0.00 0.00 0.00 0.00 0.00 0.00 0.00 0.00 0.00 
 0.00 0.22 1.00 0.86 0.00 0.00 0.00 0.00 0.00 0.00 0.00 0.00 0.00 0.00 0.00 0.00 0.00 0.00 0.00 0.00 
 0.00 0.30 1.00 0.80 0.00 0.00 0.00 0.00 0.00 0.00 0.00 0.00 0.00 0.00 0.00 0.00 0.00 0.00 0.00 0.00 
 0.00 0.30 1.00 0.80 0.00 0.00 0.00 0.00 0.00 0.00 0.05 0.50 0.50 0.50 0.50 0.50 0.50 0.50 0.40 0.00 
 0.00 0.25 1.00 0.83 0.00 0.00 0.00 0.00 0.00 0.00 0.10 1.00 1.00 1.00 1.00 1.00 1.00 1.00 0.80 0.00 
 0.00 0.14 1.00 0.91 0.01 0.00 0.00 0.00 0.00 0.00 0.01 0.10 0.10 0.10 0.10 0.10 0.19 1.00 0.80 0.00 
 0.00 0.05 0.94 1.00 0.18 0.00 0.00 0.00 0.00 0.00 0.00 0.00 0.00 0.00 0.00 0.00 0.10 1.00 0.80 0.00 
 0.00 0.00 0.68 1.00 0.50 0.00 0.00 0.00 0.00 0.00 0.00 0.00 0.00 0.00 0.00 0.00 0.10 1.00 0.80 0.00 
 0.00 0.00 0.32 1.00 0.90 0.07 0.00 0.00 0.00 0.00 0.00 0.00 0.00 0.00 0.00 0.00 0.10 1.00 0.80 0.00 
 0.00 0.00 0.03 0.80 1.00 0.64 0.01 0.00 0.00 0.00 0.00 0.00 0.00 0.00 0.00 0.00 0.32 1.00 0.80 0.00 
 0.00 0.00 0.00 0.18 0.93 1.00 0.63 0.07 0.00 0.00 0.00 0.00 0.00 0.00 0.06 0.48 0.97 0.99 0.44 0.00 
 0.00 0.00 0.00 0.00 0.22 0.90 1.00 0.91 0.55 0.31 0.20 0.21 0.35 0.60 0.92 1.00 0.92 0.37 0.00 0.00 
 0.00 0.00 0.00 0.00 0.00 0.09 0.60 0.96 1.00 1.00 1.00 1.00 1.00 1.00 0.92 0.54 0.09 0.00 0.00 0.00 
 