0.00 0.00 0.00 0.00 0.00 0.02 0.27 0.67 0.90 1.00 0.95 0.72 0.29 0.06 0.56 0.56 0.56 0.56 0.49 0.00 
 0.00 0.00 0.00 0.00 0.04 0.62 1.00 1.00 1.00 1.00 1.00 1.00 0.99 0.56 1.00 1.00 1.00 1.00 0.89 0.00 
 0.00 0.00 0.00 0.03 0.65 1.00 1.00 1.00 1.00 1.00 1.00 1.00 1.00 1.00 1.00 1.00 1.00 1.00 0.89 0.00 
 0.00 0.00 0.00 0.40 1.00 1.00 1.00 1.00 1.00 1.00 1.00 1.00 1.00 1.00 1.00 1.00 1.00 1.00 0.89 0.00 
 0.00 0.00 0.04 0.88 1.00 1.00 1.00 1.00 0.96 0.48 0.15 0.18 0.56 0.99 1.00 1.00 1.00 1.00 0.89 0.00 
 0.00 0.00 0.20 1.00 1.00 1.00 1.00 1.00 0.40 0.00 0.00 0.00 0.00 0.52 1.00 1.00 1.00 1.00 0.89 0.00 
 0.00 0.00 0.38 1.00 1.00 1.00 1.00 0.88 0.02 0.00 0.00 0.00 0.00 0.10 0.98 1.00 1.00 1.00 0.89 0.00 
 0.00 0.00 0.45 1.00 1.00 1.00 1.00 0.78 0.00 0.00 0.00 0.00 0.00 0.00 0.89 1.00 1.00 1.00 0.89 0.00 
 0.00 0.00 0.42 1.00 1.00 1.00 1.00 0.89 0.02 0.00 0.00 0.00 0.00 0.13 0.99 1.00 1.00 1.00 0.89 0.00 
 0.00 0.00 0.26 1.00 1.00 1.00 1.00 1.00 0.48 0.00 0.00 0.00 0.02 0.60 1.00 1.00 1.00 1.00 0.89 0.00 
 0.00 0.00 0.06 0.94 1.00 1.00 1.00 1.00 0.99 0.60 0.26 0.29 0.67 1.00 1.00 1.00 1.00 1.00 0.89 0.00 
 0.00 0.00 0.00 0.52 1.00 1.00 1.00 1.00 1.00 1.00 1.00 1.00 1.00 1.00 1.00 1.00 1.00 1.00 0.89 0.00 
 0.00 0.00 0.00 0.06 0.80 1.00 1.00 1.00 1.00 1.00 1.00 1.00 1.00 0.99 1.00 1.00 1.00 1.00 0.89 0.00 
 0.00 0.00 0.00 0.00 0.09 0.72 1.00 1.00 1.00 1.00 1.00 1.00 0.94 0.46 1.00 1.00 1.00 1.00 0.89 0.00 
 0.00 0.00 0.00 0.00 0.00 0.02 0.30 0.65 0.83 0.89 0.80 0.55 0.14 0.13 1.00 1.00 1.00 1.00 0.89 0.00 
 0.00 0.00 0.00 0.00 0.00 0.00 0.00 0.00 0.00 0.00 0.00 0.00 0.00 0.29 1.00 1.00 1.00 1.00 0.88 0.00 
 0.00 0.00 0.11 0.67 0.67 0.67 0.67 0.67 0.37 0.00 0.00 0.00 0.07 0.77 1.00 1.00 1.00 1.00 0.72 0.00 
 0.00 0.00 0.05 0.88 1.00 1.00 1.00 1.00 0.98 0.62 0.45 0.53 0.88 1.00 1.00 1.00 1.00 1.00 0.38 0.00 
 0.00 0.00 0.00 0.30 0.98 1.00 1.00 1.00 1.00 1.00 1.00 1.00 1.00 1.00 1.00 1.00 1.00 0.74 0.02 0.00 
 0.00 0.00 0.00 0.00 0.36 0.98 1.00 1.00 1.00 1.00 1.00 1.00 1.00 1.00 1.00 1.00 0.78 0.07 0.00 0.00 
 