0.00 0.00 0.00 0.00 0.00 0.00 0.00 0.14 0.58 0.86 1.00 0.97 0.81 0.45 0.09 0.28 0.84 0.84 0.14 0.00 
 0.00 0.00 0.00 0.00 0.00 0.00 0.33 0.95 1.00 1.00 1.00 1.00 1.00 1.00 0.81 0.45 1.00 1.00 0.17 0.00 
 0.00 0.00 0.00 0.00 0.00 0.28 0.97 1.00 0.95 0.58 0.25 0.17 0.36 0.78 1.00 0.97 1.00 1.00 0.17 0.00 
 0.00 0.00 0.00 0.00 0.06 0.84 1.00 0.97 0.33 0.00 0.00 0.00 0.00 0.06 0.73 1.00 1.00 1.00 0.17 0.00 
 0.00 0.00 0.00 0.00 0.31 1.00 1.00 0.73 0.00 0.00 0.00 0.00 0.00 0.00 0.17 0.97 1.00 1.00 0.17 0.00 
 0.00 0.00 0.00 0.00 0.58 1.00 1.00 0.33 0.00 0.00 0.00 0.00 0.00 0.00 0.00 0.70 1.00 1.00 0.17 0.00 
 0.00 0.00 0.00 0.00 0.75 1.00 0.95 0.11 0.00 0.00 0.00 0.00 0.00 0.00 0.00 0.45 1.00 1.00 0.17 0.00 
 0.00 0.00 0.00 0.00 0.84 1.00 0.84 0.00 0.00 0.00 0.00 0.00 0.00 0.00 0.00 0.33 1.00 1.00 0.17 0.00 
 0.00 0.00 0.00 0.00 0.84 1.00 0.84 0.00 0.00 0.00 0.00 0.00 0.00 0.00 0.00 0.33 1.00 1.00 0.17 0.00 
 0.00 0.00 0.00 0.00 0.75 1.00 0.92 0.09 0.00 0.00 0.00 0.00 0.00 0.00 0.00 0.45 1.00 1.00 0.17 0.00 
 0.00 0.00 0.00 0.00 0.58 1.00 1.00 0.28 0.00 0.00 0.00 0.00 0.00 0.00 0.00 0.64 1.00 1.00 0.17 0.00 
 0.00 0.00 0.00 0.00 0.31 1.00 1.00 0.61 0.00 0.00 0.00 0.00 0.00 0.00 0.14 0.95 1.00 1.00 0.17 0.00 
 0.00 0.00 0.00 0.00 0.06 0.81 1.00 0.95 0.28 0.00 0.00 0.00 0.00 0.06 0.67 1.00 1.00 1.00 0.17 0.00 
 0.00 0.00 0.00 0.00 0.00 0.25 0.95 1.00 0.95 0.50 0.22 0.17 0.33 0.78 1.00 0.97 1.00 1.00 0.17 0.00 
 0.00 0.00 0.00 0.00 0.00 0.00 0.31 0.92 1.00 1.00 1.00 1.00 1.00 0.97 0.64 0.70 1.00 1.00 0.17 0.00 
 0.00 0.00 0.00 0.00 0.00 0.00 0.00 0.11 0.58 0.84 0.84 0.84 0.78 0.39 0.00 0.67 1.00 1.00 0.17 0.00 
 0.00 0.00 0.00 0.00 0.00 0.00 0.00 0.00 0.00 0.00 0.00 0.00 0.00 0.00 0.00 0.75 1.00 0.86 0.03 0.00 
 0.00 0.00 0.00 0.00 0.22 0.53 0.39 0.11 0.00 0.00 0.00 0.00 0.00 0.00 0.06 0.89 1.00 0.84 0.00 0.00 
 0.00 0.00 0.00 0.00 0.25 1.00 1.00 0.56 0.00 0.00 0.00 0.00 0.00 0.00 0.33 1.00 1.00 0.64 0.00 0.00 
 0.00 0.00 0.00 0.00 0.11 0.95 1.00 0.92 0.28 0.00 0.00 0.00 0.00 0.28 0.92 1.00 0.95 0.22 0.00 0.00 
 