0.00 0.00 0.00 0.00 0.00 0.00 0.03 0.31 0.65 0.85 0.99 1.00 0.94 0.79 0.52 0.14 0.00 0.00 0.00 0.00 
 0.00 0.00 0.00 0.00 0.00 0.15 0.77 1.00 1.00 1.00 1.00 1.00 1.00 1.00 1.00 0.96 0.47 0.02 0.00 0.00 
 0.00 0.00 0.00 0.00 0.18 0.93 1.00 1.00 1.00 1.00 1.00 1.00 1.00 1.00 1.00 1.00 1.00 0.53 0.00 0.00 
 0.00 0.00 0.00 0.05 0.83 1.00 1.00 1.00 0.99 0.83 0.61 0.56 0.71 0.94 1.00 1.00 1.00 0.99 0.27 0.00 
 0.00 0.00 0.00 0.42 1.00 1.00 1.00 0.94 0.33 0.00 0.00 0.00 0.00 0.09 0.71 1.00 1.00 1.00 0.77 0.00 
 0.00 0.00 0.03 0.84 1.00 1.00 0.99 0.33 0.00 0.00 0.00 0.00 0.00 0.00 0.05 0.82 1.00 0.99 0.80 0.05 
 0.00 0.00 0.18 1.00 1.00 1.00 0.76 0.00 0.00 0.00 0.00 0.00 0.00 0.00 0.00 0.30 0.58 0.21 0.00 0.00 
 0.00 0.00 0.38 1.00 1.00 1.00 0.41 0.00 0.00 0.00 0.00 0.00 0.00 0.00 0.00 0.00 0.00 0.00 0.00 0.00 
 0.00 0.00 0.52 1.00 1.00 1.00 0.19 0.00 0.00 0.00 0.00 0.00 0.00 0.00 0.00 0.00 0.00 0.00 0.00 0.00 
 0.00 0.00 0.63 1.00 1.00 0.95 0.06 0.00 0.00 0.00 0.00 0.00 0.00 0.00 0.00 0.00 0.00 0.00 0.00 0.00 
 0.00 0.00 0.67 1.00 1.00 0.89 0.00 0.00 0.00 0.00 0.00 0.06 0.56 0.56 0.56 0.56 0.56 0.56 0.56 0.31 
 0.00 0.00 0.67 1.00 1.00 0.89 0.00 0.00 0.00 0.00 0.00 0.11 1.00 1.00 1.00 1.00 1.00 1.00 1.00 0.56 
 0.00 0.00 0.62 1.00 1.00 0.96 0.07 0.00 0.00 0.00 0.00 0.11 1.00 1.00 1.00 1.00 1.00 1.00 1.00 0.56 
 0.00 0.00 0.51 1.00 1.00 1.00 0.21 0.00 0.00 0.00 0.00 0.09 0.78 0.78 0.78 0.78 0.95 1.00 1.00 0.56 
 0.00 0.00 0.36 1.00 1.00 1.00 0.46 0.00 0.00 0.00 0.00 0.00 0.00 0.00 0.00 0.00 0.78 1.00 1.00 0.56 
 0.00 0.00 0.15 1.00 1.00 1.00 0.80 0.02 0.00 0.00 0.00 0.00 0.00 0.00 0.00 0.00 0.78 1.00 1.00 0.56 
 0.00 0.00 0.02 0.80 1.00 1.00 1.00 0.40 0.00 0.00 0.00 0.00 0.00 0.00 0.00 0.02 0.82 1.00 1.00 0.56 
 0.00 0.00 0.00 0.40 1.00 1.00 1.00 0.95 0.37 0.03 0.00 0.00 0.00 0.02 0.20 0.71 1.00 1.00 1.00 0.56 
 0.00 0.00 0.00 0.04 0.80 1.00 1.00 1.00 1.00 0.83 0.58 0.56 0.60 0.80 1.00 1.00 1.00 1.00 0.99 0.35 
 0.00 0.00 0.00 0.00 0.16 0.93 1.00 1.00 1.00 1.00 1.00 1.00 1.00 1.00 1.00 1.00 1.00 0.98 0.40 0.00 
 