0.00 0.00 0.00 0.00 0.00 0.00 0.07 0.41 0.71 0.89 1.00 1.00 0.94 0.78 0.52 0.22 0.04 0.32 0.25 0.00 
 0.00 0.00 0.00 0.00 0.03 0.45 0.93 0.96 0.65 0.35 0.16 0.11 0.18 0.38 0.74 0.99 0.89 0.91 0.33 0.00 
 0.00 0.00 0.00 0.06 0.69 1.00 0.85 0.20 0.00 0.00 0.00 0.00 0.00 0.00 0.00 0.36 0.95 1.00 0.40 0.00 
 0.00 0.00 0.04 0.73 1.00 0.89 0.13 0.00 0.00 0.00 0.00 0.00 0.00 0.00 0.00 0.00 0.32 0.99 0.45 0.00 
 0.00 0.00 0.53 1.00 0.99 0.31 0.00 0.00 0.00 0.00 0.00 0.00 0.00 0.00 0.00 0.00 0.00 0.64 0.55 0.00 
 0.00 0.19 0.99 1.00 0.77 0.00 0.00 0.00 0.00 0.00 0.00 0.00 0.00 0.00 0.00 0.00 0.00 0.20 0.58 0.00 
 0.00 0.67 1.00 1.00 0.37 0.00 0.00 0.00 0.00 0.00 0.00 0.00 0.00 0.00 0.00 0.00 0.00 0.02 0.31 0.00 
 0.11 0.98 1.00 0.96 0.10 0.00 0.00 0.00 0.00 0.00 0.00 0.00 0.00 0.00 0.00 0.00 0.00 0.00 0.00 0.00 
 0.35 1.00 1.00 0.89 0.00 0.00 0.00 0.00 0.00 0.00 0.00 0.00 0.00 0.00 0.00 0.00 0.00 0.00 0.00 0.00 
 0.56 1.00 1.00 0.79 0.00 0.00 0.00 0.00 0.00 0.00 0.00 0.00 0.00 0.07 0.11 0.11 0.11 0.11 0.11 0.11 
 0.67 1.00 1.00 0.78 0.00 0.00 0.00 0.00 0.00 0.00 0.00 0.00 0.00 0.22 0.45 0.87 1.00 1.00 1.00 0.76 
 0.67 1.00 1.00 0.80 0.00 0.00 0.00 0.00 0.00 0.00 0.00 0.00 0.00 0.00 0.00 0.22 1.00 1.00 0.95 0.09 
 0.60 1.00 1.00 0.89 0.00 0.00 0.00 0.00 0.00 0.00 0.00 0.00 0.00 0.00 0.00 0.11 1.00 1.00 0.89 0.00 
 0.41 1.00 1.00 0.98 0.13 0.00 0.00 0.00 0.00 0.00 0.00 0.00 0.00 0.00 0.00 0.11 1.00 1.00 0.89 0.00 
 0.15 0.99 1.00 1.00 0.41 0.00 0.00 0.00 0.00 0.00 0.00 0.00 0.00 0.00 0.00 0.11 1.00 1.00 0.89 0.00 
 0.00 0.73 1.00 1.00 0.78 0.00 0.00 0.00 0.00 0.00 0.00 0.00 0.00 0.00 0.00 0.11 1.00 1.00 0.89 0.00 
 0.00 0.24 0.99 1.00 0.99 0.31 0.00 0.00 0.00 0.00 0.00 0.00 0.00 0.00 0.00 0.11 1.00 1.00 0.89 0.00 
 0.00 0.00 0.52 1.00 1.00 0.87 0.09 0.00 0.00 0.00 0.00 0.00 0.00 0.00 0.00 0.11 1.00 1.00 0.89 0.00 
 0.00 0.00 0.03 0.64 1.00 1.00 0.78 0.10 0.00 0.00 0.00 0.00 0.00 0.00 0.00 0.11 1.00 1.00 0.89 0.00 
 0.00 0.00 0.00 0.02 0.51 0.99 1.00 0.89 0.36 0.02 0.00 0.00 0.00 0.00 0.05 0.46 1.00 1.00 0.84 0.00 
 