0.00 0.00 0.00 0.00 0.00 0.00 0.00 0.00 0.06 0.32 0.60 0.80 0.93 1.00 1.00 0.90 0.70 0.34 0.02 0.00 
 0.00 0.00 0.00 0.00 0.00 0.00 0.04 0.44 0.91 1.00 1.00 1.00 1.00 1.00 1.00 1.00 1.00 1.00 0.45 0.00 
 0.00 0.00 0.00 0.00 0.00 0.11 0.77 1.00 1.00 1.00 1.00 1.00 1.00 1.00 1.00 1.00 1.00 0.99 0.21 0.00 
 0.00 0.00 0.00 0.00 0.11 0.85 1.00 1.00 1.00 0.98 0.73 0.43 0.25 0.20 0.28 0.51 0.85 0.83 0.00 0.00 
 0.00 0.00 0.00 0.04 0.77 1.00 1.00 1.00 0.86 0.25 0.00 0.00 0.00 0.00 0.00 0.00 0.01 0.18 0.00 0.00 
 0.00 0.00 0.00 0.44 1.00 1.00 1.00 0.85 0.10 0.00 0.00 0.00 0.00 0.00 0.00 0.00 0.00 0.00 0.00 0.00 
 0.00 0.00 0.06 0.91 1.00 1.00 0.96 0.19 0.00 0.00 0.00 0.00 0.00 0.00 0.00 0.00 0.00 0.00 0.00 0.00 
 0.00 0.00 0.38 1.00 1.00 1.00 0.55 0.00 0.00 0.00 0.00 0.00 0.00 0.00 0.00 0.00 0.00 0.00 0.00 0.00 
 0.00 0.00 0.68 1.00 1.00 0.97 0.13 0.00 0.00 0.00 0.00 0.00 0.00 0.00 0.00 0.00 0.00 0.00 0.00 0.00 
 0.00 0.03 0.91 1.00 1.00 0.82 0.00 0.00 0.00 0.00 0.00 0.00 0.31 0.50 0.50 0.50 0.50 0.50 0.38 0.00 
 0.00 0.10 1.00 1.00 1.00 0.63 0.00 0.00 0.00 0.00 0.00 0.00 0.74 1.00 1.00 1.00 1.00 1.00 0.62 0.00 
 0.00 0.16 1.00 1.00 1.00 0.51 0.00 0.00 0.00 0.00 0.00 0.03 0.92 1.00 1.00 1.00 1.00 1.00 0.43 0.00 
 0.00 0.20 1.00 1.00 1.00 0.50 0.00 0.00 0.00 0.00 0.00 0.05 0.50 0.50 0.67 1.00 1.00 1.00 0.24 0.00 
 0.00 0.18 1.00 1.00 1.00 0.60 0.00 0.00 0.00 0.00 0.00 0.00 0.00 0.00 0.47 1.00 1.00 0.96 0.06 0.00 
 0.00 0.09 0.99 1.00 1.00 0.84 0.01 0.00 0.00 0.00 0.00 0.00 0.00 0.00 0.65 1.00 1.00 0.86 0.00 0.00 
 0.00 0.00 0.80 1.00 1.00 1.00 0.43 0.00 0.00 0.00 0.00 0.00 0.00 0.00 0.82 1.00 1.00 0.69 0.00 0.00 
 0.00 0.00 0.39 1.00 1.00 1.00 0.98 0.44 0.04 0.00 0.00 0.00 0.03 0.34 0.97 1.00 1.00 0.51 0.00 0.00 
 0.00 0.00 0.03 0.77 1.00 1.00 1.00 1.00 0.91 0.68 0.60 0.67 0.89 1.00 1.00 1.00 1.00 0.32 0.00 0.00 
 0.00 0.00 0.00 0.11 0.83 1.00 1.00 1.00 1.00 1.00 1.00 1.00 1.00 1.00 1.00 1.00 0.81 0.09 0.00 0.00 
 0.00 0.00 0.00 0.00 0.06 0.60 0.98 1.00 1.00 1.00 1.00 1.00 1.00 1.00 0.80 0.38 0.02 0.00 0.00 0.00 
 