0.00 0.00 0.00 0.00 0.00 0.00 0.20 0.58 0.75 0.73 0.70 0.73 0.75 0.59 0.55 0.80 0.47 0.00 0.00 0.00 
 0.00 0.00 0.00 0.00 0.05 0.59 0.93 0.45 0.04 0.00 0.00 0.00 0.05 0.41 0.89 1.00 0.84 0.01 0.00 0.00 
 0.00 0.00 0.00 0.05 0.72 0.92 0.21 0.00 0.00 0.00 0.00 0.00 0.00 0.00 0.07 0.70 1.00 0.27 0.00 0.00 
 0.00 0.00 0.01 0.62 0.98 0.26 0.00 0.00 0.00 0.00 0.00 0.00 0.00 0.00 0.00 0.02 0.67 0.65 0.00 0.00 
 0.00 0.00 0.26 1.00 0.61 0.00 0.00 0.00 0.00 0.00 0.00 0.00 0.00 0.00 0.00 0.00 0.04 0.72 0.05 0.00 
 0.00 0.01 0.74 0.97 0.13 0.00 0.00 0.00 0.00 0.00 0.00 0.00 0.00 0.00 0.00 0.00 0.00 0.06 0.01 0.00 
 0.00 0.15 1.00 0.77 0.00 0.00 0.00 0.00 0.00 0.00 0.00 0.00 0.00 0.00 0.00 0.00 0.00 0.00 0.00 0.00 
 0.00 0.37 1.00 0.51 0.00 0.00 0.00 0.00 0.00 0.00 0.00 0.00 0.00 0.00 0.00 0.00 0.00 0.00 0.00 0.00 
 0.00 0.55 1.00 0.35 0.00 0.00 0.00 0.00 0.00 0.00 0.00 0.00 0.00 0.00 0.00 0.00 0.00 0.00 0.00 0.00 
 0.00 0.64 1.00 0.28 0.00 0.00 0.00 0.00 0.00 0.00 0.00 0.00 0.00 0.00 0.00 0.00 0.00 0.00 0.00 0.00 
 0.00 0.70 1.00 0.20 0.00 0.00 0.00 0.00 0.00 0.00 0.00 0.00 0.00 0.00 0.00 0.00 0.00 0.00 0.00 0.00 
 0.00 0.65 1.00 0.29 0.00 0.00 0.00 0.00 0.00 0.00 0.00 0.00 0.25 0.50 0.50 0.50 0.50 0.50 0.50 0.35 
 0.00 0.57 1.00 0.35 0.00 0.00 0.00 0.00 0.00 0.00 0.00 0.00 0.15 0.35 0.56 0.96 1.00 0.93 0.46 0.21 
 0.00 0.43 1.00 0.50 0.00 0.00 0.00 0.00 0.00 0.00 0.00 0.00 0.00 0.00 0.00 0.53 1.00 0.51 0.00 0.00 
 0.00 0.22 1.00 0.73 0.00 0.00 0.00 0.00 0.00 0.00 0.00 0.00 0.00 0.00 0.00 0.40 1.00 0.40 0.00 0.00 
 0.00 0.04 0.90 0.95 0.08 0.00 0.00 0.00 0.00 0.00 0.00 0.00 0.00 0.00 0.00 0.40 1.00 0.40 0.00 0.00 
 0.00 0.00 0.49 1.00 0.48 0.00 0.00 0.00 0.00 0.00 0.00 0.00 0.00 0.00 0.00 0.41 1.00 0.40 0.00 0.00 
 0.00 0.00 0.07 0.88 0.93 0.13 0.00 0.00 0.00 0.00 0.00 0.00 0.00 0.00 0.01 0.67 1.00 0.40 0.00 0.00 
 0.00 0.00 0.00 0.22 0.94 0.79 0.07 0.00 0.00 0.00 0.00 0.00 0.00 0.01 0.40 1.00 1.00 0.40 0.00 0.00 
 0.00 0.00 0.00 0.00 0.21 0.87 0.83 0.25 0.00 0.00 0.00 0.00 0.09 0.59 0.82 0.51 1.00 0.40 0.00 0.00 
 