0.00 0.00 0.00 0.00 0.00 0.00 0.00 0.12 0.63 0.93 0.99 0.80 0.31 0.14 0.70 0.42 0.00 0.00 0.00 0.00 
 0.00 0.00 0.00 0.00 0.00 0.00 0.15 0.90 1.00 0.99 0.91 1.00 0.99 0.60 1.00 0.60 0.00 0.00 0.00 0.00 
 0.00 0.00 0.00 0.00 0.00 0.01 0.75 1.00 0.83 0.21 0.01 0.27 0.85 1.00 1.00 0.60 0.00 0.00 0.00 0.00 
 0.00 0.00 0.00 0.00 0.00 0.24 1.00 0.93 0.12 0.00 0.00 0.00 0.15 0.96 1.00 0.60 0.00 0.00 0.00 0.00 
 0.00 0.00 0.00 0.00 0.00 0.55 1.00 0.59 0.00 0.00 0.00 0.00 0.00 0.61 1.00 0.60 0.00 0.00 0.00 0.00 
 0.00 0.00 0.00 0.00 0.00 0.76 1.00 0.34 0.00 0.00 0.00 0.00 0.00 0.35 1.00 0.60 0.00 0.00 0.00 0.00 
 0.00 0.00 0.00 0.00 0.00 0.88 1.00 0.22 0.00 0.00 0.00 0.00 0.00 0.23 1.00 0.60 0.00 0.00 0.00 0.00 
 0.00 0.00 0.00 0.00 0.00 0.90 1.00 0.20 0.00 0.00 0.00 0.00 0.00 0.20 1.00 0.60 0.00 0.00 0.00 0.00 
 0.00 0.00 0.00 0.00 0.00 0.86 1.00 0.24 0.00 0.00 0.00 0.00 0.00 0.24 1.00 0.60 0.00 0.00 0.00 0.00 
 0.00 0.00 0.00 0.00 0.00 0.74 1.00 0.38 0.00 0.00 0.00 0.00 0.00 0.37 1.00 0.60 0.00 0.00 0.00 0.00 
 0.00 0.00 0.00 0.00 0.00 0.50 1.00 0.66 0.00 0.00 0.00 0.00 0.00 0.66 1.00 0.60 0.00 0.00 0.00 0.00 
 0.00 0.00 0.00 0.00 0.00 0.17 0.99 0.97 0.21 0.00 0.00 0.00 0.24 0.98 1.00 0.60 0.00 0.00 0.00 0.00 
 0.00 0.00 0.00 0.00 0.00 0.00 0.61 1.00 0.91 0.41 0.21 0.43 0.94 0.99 1.00 0.60 0.00 0.00 0.00 0.00 
 0.00 0.00 0.00 0.00 0.00 0.00 0.06 0.77 1.00 1.00 1.00 1.00 0.91 0.59 1.00 0.60 0.00 0.00 0.00 0.00 
 0.00 0.00 0.00 0.00 0.00 0.00 0.00 0.03 0.43 0.73 0.79 0.60 0.13 0.41 1.00 0.56 0.00 0.00 0.00 0.00 
 0.00 0.00 0.00 0.00 0.00 0.00 0.00 0.00 0.00 0.00 0.00 0.00 0.00 0.51 1.00 0.48 0.00 0.00 0.00 0.00 
 0.00 0.00 0.00 0.00 0.00 0.51 0.69 0.24 0.00 0.00 0.00 0.00 0.00 0.70 1.00 0.34 0.00 0.00 0.00 0.00 
 0.00 0.00 0.00 0.00 0.00 0.46 1.00 0.71 0.01 0.00 0.00 0.00 0.22 0.98 0.96 0.09 0.00 0.00 0.00 0.00 
 0.00 0.00 0.00 0.00 0.00 0.14 0.97 1.00 0.68 0.35 0.31 0.51 0.94 1.00 0.59 0.00 0.00 0.00 0.00 0.00 
 0.00 0.00 0.00 0.00 0.00 0.00 0.36 0.97 1.00 1.00 1.00 1.00 1.00 0.66 0.03 0.00 0.00 0.00 0.00 0.00 
 