0.00 0.00 0.00 0.00 0.00 0.00 0.00 0.26 0.75 0.98 0.92 0.51 0.03 0.13 0.70 0.70 0.63 0.00 0.00 0.00 
 0.00 0.00 0.00 0.00 0.00 0.00 0.43 0.99 1.00 1.00 1.00 1.00 0.65 0.32 1.00 1.00 0.82 0.00 0.00 0.00 
 0.00 0.00 0.00 0.00 0.00 0.22 0.99 1.00 1.00 0.96 0.83 0.97 0.99 0.74 1.00 1.00 0.65 0.00 0.00 0.00 
 0.00 0.00 0.00 0.00 0.01 0.74 1.00 1.00 0.89 0.16 0.00 0.30 0.98 1.00 1.00 1.00 0.49 0.00 0.00 0.00 
 0.00 0.00 0.00 0.00 0.17 1.00 1.00 1.00 0.35 0.00 0.00 0.00 0.65 1.00 1.00 1.00 0.33 0.00 0.00 0.00 
 0.00 0.00 0.00 0.00 0.42 1.00 1.00 0.90 0.02 0.00 0.00 0.00 0.42 1.00 1.00 1.00 0.16 0.00 0.00 0.00 
 0.00 0.00 0.00 0.00 0.62 1.00 1.00 0.65 0.00 0.00 0.00 0.00 0.40 1.00 1.00 0.92 0.02 0.00 0.00 0.00 
 0.00 0.00 0.00 0.00 0.74 1.00 1.00 0.46 0.00 0.00 0.00 0.00 0.45 1.00 1.00 0.83 0.00 0.00 0.00 0.00 
 0.00 0.00 0.00 0.00 0.80 1.00 1.00 0.40 0.00 0.00 0.00 0.00 0.65 1.00 1.00 0.67 0.00 0.00 0.00 0.00 
 0.00 0.00 0.00 0.00 0.80 1.00 1.00 0.47 0.00 0.00 0.00 0.07 0.94 1.00 1.00 0.52 0.00 0.00 0.00 0.00 
 0.00 0.00 0.00 0.00 0.70 1.00 1.00 0.73 0.00 0.00 0.00 0.49 1.00 1.00 1.00 0.35 0.00 0.00 0.00 0.00 
 0.00 0.00 0.00 0.00 0.52 1.00 1.00 0.99 0.43 0.11 0.46 0.99 1.00 1.00 1.00 0.18 0.00 0.00 0.00 0.00 
 0.00 0.00 0.00 0.00 0.19 0.99 1.00 1.00 1.00 1.00 1.00 1.00 1.00 1.00 0.93 0.03 0.00 0.00 0.00 0.00 
 0.00 0.00 0.00 0.00 0.00 0.52 1.00 1.00 1.00 1.00 0.91 0.70 1.00 1.00 0.84 0.00 0.00 0.00 0.00 0.00 
 0.00 0.00 0.00 0.00 0.00 0.01 0.37 0.73 0.78 0.54 0.10 0.60 1.00 1.00 0.66 0.00 0.00 0.00 0.00 0.00 
 0.00 0.00 0.00 0.23 0.33 0.15 0.07 0.00 0.00 0.00 0.00 0.79 1.00 1.00 0.45 0.00 0.00 0.00 0.00 0.00 
 0.00 0.00 0.00 0.49 1.00 1.00 0.89 0.01 0.00 0.00 0.15 0.98 1.00 1.00 0.21 0.00 0.00 0.00 0.00 0.00 
 0.00 0.00 0.00 0.34 1.00 1.00 1.00 0.56 0.21 0.31 0.81 1.00 1.00 0.84 0.01 0.00 0.00 0.00 0.00 0.00 
 0.00 0.00 0.00 0.08 0.93 1.00 1.00 1.00 1.00 1.00 1.00 1.00 0.99 0.35 0.00 0.00 0.00 0.00 0.00 0.00 
 0.00 0.00 0.00 0.00 0.29 0.95 1.00 1.00 1.00 1.00 1.00 0.98 0.49 0.00 0.00 0.00 0.00 0.00 0.00 0.00 
 