0.00 0.00 0.00 0.00 0.00 0.00 0.14 0.45 0.73 0.89 0.89 0.84 0.84 0.75 0.47 0.17 0.00 0.42 0.17 0.00 
 0.00 0.00 0.00 0.00 0.06 0.47 0.95 0.95 0.58 0.25 0.06 0.00 0.06 0.31 0.67 0.95 0.78 0.92 0.31 0.00 
 0.00 0.00 0.00 0.09 0.73 1.00 0.84 0.20 0.00 0.00 0.00 0.00 0.00 0.00 0.00 0.33 0.95 1.00 0.33 0.00 
 0.00 0.00 0.06 0.73 1.00 0.89 0.11 0.00 0.00 0.00 0.00 0.00 0.00 0.00 0.00 0.00 0.31 0.97 0.45 0.00 
 0.00 0.00 0.53 1.00 0.97 0.33 0.00 0.00 0.00 0.00 0.00 0.00 0.00 0.00 0.00 0.00 0.00 0.64 0.50 0.00 
 0.00 0.22 0.97 1.00 0.75 0.00 0.00 0.00 0.00 0.00 0.00 0.00 0.00 0.00 0.00 0.00 0.00 0.22 0.58 0.00 
 0.00 0.67 1.00 1.00 0.39 0.00 0.00 0.00 0.00 0.00 0.00 0.00 0.00 0.00 0.00 0.00 0.00 0.06 0.31 0.00 
 0.14 0.97 1.00 0.97 0.14 0.00 0.00 0.00 0.00 0.00 0.00 0.00 0.00 0.00 0.00 0.00 0.00 0.00 0.00 0.00 
 0.33 1.00 1.00 0.84 0.00 0.00 0.00 0.00 0.00 0.00 0.00 0.00 0.00 0.00 0.00 0.00 0.00 0.00 0.00 0.00 
 0.53 1.00 1.00 0.84 0.00 0.00 0.00 0.00 0.00 0.00 0.00 0.00 0.00 0.14 0.17 0.17 0.17 0.17 0.17 0.17 
 0.67 1.00 1.00 0.84 0.00 0.00 0.00 0.00 0.00 0.00 0.00 0.00 0.00 0.42 0.64 0.95 1.00 1.00 1.00 0.84 
 0.67 1.00 1.00 0.84 0.00 0.00 0.00 0.00 0.00 0.00 0.00 0.00 0.00 0.00 0.00 0.42 1.00 1.00 0.89 0.09 
 0.58 1.00 1.00 0.84 0.00 0.00 0.00 0.00 0.00 0.00 0.00 0.00 0.00 0.00 0.00 0.17 1.00 1.00 0.84 0.00 
 0.42 1.00 1.00 0.97 0.17 0.00 0.00 0.00 0.00 0.00 0.00 0.00 0.00 0.00 0.00 0.17 1.00 1.00 0.84 0.00 
 0.20 1.00 1.00 1.00 0.45 0.00 0.00 0.00 0.00 0.00 0.00 0.00 0.00 0.00 0.00 0.17 1.00 1.00 0.84 0.00 
 0.03 0.75 1.00 1.00 0.78 0.00 0.00 0.00 0.00 0.00 0.00 0.00 0.00 0.00 0.00 0.17 1.00 1.00 0.84 0.00 
 0.00 0.25 0.97 1.00 0.97 0.28 0.00 0.00 0.00 0.00 0.00 0.00 0.00 0.00 0.00 0.17 1.00 1.00 0.84 0.00 
 0.00 0.00 0.56 1.00 1.00 0.81 0.06 0.00 0.00 0.00 0.00 0.00 0.00 0.00 0.00 0.17 1.00 1.00 0.84 0.00 
 0.00 0.00 0.06 0.70 1.00 1.00 0.70 0.06 0.00 0.00 0.00 0.00 0.00 0.00 0.00 0.17 1.00 1.00 0.84 0.00 
 0.00 0.00 0.00 0.03 0.56 1.00 1.00 0.73 0.11 0.00 0.00 0.00 0.00 0.00 0.03 0.42 1.00 1.00 0.81 0.00 
 