0.00 0.00 0.00 0.00 0.00 0.03 0.28 0.64 0.92 0.89 0.89 0.78 0.56 0.50 0.50 0.50 0.50 0.17 0.00 0.00 
 0.00 0.00 0.00 0.00 0.09 0.64 1.00 1.00 0.70 0.06 0.14 0.84 1.00 1.00 1.00 1.00 1.00 0.33 0.00 0.00 
 0.00 0.00 0.00 0.03 0.64 1.00 1.00 0.97 0.20 0.00 0.00 0.36 1.00 1.00 0.89 0.25 0.17 0.06 0.00 0.00 
 0.00 0.00 0.00 0.17 1.00 1.00 1.00 0.84 0.00 0.00 0.00 0.17 1.00 1.00 1.00 0.58 0.00 0.00 0.00 0.00 
 0.00 0.00 0.00 0.31 1.00 1.00 1.00 0.84 0.00 0.00 0.00 0.17 1.00 1.00 1.00 0.84 0.00 0.00 0.00 0.00 
 0.00 0.00 0.00 0.33 1.00 1.00 1.00 0.84 0.00 0.00 0.00 0.17 1.00 1.00 1.00 0.84 0.00 0.00 0.00 0.00 
 0.00 0.00 0.00 0.20 1.00 1.00 1.00 0.84 0.00 0.00 0.00 0.17 1.00 1.00 1.00 0.81 0.00 0.00 0.00 0.00 
 0.00 0.00 0.00 0.03 0.73 1.00 1.00 0.89 0.06 0.00 0.00 0.28 1.00 1.00 0.97 0.45 0.00 0.00 0.00 0.00 
 0.00 0.00 0.00 0.00 0.11 0.78 1.00 1.00 0.45 0.00 0.03 0.70 1.00 0.97 0.61 0.00 0.00 0.00 0.00 0.00 
 0.00 0.00 0.00 0.00 0.00 0.06 0.56 1.00 0.97 0.73 0.78 0.97 0.78 0.36 0.00 0.00 0.00 0.00 0.00 0.00 
 0.00 0.00 0.00 0.00 0.00 0.17 0.67 0.53 0.33 0.33 0.33 0.17 0.00 0.00 0.00 0.00 0.00 0.00 0.00 0.00 
 0.00 0.00 0.00 0.00 0.20 0.92 0.84 0.00 0.00 0.00 0.00 0.00 0.00 0.00 0.00 0.00 0.00 0.00 0.00 0.00 
 0.00 0.00 0.00 0.00 0.64 1.00 0.95 0.39 0.17 0.17 0.17 0.17 0.17 0.17 0.09 0.00 0.00 0.00 0.00 0.00 
 0.00 0.00 0.00 0.00 0.84 1.00 1.00 1.00 1.00 1.00 1.00 1.00 1.00 1.00 0.89 0.53 0.06 0.00 0.00 0.00 
 0.00 0.00 0.00 0.00 0.61 1.00 1.00 1.00 1.00 1.00 1.00 1.00 1.00 1.00 1.00 1.00 0.67 0.00 0.00 0.00 
 0.00 0.00 0.00 0.00 0.11 0.75 1.00 1.00 1.00 1.00 1.00 1.00 1.00 1.00 1.00 1.00 0.97 0.20 0.00 0.00 
 0.00 0.00 0.00 0.00 0.22 0.70 0.95 0.67 0.50 0.50 0.50 0.50 0.61 0.73 0.92 1.00 1.00 0.33 0.00 0.00 
 0.00 0.00 0.00 0.17 0.97 1.00 0.36 0.00 0.00 0.00 0.00 0.00 0.00 0.00 0.25 1.00 0.97 0.22 0.00 0.00 
 0.00 0.00 0.00 0.31 1.00 1.00 0.25 0.00 0.00 0.00 0.00 0.00 0.00 0.00 0.20 1.00 0.75 0.00 0.00 0.00 
 0.00 0.00 0.00 0.11 0.92 1.00 0.84 0.25 0.00 0.00 0.00 0.00 0.03 0.28 0.78 0.86 0.17 0.00 0.00 0.00 
 