0.00 0.00 0.00 0.00 0.00 0.18 0.56 0.81 0.95 0.91 0.96 0.83 0.64 0.60 0.60 0.60 0.60 0.54 0.00 0.00 
 0.00 0.00 0.00 0.01 0.52 0.99 1.00 0.97 0.31 0.01 0.41 1.00 1.00 1.00 1.00 0.91 0.90 0.81 0.00 0.00 
 0.00 0.00 0.00 0.45 1.00 1.00 1.00 0.72 0.00 0.00 0.01 0.79 1.00 1.00 1.00 0.37 0.00 0.00 0.00 0.00 
 0.00 0.00 0.02 0.88 1.00 1.00 1.00 0.54 0.00 0.00 0.00 0.56 1.00 1.00 1.00 0.83 0.00 0.00 0.00 0.00 
 0.00 0.00 0.10 1.00 1.00 1.00 1.00 0.50 0.00 0.00 0.00 0.50 1.00 1.00 1.00 0.90 0.00 0.00 0.00 0.00 
 0.00 0.00 0.01 0.86 1.00 1.00 1.00 0.58 0.00 0.00 0.00 0.57 1.00 1.00 1.00 0.85 0.00 0.00 0.00 0.00 
 0.00 0.00 0.00 0.41 1.00 1.00 1.00 0.82 0.01 0.00 0.01 0.80 1.00 1.00 0.99 0.41 0.00 0.00 0.00 0.00 
 0.00 0.00 0.00 0.01 0.46 0.95 1.00 1.00 0.50 0.12 0.50 1.00 1.00 0.96 0.49 0.00 0.00 0.00 0.00 0.00 
 0.00 0.00 0.00 0.00 0.00 0.17 0.79 0.94 0.90 0.90 0.88 0.75 0.50 0.14 0.00 0.00 0.00 0.00 0.00 0.00 
 0.00 0.00 0.00 0.00 0.38 0.91 0.96 0.13 0.00 0.00 0.00 0.00 0.00 0.00 0.00 0.00 0.00 0.00 0.00 0.00 
 0.00 0.00 0.00 0.18 0.99 1.00 0.98 0.40 0.14 0.10 0.10 0.10 0.05 0.00 0.00 0.00 0.00 0.00 0.00 0.00 
 0.00 0.00 0.00 0.25 1.00 1.00 1.00 1.00 1.00 1.00 1.00 1.00 0.95 0.90 0.76 0.41 0.03 0.00 0.00 0.00 
 0.00 0.00 0.00 0.03 0.77 1.00 1.00 1.00 1.00 1.00 1.00 1.00 1.00 1.00 1.00 1.00 0.77 0.06 0.00 0.00 
 0.00 0.00 0.00 0.00 0.06 0.55 0.94 1.00 1.00 1.00 1.00 1.00 1.00 1.00 1.00 1.00 1.00 0.55 0.00 0.00 
 0.00 0.00 0.01 0.34 0.70 0.87 0.95 0.51 0.30 0.30 0.30 0.38 0.50 0.93 1.00 1.00 1.00 0.85 0.00 0.00 
 0.00 0.00 0.45 1.00 1.00 1.00 0.73 0.00 0.00 0.00 0.00 0.00 0.00 0.34 1.00 1.00 1.00 0.87 0.00 0.00 
 0.00 0.00 0.79 1.00 1.00 1.00 0.51 0.00 0.00 0.00 0.00 0.00 0.00 0.22 1.00 1.00 1.00 0.63 0.00 0.00 
 0.00 0.00 0.64 1.00 1.00 1.00 0.73 0.01 0.00 0.00 0.00 0.00 0.00 0.48 1.00 1.00 0.92 0.14 0.00 0.00 
 0.00 0.00 0.13 0.85 1.00 1.00 1.00 0.62 0.14 0.02 0.01 0.11 0.41 0.97 1.00 0.81 0.19 0.00 0.00 0.00 
 0.00 0.00 0.00 0.04 0.40 0.70 0.90 1.00 1.00 0.92 0.91 1.00 0.88 0.66 0.33 0.01 0.00 0.00 0.00 0.00 
 