0.00 0.00 0.00 0.00 0.00 0.00 0.04 0.48 0.87 1.00 0.85 0.40 0.01 0.63 0.70 0.70 0.07 0.00 0.00 0.00 
 0.00 0.00 0.00 0.00 0.00 0.03 0.71 1.00 1.00 1.00 1.00 1.00 0.51 0.90 1.00 1.00 0.10 0.00 0.00 0.00 
 0.00 0.00 0.00 0.00 0.00 0.44 1.00 1.00 1.00 0.96 0.90 0.99 0.97 0.97 1.00 1.00 0.10 0.00 0.00 0.00 
 0.00 0.00 0.00 0.00 0.04 0.90 1.00 1.00 0.84 0.13 0.00 0.32 0.97 1.00 1.00 1.00 0.10 0.00 0.00 0.00 
 0.00 0.00 0.00 0.00 0.20 1.00 1.00 0.99 0.25 0.00 0.00 0.00 0.53 1.00 1.00 1.00 0.10 0.00 0.00 0.00 
 0.00 0.00 0.00 0.00 0.37 1.00 1.00 0.90 0.00 0.00 0.00 0.00 0.22 1.00 1.00 1.00 0.10 0.00 0.00 0.00 
 0.00 0.00 0.00 0.00 0.49 1.00 1.00 0.82 0.00 0.00 0.00 0.00 0.10 1.00 1.00 1.00 0.10 0.00 0.00 0.00 
 0.00 0.00 0.00 0.00 0.50 1.00 1.00 0.80 0.00 0.00 0.00 0.00 0.10 1.00 1.00 1.00 0.10 0.00 0.00 0.00 
 0.00 0.00 0.00 0.00 0.47 1.00 1.00 0.86 0.00 0.00 0.00 0.00 0.12 1.00 1.00 1.00 0.10 0.00 0.00 0.00 
 0.00 0.00 0.00 0.00 0.35 1.00 1.00 0.95 0.06 0.00 0.00 0.00 0.32 1.00 1.00 1.00 0.10 0.00 0.00 0.00 
 0.00 0.00 0.00 0.00 0.16 1.00 1.00 1.00 0.48 0.00 0.00 0.03 0.77 1.00 1.00 1.00 0.10 0.00 0.00 0.00 
 0.00 0.00 0.00 0.00 0.01 0.81 1.00 1.00 0.98 0.49 0.33 0.71 1.00 1.00 1.00 1.00 0.10 0.00 0.00 0.00 
 0.00 0.00 0.00 0.00 0.00 0.30 0.99 1.00 1.00 1.00 1.00 1.00 0.89 1.00 1.00 1.00 0.10 0.00 0.00 0.00 
 0.00 0.00 0.00 0.00 0.00 0.00 0.53 0.99 1.00 1.00 1.00 0.91 0.28 1.00 1.00 1.00 0.10 0.00 0.00 0.00 
 0.00 0.00 0.00 0.00 0.00 0.00 0.00 0.32 0.70 0.79 0.60 0.13 0.10 1.00 1.00 0.99 0.09 0.00 0.00 0.00 
 0.00 0.00 0.00 0.00 0.04 0.30 0.14 0.06 0.00 0.00 0.00 0.00 0.14 1.00 1.00 0.90 0.00 0.00 0.00 0.00 
 0.00 0.00 0.00 0.00 0.10 1.00 1.00 0.96 0.48 0.00 0.00 0.00 0.35 1.00 1.00 0.86 0.00 0.00 0.00 0.00 
 0.00 0.00 0.00 0.00 0.04 0.90 1.00 1.00 0.93 0.41 0.31 0.48 0.93 1.00 1.00 0.61 0.00 0.00 0.00 0.00 
 0.00 0.00 0.00 0.00 0.00 0.47 1.00 1.00 1.00 1.00 1.00 1.00 1.00 1.00 0.96 0.17 0.00 0.00 0.00 0.00 
 0.00 0.00 0.00 0.00 0.00 0.02 0.58 0.99 1.00 1.00 1.00 1.00 1.00 0.93 0.33 0.00 0.00 0.00 0.00 0.00 
 