0.00 0.00 0.00 0.00 0.00 0.00 0.09 0.38 0.65 0.84 0.94 1.00 1.00 0.94 0.84 0.68 0.47 0.19 0.02 0.00 
 0.00 0.00 0.00 0.00 0.08 0.55 0.96 0.93 0.64 0.39 0.25 0.20 0.24 0.37 0.62 0.91 1.00 1.00 0.72 0.00 
 0.00 0.00 0.00 0.23 0.89 0.99 0.58 0.06 0.00 0.00 0.00 0.00 0.00 0.00 0.00 0.04 0.42 0.96 0.68 0.00 
 0.00 0.00 0.27 0.97 0.99 0.43 0.00 0.00 0.00 0.00 0.00 0.00 0.00 0.00 0.00 0.00 0.00 0.70 0.53 0.00 
 0.00 0.12 0.92 1.00 0.62 0.00 0.00 0.00 0.00 0.00 0.00 0.00 0.00 0.00 0.00 0.00 0.00 0.62 0.40 0.00 
 0.00 0.64 1.00 0.94 0.09 0.00 0.00 0.00 0.00 0.00 0.00 0.00 0.00 0.00 0.00 0.00 0.00 0.23 0.11 0.00 
 0.12 0.98 1.00 0.68 0.00 0.00 0.00 0.00 0.00 0.00 0.00 0.00 0.00 0.00 0.00 0.00 0.00 0.00 0.00 0.00 
 0.38 1.00 1.00 0.42 0.00 0.00 0.00 0.00 0.00 0.00 0.00 0.00 0.00 0.00 0.00 0.00 0.00 0.00 0.00 0.00 
 0.57 1.00 1.00 0.26 0.00 0.00 0.00 0.00 0.00 0.00 0.00 0.00 0.00 0.00 0.00 0.00 0.00 0.00 0.00 0.00 
 0.69 1.00 1.00 0.20 0.00 0.00 0.00 0.00 0.00 0.00 0.00 0.00 0.00 0.00 0.00 0.00 0.00 0.00 0.00 0.00 
 0.70 1.00 1.00 0.22 0.00 0.00 0.00 0.00 0.00 0.00 0.00 0.00 0.00 0.00 0.00 0.00 0.00 0.00 0.00 0.00 
 0.64 1.00 1.00 0.34 0.00 0.00 0.00 0.00 0.00 0.00 0.00 0.00 0.00 0.00 0.00 0.00 0.00 0.00 0.00 0.00 
 0.50 1.00 1.00 0.55 0.00 0.00 0.00 0.00 0.00 0.00 0.00 0.00 0.07 0.79 0.80 0.80 0.80 0.80 0.81 0.74 
 0.25 1.00 1.00 0.84 0.01 0.00 0.00 0.00 0.00 0.00 0.00 0.00 0.00 0.00 0.04 0.18 0.88 1.00 0.88 0.07 
 0.03 0.86 1.00 1.00 0.31 0.00 0.00 0.00 0.00 0.00 0.00 0.00 0.00 0.00 0.00 0.00 0.70 1.00 0.74 0.00 
 0.00 0.35 1.00 1.00 0.85 0.05 0.00 0.00 0.00 0.00 0.00 0.00 0.00 0.00 0.00 0.00 0.70 1.00 0.70 0.00 
 0.00 0.01 0.64 1.00 1.00 0.69 0.04 0.00 0.00 0.00 0.00 0.00 0.00 0.00 0.00 0.00 0.70 1.00 0.70 0.00 
 0.00 0.00 0.04 0.68 1.00 1.00 0.76 0.15 0.00 0.00 0.00 0.00 0.00 0.00 0.00 0.00 0.73 1.00 0.77 0.00 
 0.00 0.00 0.00 0.01 0.44 0.92 1.00 0.97 0.61 0.29 0.11 0.10 0.10 0.12 0.29 0.57 0.96 1.00 0.76 0.00 
 0.00 0.00 0.00 0.00 0.00 0.06 0.41 0.74 0.96 1.00 1.00 1.00 1.00 1.00 0.93 0.74 0.52 0.25 0.01 0.00 
 