0.00 0.00 0.00 0.00 0.00 0.00 0.00 0.00 0.17 0.52 0.77 0.91 1.00 0.93 0.82 0.58 0.25 0.02 0.00 0.00 
 0.00 0.00 0.00 0.00 0.00 0.00 0.06 0.58 0.96 0.64 0.31 0.17 0.19 0.35 0.66 0.97 1.00 0.61 0.00 0.00 
 0.00 0.00 0.00 0.00 0.00 0.13 0.83 0.88 0.22 0.00 0.00 0.00 0.00 0.00 0.00 0.27 0.94 0.88 0.00 0.00 
 0.00 0.00 0.00 0.00 0.06 0.82 0.94 0.17 0.00 0.00 0.00 0.00 0.00 0.00 0.00 0.00 0.38 0.88 0.00 0.00 
 0.00 0.00 0.00 0.00 0.55 1.00 0.44 0.00 0.00 0.00 0.00 0.00 0.00 0.00 0.00 0.00 0.13 0.80 0.00 0.00 
 0.00 0.00 0.00 0.17 0.99 0.89 0.03 0.00 0.00 0.00 0.00 0.00 0.00 0.00 0.00 0.00 0.09 0.56 0.00 0.00 
 0.00 0.00 0.00 0.55 1.00 0.61 0.00 0.00 0.00 0.00 0.00 0.00 0.00 0.00 0.00 0.00 0.00 0.00 0.00 0.00 
 0.00 0.00 0.05 0.89 1.00 0.35 0.00 0.00 0.00 0.00 0.00 0.00 0.00 0.00 0.00 0.00 0.00 0.00 0.00 0.00 
 0.00 0.00 0.16 1.00 1.00 0.17 0.00 0.00 0.00 0.00 0.00 0.00 0.00 0.00 0.00 0.00 0.00 0.00 0.00 0.00 
 0.00 0.00 0.30 1.00 0.97 0.09 0.00 0.00 0.00 0.00 0.00 0.00 0.00 0.00 0.00 0.00 0.00 0.00 0.00 0.00 
 0.00 0.00 0.38 1.00 0.88 0.00 0.00 0.00 0.00 0.00 0.00 0.00 0.00 0.00 0.00 0.00 0.00 0.00 0.00 0.00 
 0.00 0.00 0.38 1.00 0.97 0.09 0.00 0.00 0.00 0.00 0.00 0.00 0.00 0.00 0.00 0.00 0.00 0.00 0.00 0.00 
 0.00 0.00 0.33 1.00 1.00 0.17 0.00 0.00 0.00 0.00 0.00 0.08 0.63 0.63 0.63 0.63 0.63 0.20 0.00 0.00 
 0.00 0.00 0.20 1.00 1.00 0.35 0.00 0.00 0.00 0.00 0.00 0.03 0.25 0.25 0.41 0.99 1.00 0.50 0.00 0.00 
 0.00 0.00 0.08 0.94 1.00 0.61 0.00 0.00 0.00 0.00 0.00 0.00 0.00 0.00 0.00 0.80 1.00 0.49 0.00 0.00 
 0.00 0.00 0.00 0.61 1.00 0.91 0.06 0.00 0.00 0.00 0.00 0.00 0.00 0.00 0.00 0.75 1.00 0.38 0.00 0.00 
 0.00 0.00 0.00 0.19 0.97 1.00 0.55 0.00 0.00 0.00 0.00 0.00 0.00 0.00 0.00 0.75 1.00 0.38 0.00 0.00 
 0.00 0.00 0.00 0.00 0.47 1.00 0.97 0.35 0.00 0.00 0.00 0.00 0.00 0.00 0.00 0.86 1.00 0.36 0.00 0.00 
 0.00 0.00 0.00 0.00 0.02 0.50 0.97 0.99 0.55 0.11 0.00 0.00 0.00 0.00 0.16 0.97 1.00 0.25 0.00 0.00 
 0.00 0.00 0.00 0.00 0.00 0.00 0.20 0.74 1.00 0.97 0.72 0.56 0.50 0.63 0.91 0.99 0.72 0.06 0.00 0.00 
 