0.00 0.00 0.00 0.00 0.00 0.00 0.02 0.25 0.57 0.80 0.93 1.00 1.00 0.90 0.76 0.56 0.26 0.03 0.00 0.00 
 0.00 0.00 0.00 0.00 0.00 0.20 0.79 1.00 1.00 1.00 1.00 1.00 1.00 1.00 1.00 1.00 1.00 0.86 0.37 0.00 
 0.00 0.00 0.00 0.00 0.33 0.97 1.00 1.00 0.90 0.62 0.41 0.30 0.30 0.40 0.58 0.83 0.99 1.00 0.90 0.00 
 0.00 0.00 0.00 0.24 0.97 1.00 0.97 0.51 0.04 0.00 0.00 0.00 0.00 0.00 0.00 0.00 0.25 0.75 0.90 0.00 
 0.00 0.00 0.05 0.85 1.00 0.99 0.39 0.00 0.00 0.00 0.00 0.00 0.00 0.00 0.00 0.00 0.00 0.01 0.35 0.00 
 0.00 0.00 0.38 1.00 1.00 0.69 0.00 0.00 0.00 0.00 0.00 0.00 0.00 0.00 0.00 0.00 0.00 0.00 0.00 0.00 
 0.00 0.00 0.74 1.00 1.00 0.24 0.00 0.00 0.00 0.00 0.00 0.00 0.00 0.00 0.00 0.00 0.00 0.00 0.00 0.00 
 0.00 0.07 0.97 1.00 0.90 0.01 0.00 0.00 0.00 0.00 0.00 0.00 0.00 0.00 0.00 0.00 0.00 0.00 0.00 0.00 
 0.00 0.17 1.00 1.00 0.74 0.00 0.00 0.00 0.00 0.00 0.00 0.00 0.00 0.00 0.00 0.00 0.00 0.00 0.00 0.00 
 0.00 0.28 1.00 1.00 0.63 0.00 0.00 0.00 0.00 0.00 0.00 0.00 0.00 0.00 0.00 0.00 0.00 0.00 0.00 0.00 
 0.00 0.30 1.00 1.00 0.60 0.00 0.00 0.00 0.00 0.00 0.00 0.00 0.63 0.90 0.90 0.90 0.90 0.90 0.90 0.45 
 0.00 0.29 1.00 1.00 0.61 0.00 0.00 0.00 0.00 0.00 0.00 0.00 0.70 1.00 1.00 1.00 1.00 1.00 1.00 0.50 
 0.00 0.19 1.00 1.00 0.72 0.00 0.00 0.00 0.00 0.00 0.00 0.00 0.28 0.40 0.40 0.40 0.52 1.00 1.00 0.50 
 0.00 0.09 0.99 1.00 0.86 0.00 0.00 0.00 0.00 0.00 0.00 0.00 0.00 0.00 0.00 0.00 0.20 1.00 1.00 0.50 
 0.00 0.00 0.79 1.00 0.98 0.16 0.00 0.00 0.00 0.00 0.00 0.00 0.00 0.00 0.00 0.00 0.20 1.00 1.00 0.50 
 0.00 0.00 0.45 1.00 1.00 0.61 0.00 0.00 0.00 0.00 0.00 0.00 0.00 0.00 0.00 0.00 0.20 1.00 1.00 0.50 
 0.00 0.00 0.08 0.93 1.00 0.97 0.25 0.00 0.00 0.00 0.00 0.00 0.00 0.00 0.00 0.00 0.20 1.00 1.00 0.50 
 0.00 0.00 0.00 0.36 0.99 1.00 0.93 0.32 0.01 0.00 0.00 0.00 0.00 0.00 0.00 0.00 0.23 1.00 1.00 0.50 
 0.00 0.00 0.00 0.00 0.50 0.99 1.00 1.00 0.75 0.40 0.21 0.10 0.10 0.17 0.31 0.57 0.93 1.00 1.00 0.47 
 0.00 0.00 0.00 0.00 0.00 0.36 0.93 1.00 1.00 1.00 1.00 1.00 1.00 1.00 1.00 1.00 1.00 0.96 0.52 0.03 
 