-1.00 -1.00 -1.00 -1.00 -1.00 -1.00 -1.00 -0.96 -0.44 0.00 0.19 0.14 -0.22 -0.89 -0.98 -0.07 0.83 0.95 -0.07 -1.00 
 -1.00 -1.00 -1.00 -1.00 -1.00 -1.00 -0.37 0.76 1.00 0.62 0.32 0.62 1.00 0.81 0.54 0.58 0.88 1.00 0.65 -1.00 
 -1.00 -1.00 -1.00 -1.00 -1.00 -0.22 0.99 0.96 -0.34 -1.00 -1.00 -0.99 0.16 1.00 0.96 -0.80 0.33 0.97 -0.21 -1.00 
 -1.00 -1.00 -1.00 -1.00 -0.75 0.94 1.00 0.04 -1.00 -1.00 -1.00 -1.00 -0.65 1.00 1.00 -0.11 -0.99 -0.94 -1.00 -1.00 
 -1.00 -1.00 -1.00 -1.00 0.01 1.00 1.00 -0.76 -1.00 -1.00 -1.00 -1.00 -0.73 1.00 1.00 0.06 -1.00 -1.00 -1.00 -1.00 
 -1.00 -1.00 -1.00 -1.00 0.41 1.00 0.84 -1.00 -1.00 -1.00 -1.00 -1.00 -0.44 1.00 1.00 -0.25 -1.00 -1.00 -1.00 -1.00 
 -1.00 -1.00 -1.00 -1.00 0.38 1.00 0.80 -1.00 -1.00 -1.00 -1.00 -1.00 0.21 1.00 0.91 -0.85 -1.00 -1.00 -1.00 -1.00 
 -1.00 -1.00 -1.00 -1.00 -0.21 1.00 1.00 -0.65 -1.00 -1.00 -1.00 -0.55 0.96 1.00 -0.17 -1.00 -1.00 -1.00 -1.00 -1.00 
 -1.00 -1.00 -1.00 -1.00 -0.98 0.29 1.00 0.75 -0.22 -0.42 0.04 0.92 0.94 -0.15 -1.00 -1.00 -1.00 -1.00 -1.00 -1.00 
 -1.00 -1.00 -1.00 -0.99 -0.22 0.59 0.91 0.71 0.64 0.58 0.42 -0.01 -0.78 -1.00 -1.00 -1.00 -1.00 -1.00 -1.00 -1.00 
 -1.00 -1.00 -1.00 0.06 1.00 -0.31 -0.98 -1.00 -1.00 -1.00 -1.00 -1.00 -1.00 -1.00 -1.00 -1.00 -1.00 -1.00 -1.00 -1.00 
 -1.00 -1.00 -0.91 0.95 0.91 -0.91 -1.00 -1.00 -1.00 -1.00 -1.00 -1.00 -1.00 -1.00 -1.00 -1.00 -1.00 -1.00 -1.00 -1.00 
 -1.00 -1.00 -0.69 1.00 1.00 0.92 0.76 0.73 0.73 0.73 0.73 0.68 0.50 0.00 -0.91 -1.00 -1.00 -1.00 -1.00 -1.00 
 -1.00 -1.00 -0.95 0.69 1.00 1.00 1.00 1.00 1.00 1.00 1.00 1.00 1.00 1.00 0.23 -1.00 -1.00 -1.00 -1.00 -1.00 
 -1.00 -1.00 -1.00 -0.42 0.89 0.73 0.25 0.25 0.25 0.25 0.27 0.52 0.99 1.00 0.80 -1.00 -1.00 -1.00 -1.00 -1.00 
 -1.00 -0.95 0.29 1.00 0.18 -0.95 -1.00 -1.00 -1.00 -1.00 -1.00 -1.00 -0.10 1.00 0.74 -1.00 -1.00 -1.00 -1.00 -1.00 
 -1.00 -0.03 1.00 0.71 -0.98 -1.00 -1.00 -1.00 -1.00 -1.00 -1.00 -1.00 -0.31 1.00 0.23 -1.00 -1.00 -1.00 -1.00 -1.00 
 -1.00 0.45 1.00 0.55 -1.00 -1.00 -1.00 -1.00 -1.00 -1.00 -1.00 -0.83 0.66 0.91 -0.70 -1.00 -1.00 -1.00 -1.00 -1.00 
 -1.00 -0.13 1.00 1.00 0.20 -0.55 -0.82 -0.86 -0.75 -0.47 0.07 0.85 0.82 -0.49 -1.00 -1.00 -1.00 -1.00 -1.00 -1.00 
 -1.00 -0.99 -0.33 0.47 0.91 1.00 1.00 1.00 1.00 0.89 0.49 -0.13 -0.88 -1.00 -1.00 -1.00 -1.00 -1.00 -1.00 -1.00 
 