-1.00 -1.00 -1.00 -1.00 -1.00 -1.00 -1.00 -0.82 -0.04 0.49 0.82 0.97 0.68 -0.17 -0.99 -1.00 -1.00 -1.00 -1.00 -1.00 
 -1.00 -1.00 -1.00 -1.00 -1.00 -0.99 -0.15 0.84 -0.29 -0.97 -0.98 -0.23 0.98 1.00 0.81 0.84 0.89 0.69 -0.97 -1.00 
 -1.00 -1.00 -1.00 -1.00 -1.00 -0.06 1.00 -0.18 -1.00 -1.00 -1.00 -1.00 0.36 1.00 0.80 -0.13 -0.13 -0.66 -1.00 -1.00 
 -1.00 -1.00 -1.00 -1.00 -0.75 0.96 0.91 -0.94 -1.00 -1.00 -1.00 -1.00 -0.03 1.00 0.72 -1.00 -1.00 -1.00 -1.00 -1.00 
 -1.00 -1.00 -1.00 -1.00 -0.10 1.00 0.59 -1.00 -1.00 -1.00 -1.00 -1.00 0.07 1.00 0.34 -1.00 -1.00 -1.00 -1.00 -1.00 
 -1.00 -1.00 -1.00 -1.00 0.14 1.00 0.63 -1.00 -1.00 -1.00 -1.00 -0.99 0.59 0.98 -0.55 -1.00 -1.00 -1.00 -1.00 -1.00 
 -1.00 -1.00 -1.00 -1.00 -0.16 1.00 0.98 -0.63 -1.00 -1.00 -1.00 -0.15 0.98 -0.18 -1.00 -1.00 -1.00 -1.00 -1.00 -1.00 
 -1.00 -1.00 -1.00 -1.00 -0.92 0.50 1.00 0.85 0.04 -0.12 0.40 0.51 -0.56 -1.00 -1.00 -1.00 -1.00 -1.00 -1.00 -1.00 
 -1.00 -1.00 -1.00 -1.00 -1.00 -0.98 -0.00 0.62 -0.02 -0.18 -0.69 -1.00 -1.00 -1.00 -1.00 -1.00 -1.00 -1.00 -1.00 -1.00 
 -1.00 -1.00 -1.00 -1.00 -0.91 0.17 0.54 -0.92 -1.00 -1.00 -1.00 -1.00 -1.00 -1.00 -1.00 -1.00 -1.00 -1.00 -1.00 -1.00 
 -1.00 -1.00 -1.00 -1.00 0.29 1.00 0.40 -0.84 -0.98 -0.98 -0.98 -0.98 -0.98 -1.00 -1.00 -1.00 -1.00 -1.00 -1.00 -1.00 
 -1.00 -1.00 -1.00 -1.00 0.70 1.00 1.00 1.00 1.00 1.00 1.00 1.00 1.00 0.76 -0.34 -1.00 -1.00 -1.00 -1.00 -1.00 
 -1.00 -1.00 -1.00 -1.00 -0.67 0.69 0.98 0.82 0.75 0.74 0.83 0.99 1.00 1.00 0.95 -0.82 -1.00 -1.00 -1.00 -1.00 
 -1.00 -1.00 -0.99 -0.39 0.60 0.16 -0.85 -1.00 -1.00 -1.00 -1.00 -0.86 0.11 1.00 1.00 -0.47 -1.00 -1.00 -1.00 -1.00 
 -1.00 -1.00 -0.15 1.00 0.25 -1.00 -1.00 -1.00 -1.00 -1.00 -1.00 -1.00 -0.94 1.00 1.00 -0.68 -1.00 -1.00 -1.00 -1.00 
 -1.00 -0.99 0.76 1.00 -0.70 -1.00 -1.00 -1.00 -1.00 -1.00 -1.00 -1.00 -0.75 1.00 0.67 -0.99 -1.00 -1.00 -1.00 -1.00 
 -1.00 -0.95 1.00 1.00 -0.97 -1.00 -1.00 -1.00 -1.00 -1.00 -1.00 -1.00 0.05 0.99 -0.42 -1.00 -1.00 -1.00 -1.00 -1.00 
 -1.00 -0.99 0.72 1.00 -0.53 -1.00 -1.00 -1.00 -1.00 -1.00 -1.00 -0.37 0.96 -0.09 -1.00 -1.00 -1.00 -1.00 -1.00 -1.00 
 -1.00 -1.00 -0.44 0.95 0.73 -0.57 -0.99 -1.00 -0.99 -0.69 0.19 0.78 -0.37 -1.00 -1.00 -1.00 -1.00 -1.00 -1.00 -1.00 
 -1.00 -1.00 -1.00 -0.66 0.25 0.77 0.77 0.62 0.64 0.42 -0.22 -0.92 -1.00 -1.00 -1.00 -1.00 -1.00 -1.00 -1.00 -1.00 
 