-1.00 -1.00 -1.00 -1.00 -1.00 -1.00 -0.90 -0.06 -0.11 -0.14 0.00 -0.80 -0.72 -0.17 -0.22 0.31 -0.47 -1.00 -1.00 -1.00 
 -1.00 -1.00 -1.00 -1.00 -1.00 -0.84 0.62 -0.52 -1.00 -1.00 -0.73 0.66 -0.10 -0.99 -1.00 -0.36 -0.55 -1.00 -1.00 -1.00 
 -1.00 -1.00 -1.00 -1.00 -1.00 0.27 0.26 -1.00 -1.00 -1.00 -1.00 -0.07 0.60 -0.99 -1.00 -1.00 -1.00 -1.00 -1.00 -1.00 
 -1.00 -1.00 -1.00 -1.00 -0.91 0.96 -0.20 -1.00 -1.00 -1.00 -1.00 -0.53 1.00 -0.62 -1.00 -1.00 -1.00 -1.00 -1.00 -1.00 
 -1.00 -1.00 -1.00 -1.00 -0.65 1.00 -0.33 -1.00 -1.00 -1.00 -1.00 -0.65 1.00 -0.32 -1.00 -1.00 -1.00 -1.00 -1.00 -1.00 
 -1.00 -1.00 -1.00 -1.00 -0.77 1.00 -0.28 -1.00 -1.00 -1.00 -1.00 -0.61 1.00 -0.45 -1.00 -1.00 -1.00 -1.00 -1.00 -1.00 
 -1.00 -1.00 -1.00 -1.00 -0.99 0.65 0.01 -1.00 -1.00 -1.00 -1.00 -0.32 0.90 -0.90 -1.00 -1.00 -1.00 -1.00 -1.00 -1.00 
 -1.00 -1.00 -1.00 -1.00 -1.00 -0.45 0.73 -0.91 -1.00 -1.00 -0.98 0.48 -0.15 -1.00 -1.00 -1.00 -1.00 -1.00 -1.00 -1.00 
 -1.00 -1.00 -1.00 -1.00 -1.00 -0.44 -0.12 0.30 -0.47 -0.55 0.20 -0.15 -0.99 -1.00 -1.00 -1.00 -1.00 -1.00 -1.00 -1.00 
 -1.00 -1.00 -1.00 -1.00 -1.00 -0.05 -1.00 -0.97 -0.63 -0.59 -0.94 -1.00 -1.00 -1.00 -1.00 -1.00 -1.00 -1.00 -1.00 -1.00 
 -1.00 -1.00 -1.00 -1.00 -1.00 0.20 -1.00 -1.00 -1.00 -1.00 -1.00 -1.00 -1.00 -1.00 -1.00 -1.00 -1.00 -1.00 -1.00 -1.00 
 -1.00 -1.00 -1.00 -1.00 -1.00 0.25 -0.43 -1.00 -1.00 -1.00 -1.00 -1.00 -1.00 -1.00 -1.00 -1.00 -1.00 -1.00 -1.00 -1.00 
 -1.00 -1.00 -1.00 -1.00 -1.00 -0.73 0.77 0.73 0.69 0.69 0.68 0.58 0.30 -0.25 -0.94 -1.00 -1.00 -1.00 -1.00 -1.00 
 -1.00 -1.00 -1.00 -1.00 -0.87 0.11 -0.16 -0.54 -0.56 -0.56 -0.55 -0.44 -0.12 0.56 0.71 -0.75 -1.00 -1.00 -1.00 -1.00 
 -1.00 -1.00 -1.00 -0.98 0.50 -0.62 -1.00 -1.00 -1.00 -1.00 -1.00 -1.00 -1.00 -0.99 0.04 0.42 -1.00 -1.00 -1.00 -1.00 
 -1.00 -1.00 -1.00 -0.49 0.39 -1.00 -1.00 -1.00 -1.00 -1.00 -1.00 -1.00 -1.00 -1.00 -0.95 0.87 -0.91 -1.00 -1.00 -1.00 
 -1.00 -1.00 -1.00 -0.29 0.22 -1.00 -1.00 -1.00 -1.00 -1.00 -1.00 -1.00 -1.00 -1.00 -1.00 0.75 -0.84 -1.00 -1.00 -1.00 
 -1.00 -1.00 -1.00 -0.81 0.69 -0.89 -1.00 -1.00 -1.00 -1.00 -1.00 -1.00 -1.00 -1.00 -0.56 0.54 -1.00 -1.00 -1.00 -1.00 
 -1.00 -1.00 -1.00 -1.00 -0.46 0.39 -0.76 -1.00 -1.00 -1.00 -1.00 -1.00 -1.00 -0.50 0.44 -0.77 -1.00 -1.00 -1.00 -1.00 
 -1.00 -1.00 -1.00 -1.00 -1.00 -0.84 -0.05 -0.03 -0.18 -0.38 -0.34 -0.14 0.02 -0.22 -0.95 -1.00 -1.00 -1.00 -1.00 -1.00 
 