0.00 0.00 0.00 0.00 0.00 0.00 0.00 0.10 0.47 0.75 0.90 0.93 0.84 0.59 0.16 0.00 0.11 0.59 0.46 0.00 
 0.00 0.00 0.00 0.00 0.00 0.02 0.45 0.96 1.00 0.97 0.89 0.89 0.97 1.00 0.97 0.34 0.33 1.00 0.62 0.00 
 0.00 0.00 0.00 0.00 0.02 0.64 1.00 0.88 0.40 0.06 0.00 0.00 0.09 0.50 0.97 0.95 0.66 1.00 0.44 0.00 
 0.00 0.00 0.00 0.00 0.56 1.00 0.75 0.07 0.00 0.00 0.00 0.00 0.00 0.00 0.31 0.99 1.00 1.00 0.25 0.00 
 0.00 0.00 0.00 0.26 1.00 0.84 0.06 0.00 0.00 0.00 0.00 0.00 0.00 0.00 0.00 0.68 1.00 0.98 0.07 0.00 
 0.00 0.00 0.01 0.77 1.00 0.26 0.00 0.00 0.00 0.00 0.00 0.00 0.00 0.00 0.00 0.39 1.00 0.87 0.00 0.00 
 0.00 0.00 0.18 1.00 0.81 0.00 0.00 0.00 0.00 0.00 0.00 0.00 0.00 0.00 0.00 0.33 1.00 0.69 0.00 0.00 
 0.00 0.00 0.44 1.00 0.54 0.00 0.00 0.00 0.00 0.00 0.00 0.00 0.00 0.00 0.00 0.45 1.00 0.50 0.00 0.00 
 0.00 0.00 0.59 1.00 0.43 0.00 0.00 0.00 0.00 0.00 0.00 0.00 0.00 0.00 0.00 0.72 1.00 0.32 0.00 0.00 
 0.00 0.00 0.60 1.00 0.51 0.00 0.00 0.00 0.00 0.00 0.00 0.00 0.00 0.00 0.16 0.99 1.00 0.13 0.00 0.00 
 0.00 0.00 0.46 1.00 0.75 0.00 0.00 0.00 0.00 0.00 0.00 0.00 0.00 0.02 0.73 1.00 0.91 0.01 0.00 0.00 
 0.00 0.00 0.17 1.00 0.99 0.22 0.00 0.00 0.00 0.00 0.00 0.00 0.02 0.57 1.00 1.00 0.76 0.00 0.00 0.00 
 0.00 0.00 0.00 0.63 1.00 0.90 0.25 0.01 0.00 0.00 0.00 0.18 0.72 0.98 0.69 1.00 0.56 0.00 0.00 0.00 
 0.00 0.00 0.00 0.05 0.74 1.00 1.00 0.83 0.65 0.65 0.82 1.00 0.96 0.38 0.58 1.00 0.36 0.00 0.00 0.00 
 0.00 0.00 0.00 0.00 0.02 0.44 0.84 0.98 1.00 1.00 0.92 0.64 0.16 0.02 0.86 0.98 0.11 0.00 0.00 0.00 
 0.00 0.19 0.73 0.53 0.00 0.00 0.00 0.09 0.17 0.13 0.02 0.00 0.00 0.30 1.00 0.77 0.00 0.00 0.00 0.00 
 0.00 0.10 0.99 0.97 0.13 0.00 0.00 0.00 0.00 0.00 0.00 0.00 0.09 0.87 1.00 0.30 0.00 0.00 0.00 0.00 
 0.00 0.00 0.72 1.00 0.77 0.08 0.00 0.00 0.00 0.00 0.00 0.17 0.82 1.00 0.60 0.00 0.00 0.00 0.00 0.00 
 0.00 0.00 0.15 0.91 1.00 0.91 0.54 0.35 0.31 0.42 0.68 0.98 1.00 0.59 0.02 0.00 0.00 0.00 0.00 0.00 
 0.00 0.00 0.00 0.14 0.74 1.00 1.00 1.00 1.00 1.00 1.00 0.80 0.30 0.00 0.00 0.00 0.00 0.00 0.00 0.00 
 