0.00 0.00 0.00 0.00 0.00 0.00 0.00 0.10 0.49 0.77 0.90 0.90 0.76 0.43 0.13 0.13 0.13 0.13 0.03 0.00 
 0.00 0.00 0.00 0.00 0.00 0.00 0.34 0.95 0.92 0.43 0.21 0.38 0.93 1.00 1.00 1.00 1.00 0.99 0.10 0.00 
 0.00 0.00 0.00 0.00 0.00 0.27 0.99 0.96 0.18 0.00 0.00 0.00 0.38 1.00 0.96 0.26 0.22 0.20 0.00 0.00 
 0.00 0.00 0.00 0.00 0.02 0.83 1.00 0.58 0.00 0.00 0.00 0.00 0.15 1.00 1.00 0.24 0.00 0.00 0.00 0.00 
 0.00 0.00 0.00 0.00 0.16 1.00 1.00 0.29 0.00 0.00 0.00 0.00 0.19 1.00 1.00 0.25 0.00 0.00 0.00 0.00 
 0.00 0.00 0.00 0.00 0.27 1.00 1.00 0.18 0.00 0.00 0.00 0.00 0.42 1.00 0.96 0.07 0.00 0.00 0.00 0.00 
 0.00 0.00 0.00 0.00 0.17 1.00 1.00 0.31 0.00 0.00 0.00 0.04 0.84 1.00 0.59 0.00 0.00 0.00 0.00 0.00 
 0.00 0.00 0.00 0.00 0.01 0.73 1.00 0.79 0.09 0.00 0.10 0.69 1.00 0.74 0.04 0.00 0.00 0.00 0.00 0.00 
 0.00 0.00 0.00 0.00 0.00 0.07 0.64 0.96 0.96 0.85 0.97 0.87 0.45 0.02 0.00 0.00 0.00 0.00 0.00 0.00 
 0.00 0.00 0.00 0.00 0.00 0.00 0.06 0.80 0.55 0.27 0.15 0.01 0.00 0.00 0.00 0.00 0.00 0.00 0.00 0.00 
 0.00 0.00 0.00 0.00 0.00 0.01 0.65 0.98 0.08 0.00 0.00 0.00 0.00 0.00 0.00 0.00 0.00 0.00 0.00 0.00 
 0.00 0.00 0.00 0.00 0.00 0.16 1.00 0.98 0.69 0.53 0.36 0.19 0.04 0.00 0.00 0.00 0.00 0.00 0.00 0.00 
 0.00 0.00 0.00 0.00 0.00 0.25 1.00 1.00 1.00 1.00 1.00 1.00 0.93 0.55 0.05 0.00 0.00 0.00 0.00 0.00 
 0.00 0.00 0.00 0.06 0.54 0.87 0.57 0.24 0.37 0.56 0.76 0.95 1.00 1.00 0.67 0.00 0.00 0.00 0.00 0.00 
 0.00 0.00 0.05 0.80 0.98 0.31 0.00 0.00 0.00 0.00 0.00 0.06 0.67 1.00 0.91 0.00 0.00 0.00 0.00 0.00 
 0.00 0.00 0.49 1.00 0.71 0.00 0.00 0.00 0.00 0.00 0.00 0.00 0.33 1.00 0.79 0.00 0.00 0.00 0.00 0.00 
 0.00 0.00 0.79 1.00 0.56 0.00 0.00 0.00 0.00 0.00 0.00 0.00 0.56 1.00 0.35 0.00 0.00 0.00 0.00 0.00 
 0.00 0.00 0.83 1.00 0.83 0.04 0.00 0.00 0.00 0.00 0.00 0.33 0.98 0.58 0.00 0.00 0.00 0.00 0.00 0.00 
 0.00 0.00 0.50 1.00 1.00 0.78 0.31 0.13 0.13 0.31 0.67 0.93 0.43 0.00 0.00 0.00 0.00 0.00 0.00 0.00 
 0.00 0.00 0.02 0.51 0.92 1.00 1.00 1.00 1.00 0.84 0.50 0.09 0.00 0.00 0.00 0.00 0.00 0.00 0.00 0.00 
 