-1.00 -1.00 -1.00 -1.00 -1.00 -1.00 -1.00 -1.00 -1.00 -1.00 -1.00 -1.00 -1.00 -1.00 -0.62 0.47 0.95 0.42 -1.00 -1.00 
 -1.00 -1.00 -1.00 -1.00 -1.00 -1.00 -1.00 -1.00 -1.00 -0.84 -0.51 -0.49 -0.84 -0.64 0.80 0.23 0.87 0.35 -1.00 -1.00 
 -1.00 -1.00 -1.00 -1.00 -1.00 -1.00 -1.00 -0.61 0.45 0.81 0.18 0.15 0.80 0.87 -0.36 -1.00 -0.98 -0.99 -1.00 -1.00 
 -1.00 -1.00 -1.00 -1.00 -1.00 -1.00 -0.30 0.96 0.64 -0.85 -1.00 -1.00 -0.68 1.00 0.71 -0.91 -1.00 -1.00 -1.00 -1.00 
 -1.00 -1.00 -1.00 -1.00 -1.00 -0.65 0.95 1.00 -0.55 -1.00 -1.00 -1.00 -1.00 0.80 1.00 -0.18 -1.00 -1.00 -1.00 -1.00 
 -1.00 -1.00 -1.00 -1.00 -1.00 0.26 1.00 0.76 -0.99 -1.00 -1.00 -1.00 -1.00 0.85 1.00 0.15 -1.00 -1.00 -1.00 -1.00 
 -1.00 -1.00 -1.00 -1.00 -1.00 0.69 1.00 0.40 -1.00 -1.00 -1.00 -1.00 -0.82 1.00 1.00 -0.11 -1.00 -1.00 -1.00 -1.00 
 -1.00 -1.00 -1.00 -1.00 -1.00 0.61 1.00 0.34 -1.00 -1.00 -1.00 -1.00 -0.23 1.00 0.91 -0.81 -1.00 -1.00 -1.00 -1.00 
 -1.00 -1.00 -1.00 -1.00 -1.00 -0.11 1.00 0.77 -0.95 -1.00 -1.00 -0.85 0.73 0.99 -0.29 -1.00 -1.00 -1.00 -1.00 -1.00 
 -1.00 -1.00 -1.00 -1.00 -1.00 -0.96 0.55 0.99 0.58 -0.05 0.09 0.81 0.65 -0.44 -1.00 -1.00 -1.00 -1.00 -1.00 -1.00 
 -1.00 -1.00 -1.00 -1.00 -0.56 0.69 0.04 -0.87 -0.45 -0.29 -0.37 -0.70 -0.99 -1.00 -1.00 -1.00 -1.00 -1.00 -1.00 -1.00 
 -1.00 -1.00 -1.00 -0.87 0.87 0.97 -0.91 -1.00 -1.00 -1.00 -1.00 -1.00 -1.00 -1.00 -1.00 -1.00 -1.00 -1.00 -1.00 -1.00 
 -1.00 -1.00 -1.00 -0.49 1.00 1.00 0.83 0.39 0.11 -0.17 -0.45 -0.73 -0.97 -1.00 -1.00 -1.00 -1.00 -1.00 -1.00 -1.00 
 -1.00 -1.00 -1.00 -0.87 0.74 1.00 1.00 1.00 1.00 1.00 1.00 1.00 0.94 0.51 -0.40 -1.00 -1.00 -1.00 -1.00 -1.00 
 -1.00 -1.00 -1.00 -0.93 -0.07 0.55 0.15 0.39 0.64 0.89 1.00 1.00 1.00 1.00 0.98 -0.71 -1.00 -1.00 -1.00 -1.00 
 -1.00 -1.00 -0.75 0.70 -0.08 -0.99 -1.00 -1.00 -1.00 -0.99 -0.87 -0.59 -0.09 0.90 1.00 -0.33 -1.00 -1.00 -1.00 -1.00 
 -1.00 -1.00 0.37 0.58 -1.00 -1.00 -1.00 -1.00 -1.00 -1.00 -1.00 -1.00 -1.00 0.18 1.00 -0.65 -1.00 -1.00 -1.00 -1.00 
 -1.00 -1.00 0.66 0.62 -0.98 -1.00 -1.00 -1.00 -1.00 -1.00 -1.00 -1.00 -0.88 0.72 0.34 -1.00 -1.00 -1.00 -1.00 -1.00 
 -1.00 -1.00 -0.25 0.98 0.41 -0.53 -0.96 -1.00 -1.00 -0.99 -0.80 -0.23 0.72 0.27 -0.92 -1.00 -1.00 -1.00 -1.00 -1.00 
 -1.00 -1.00 -1.00 -0.62 0.15 0.65 0.91 0.79 0.76 0.84 0.65 0.15 -0.60 -1.00 -1.00 -1.00 -1.00 -1.00 -1.00 -1.00 
 