-1.00 -1.00 -1.00 -1.00 -1.00 -1.00 -1.00 -0.58 0.25 0.76 0.98 0.95 0.59 -0.12 -0.57 -0.57 -0.57 -0.58 -1.00 -1.00 
 -1.00 -1.00 -1.00 -1.00 -1.00 -0.99 0.06 0.99 0.62 -0.44 -0.76 -0.26 0.92 1.00 1.00 1.00 1.00 0.76 -1.00 -1.00 
 -1.00 -1.00 -1.00 -1.00 -1.00 -0.09 1.00 0.73 -0.88 -1.00 -1.00 -1.00 0.04 1.00 0.74 -0.75 -0.75 -0.80 -1.00 -1.00 
 -1.00 -1.00 -1.00 -1.00 -0.88 0.91 1.00 -0.21 -1.00 -1.00 -1.00 -1.00 -0.36 1.00 1.00 -0.87 -1.00 -1.00 -1.00 -1.00 
 -1.00 -1.00 -1.00 -1.00 -0.37 1.00 1.00 -0.76 -1.00 -1.00 -1.00 -1.00 -0.24 1.00 1.00 -0.89 -1.00 -1.00 -1.00 -1.00 
 -1.00 -1.00 -1.00 -1.00 -0.18 1.00 1.00 -0.93 -1.00 -1.00 -1.00 -1.00 0.25 1.00 0.65 -1.00 -1.00 -1.00 -1.00 -1.00 
 -1.00 -1.00 -1.00 -1.00 -0.47 1.00 1.00 -0.62 -1.00 -1.00 -1.00 -0.70 0.94 1.00 -0.33 -1.00 -1.00 -1.00 -1.00 -1.00 
 -1.00 -1.00 -1.00 -1.00 -0.98 0.56 1.00 0.51 -0.80 -0.98 -0.50 0.74 0.99 -0.02 -1.00 -1.00 -1.00 -1.00 -1.00 -1.00 
 -1.00 -1.00 -1.00 -1.00 -1.00 -0.87 0.18 0.90 1.00 0.95 0.94 0.41 -0.52 -1.00 -1.00 -1.00 -1.00 -1.00 -1.00 -1.00 
 -1.00 -1.00 -1.00 -1.00 -1.00 -1.00 -0.65 0.87 -0.37 -0.74 -0.95 -1.00 -1.00 -1.00 -1.00 -1.00 -1.00 -1.00 -1.00 -1.00 
 -1.00 -1.00 -1.00 -1.00 -1.00 -0.94 0.71 0.80 -1.00 -1.00 -1.00 -1.00 -1.00 -1.00 -1.00 -1.00 -1.00 -1.00 -1.00 -1.00 
 -1.00 -1.00 -1.00 -1.00 -1.00 -0.34 1.00 0.97 0.60 0.28 -0.04 -0.41 -0.88 -1.00 -1.00 -1.00 -1.00 -1.00 -1.00 -1.00 
 -1.00 -1.00 -1.00 -1.00 -1.00 -0.19 1.00 1.00 1.00 1.00 1.00 1.00 0.95 0.21 -0.91 -1.00 -1.00 -1.00 -1.00 -1.00 
 -1.00 -1.00 -1.00 -0.65 0.51 0.78 -0.30 -0.83 -0.49 -0.11 0.29 0.82 1.00 1.00 0.11 -1.00 -1.00 -1.00 -1.00 -1.00 
 -1.00 -1.00 -0.69 0.89 0.84 -0.77 -1.00 -1.00 -1.00 -1.00 -1.00 -0.95 0.46 1.00 0.47 -1.00 -1.00 -1.00 -1.00 -1.00 
 -1.00 -1.00 0.35 1.00 0.04 -1.00 -1.00 -1.00 -1.00 -1.00 -1.00 -1.00 0.03 1.00 0.11 -1.00 -1.00 -1.00 -1.00 -1.00 
 -1.00 -1.00 0.87 1.00 -0.12 -1.00 -1.00 -1.00 -1.00 -1.00 -1.00 -0.98 0.62 0.90 -0.76 -1.00 -1.00 -1.00 -1.00 -1.00 
 -1.00 -1.00 0.86 1.00 0.62 -0.92 -1.00 -1.00 -1.00 -1.00 -0.93 0.24 0.92 -0.44 -1.00 -1.00 -1.00 -1.00 -1.00 -1.00 
 -1.00 -1.00 0.04 1.00 1.00 0.69 -0.11 -0.41 -0.34 0.05 0.78 0.54 -0.65 -1.00 -1.00 -1.00 -1.00 -1.00 -1.00 -1.00 
 -1.00 -1.00 -0.98 -0.21 0.57 0.94 1.00 0.96 0.69 0.22 -0.49 -0.99 -1.00 -1.00 -1.00 -1.00 -1.00 -1.00 -1.00 -1.00 
 