0.00 0.00 0.00 0.00 0.00 0.00 0.00 0.00 0.00 0.22 0.60 0.85 0.98 0.99 0.91 0.73 0.42 0.05 0.00 0.00 
 0.00 0.00 0.00 0.00 0.00 0.00 0.00 0.13 0.71 1.00 1.00 0.95 0.84 0.89 1.00 1.00 1.00 0.87 0.01 0.00 
 0.00 0.00 0.00 0.00 0.00 0.00 0.28 0.94 1.00 0.79 0.29 0.02 0.00 0.00 0.07 0.44 0.94 0.63 0.00 0.00 
 0.00 0.00 0.00 0.00 0.00 0.30 0.98 1.00 0.51 0.01 0.00 0.00 0.00 0.00 0.00 0.00 0.15 0.19 0.00 0.00 
 0.00 0.00 0.00 0.00 0.19 0.96 1.00 0.47 0.00 0.00 0.00 0.00 0.00 0.00 0.00 0.00 0.00 0.00 0.00 0.00 
 0.00 0.00 0.00 0.03 0.84 1.00 0.65 0.00 0.00 0.00 0.00 0.00 0.00 0.00 0.00 0.00 0.00 0.00 0.00 0.00 
 0.00 0.00 0.00 0.45 1.00 0.93 0.07 0.00 0.00 0.00 0.00 0.00 0.00 0.00 0.00 0.00 0.00 0.00 0.00 0.00 
 0.00 0.00 0.03 0.91 1.00 0.49 0.00 0.00 0.00 0.00 0.00 0.00 0.00 0.00 0.00 0.00 0.00 0.00 0.00 0.00 
 0.00 0.00 0.31 1.00 0.99 0.11 0.00 0.00 0.00 0.00 0.00 0.00 0.00 0.00 0.00 0.00 0.00 0.00 0.00 0.00 
 0.00 0.00 0.61 1.00 0.80 0.00 0.00 0.00 0.00 0.00 0.00 0.00 0.00 0.00 0.00 0.00 0.00 0.00 0.00 0.00 
 0.00 0.00 0.83 1.00 0.58 0.00 0.00 0.00 0.00 0.00 0.00 0.00 0.00 0.00 0.00 0.00 0.00 0.00 0.00 0.00 
 0.00 0.00 0.96 1.00 0.45 0.00 0.00 0.00 0.00 0.00 0.26 0.47 0.47 0.47 0.47 0.47 0.04 0.00 0.00 0.00 
 0.00 0.01 1.00 1.00 0.42 0.00 0.00 0.00 0.00 0.00 0.71 1.00 1.00 1.00 1.00 0.92 0.00 0.00 0.00 0.00 
 0.00 0.00 0.95 1.00 0.51 0.00 0.00 0.00 0.00 0.00 0.26 0.31 0.31 0.65 1.00 0.71 0.00 0.00 0.00 0.00 
 0.00 0.00 0.79 1.00 0.72 0.00 0.00 0.00 0.00 0.00 0.00 0.00 0.00 0.68 1.00 0.50 0.00 0.00 0.00 0.00 
 0.00 0.00 0.52 1.00 0.98 0.12 0.00 0.00 0.00 0.00 0.00 0.00 0.00 0.89 1.00 0.29 0.00 0.00 0.00 0.00 
 0.00 0.00 0.12 0.98 1.00 0.69 0.01 0.00 0.00 0.00 0.00 0.00 0.11 1.00 1.00 0.08 0.00 0.00 0.00 0.00 
 0.00 0.00 0.00 0.47 1.00 1.00 0.66 0.10 0.00 0.00 0.00 0.04 0.45 1.00 0.86 0.00 0.00 0.00 0.00 0.00 
 0.00 0.00 0.00 0.00 0.54 1.00 1.00 0.98 0.82 0.78 0.86 0.98 1.00 1.00 0.55 0.00 0.00 0.00 0.00 0.00 
 0.00 0.00 0.00 0.00 0.00 0.25 0.70 0.96 1.00 1.00 0.93 0.75 0.49 0.15 0.00 0.00 0.00 0.00 0.00 0.00 
 