-1.00 -1.00 -1.00 -1.00 -1.00 -1.00 -0.90 -0.04 0.51 0.55 0.07 -0.82 -0.49 0.47 0.93 0.87 -0.24 -1.00 -1.00 -1.00 
 -1.00 -1.00 -1.00 -1.00 -1.00 -0.81 0.69 0.76 -0.07 -0.13 0.65 0.86 0.85 0.19 -0.18 0.61 0.37 -1.00 -1.00 -1.00 
 -1.00 -1.00 -1.00 -1.00 -1.00 0.38 0.76 -0.84 -1.00 -1.00 -0.93 0.58 0.63 -0.98 -1.00 -0.95 -0.96 -1.00 -1.00 -1.00 
 -1.00 -1.00 -1.00 -1.00 -0.79 0.99 -0.20 -1.00 -1.00 -1.00 -1.00 -0.47 1.00 -0.53 -1.00 -1.00 -1.00 -1.00 -1.00 -1.00 
 -1.00 -1.00 -1.00 -1.00 -0.45 1.00 -0.64 -1.00 -1.00 -1.00 -1.00 -0.91 1.00 -0.17 -1.00 -1.00 -1.00 -1.00 -1.00 -1.00 
 -1.00 -1.00 -1.00 -1.00 -0.51 1.00 -0.56 -1.00 -1.00 -1.00 -1.00 -0.84 1.00 -0.23 -1.00 -1.00 -1.00 -1.00 -1.00 -1.00 
 -1.00 -1.00 -1.00 -1.00 -0.91 0.91 0.05 -1.00 -1.00 -1.00 -1.00 -0.22 0.99 -0.71 -1.00 -1.00 -1.00 -1.00 -1.00 -1.00 
 -1.00 -1.00 -1.00 -1.00 -1.00 0.03 0.94 -0.47 -1.00 -1.00 -0.64 0.84 0.28 -1.00 -1.00 -1.00 -1.00 -1.00 -1.00 -1.00 
 -1.00 -1.00 -1.00 -1.00 -1.00 0.15 0.55 0.98 0.54 0.48 0.96 0.39 -0.91 -1.00 -1.00 -1.00 -1.00 -1.00 -1.00 -1.00 
 -1.00 -1.00 -1.00 -1.00 -1.00 0.76 -0.91 -0.64 -0.10 -0.06 -0.54 -0.99 -1.00 -1.00 -1.00 -1.00 -1.00 -1.00 -1.00 -1.00 
 -1.00 -1.00 -1.00 -1.00 -1.00 0.80 -0.74 -1.00 -1.00 -1.00 -1.00 -1.00 -1.00 -1.00 -1.00 -1.00 -1.00 -1.00 -1.00 -1.00 
 -1.00 -1.00 -1.00 -1.00 -1.00 0.18 0.57 -0.33 -0.39 -0.39 -0.40 -0.50 -0.76 -0.99 -1.00 -1.00 -1.00 -1.00 -1.00 -1.00 
 -1.00 -1.00 -1.00 -1.00 -0.90 0.29 1.00 0.88 0.85 0.85 0.87 0.97 1.00 0.73 -0.17 -0.98 -1.00 -1.00 -1.00 -1.00 
 -1.00 -1.00 -1.00 -0.98 0.49 0.60 -0.65 -1.00 -1.00 -1.00 -1.00 -0.98 -0.70 -0.03 0.91 0.10 -1.00 -1.00 -1.00 -1.00 
 -1.00 -1.00 -1.00 -0.37 0.91 -0.81 -1.00 -1.00 -1.00 -1.00 -1.00 -1.00 -1.00 -1.00 -0.38 0.98 -0.78 -1.00 -1.00 -1.00 
 -1.00 -1.00 -1.00 0.12 0.42 -1.00 -1.00 -1.00 -1.00 -1.00 -1.00 -1.00 -1.00 -1.00 -0.98 0.89 -0.35 -1.00 -1.00 -1.00 
 -1.00 -1.00 -1.00 0.06 0.55 -1.00 -1.00 -1.00 -1.00 -1.00 -1.00 -1.00 -1.00 -1.00 -0.90 0.93 -0.42 -1.00 -1.00 -1.00 
 -1.00 -1.00 -1.00 -0.67 0.95 -0.12 -0.99 -1.00 -1.00 -1.00 -1.00 -1.00 -1.00 -0.95 0.30 0.73 -0.94 -1.00 -1.00 -1.00 
 -1.00 -1.00 -1.00 -1.00 -0.36 0.91 0.49 -0.33 -0.78 -0.97 -0.95 -0.70 -0.17 0.70 0.74 -0.66 -1.00 -1.00 -1.00 -1.00 
 -1.00 -1.00 -1.00 -1.00 -1.00 -0.76 0.14 0.80 1.00 1.00 1.00 1.00 0.66 -0.07 -0.91 -1.00 -1.00 -1.00 -1.00 -1.00 
 