0.00 0.00 0.00 0.00 0.00 0.00 0.10 0.51 0.82 0.98 1.00 0.93 0.79 0.78 0.78 0.78 0.78 0.52 0.00 0.00 
 0.00 0.00 0.00 0.00 0.00 0.20 0.91 1.00 0.72 0.30 0.25 0.56 0.99 1.00 0.95 0.67 0.76 0.52 0.00 0.00 
 0.00 0.00 0.00 0.00 0.04 0.84 1.00 0.79 0.02 0.00 0.00 0.00 0.55 1.00 0.98 0.24 0.00 0.00 0.00 0.00 
 0.00 0.00 0.00 0.00 0.25 1.00 1.00 0.42 0.00 0.00 0.00 0.00 0.15 1.00 1.00 0.62 0.00 0.00 0.00 0.00 
 0.00 0.00 0.00 0.00 0.42 1.00 1.00 0.29 0.00 0.00 0.00 0.00 0.10 0.99 1.00 0.78 0.00 0.00 0.00 0.00 
 0.00 0.00 0.00 0.00 0.44 1.00 1.00 0.31 0.00 0.00 0.00 0.00 0.09 0.98 1.00 0.76 0.00 0.00 0.00 0.00 
 0.00 0.00 0.00 0.00 0.27 1.00 1.00 0.47 0.00 0.00 0.00 0.00 0.14 1.00 1.00 0.57 0.00 0.00 0.00 0.00 
 0.00 0.00 0.00 0.00 0.05 0.88 1.00 0.84 0.05 0.00 0.00 0.00 0.51 1.00 0.96 0.20 0.00 0.00 0.00 0.00 
 0.00 0.00 0.00 0.00 0.00 0.26 0.94 1.00 0.77 0.31 0.24 0.53 0.99 0.98 0.44 0.00 0.00 0.00 0.00 0.00 
 0.00 0.00 0.00 0.00 0.00 0.03 0.61 0.88 0.85 0.89 0.89 0.87 0.63 0.20 0.00 0.00 0.00 0.00 0.00 0.00 
 0.00 0.00 0.00 0.00 0.02 0.63 0.90 0.10 0.00 0.00 0.00 0.00 0.00 0.00 0.00 0.00 0.00 0.00 0.00 0.00 
 0.00 0.00 0.00 0.00 0.26 1.00 0.68 0.00 0.00 0.00 0.00 0.00 0.00 0.00 0.00 0.00 0.00 0.00 0.00 0.00 
 0.00 0.00 0.00 0.00 0.44 1.00 0.93 0.40 0.22 0.22 0.22 0.22 0.22 0.20 0.09 0.00 0.00 0.00 0.00 0.00 
 0.00 0.00 0.00 0.00 0.20 0.98 1.00 1.00 1.00 1.00 1.00 1.00 1.00 1.00 0.98 0.62 0.07 0.00 0.00 0.00 
 0.00 0.00 0.00 0.00 0.00 0.42 1.00 0.94 0.89 0.89 0.89 0.89 0.90 1.00 1.00 1.00 0.71 0.00 0.00 0.00 
 0.00 0.00 0.00 0.00 0.27 0.93 0.87 0.13 0.00 0.00 0.00 0.00 0.02 0.25 0.84 1.00 0.96 0.10 0.00 0.00 
 0.00 0.00 0.00 0.10 0.94 1.00 0.32 0.00 0.00 0.00 0.00 0.00 0.00 0.00 0.32 1.00 1.00 0.22 0.00 0.00 
 0.00 0.00 0.00 0.31 1.00 1.00 0.11 0.00 0.00 0.00 0.00 0.00 0.00 0.00 0.25 1.00 0.98 0.13 0.00 0.00 
 0.00 0.00 0.00 0.26 1.00 1.00 0.29 0.00 0.00 0.00 0.00 0.00 0.00 0.00 0.56 1.00 0.73 0.00 0.00 0.00 
 0.00 0.00 0.00 0.04 0.80 1.00 0.87 0.25 0.00 0.00 0.00 0.00 0.06 0.52 0.99 0.90 0.15 0.00 0.00 0.00 
 