0.00 0.00 0.00 0.00 0.00 0.00 0.00 0.00 0.00 0.02 0.13 0.13 0.02 0.00 0.00 0.00 0.39 0.33 0.00 0.00 
 0.00 0.00 0.00 0.00 0.00 0.00 0.00 0.03 0.38 0.77 0.88 0.96 0.83 0.42 0.13 0.20 0.86 0.83 0.00 0.00 
 0.00 0.00 0.00 0.00 0.00 0.00 0.05 0.67 0.78 0.14 0.00 0.16 0.83 1.00 0.96 0.85 0.86 0.38 0.00 0.00 
 0.00 0.00 0.00 0.00 0.00 0.00 0.50 0.97 0.19 0.00 0.00 0.00 0.17 0.99 0.97 0.17 0.00 0.00 0.00 0.00 
 0.00 0.00 0.00 0.00 0.00 0.08 0.94 0.85 0.00 0.00 0.00 0.00 0.00 0.72 1.00 0.45 0.00 0.00 0.00 0.00 
 0.00 0.00 0.00 0.00 0.00 0.22 1.00 0.75 0.00 0.00 0.00 0.00 0.00 0.55 1.00 0.50 0.00 0.00 0.00 0.00 
 0.00 0.00 0.00 0.00 0.00 0.24 1.00 0.86 0.00 0.00 0.00 0.00 0.00 0.55 1.00 0.36 0.00 0.00 0.00 0.00 
 0.00 0.00 0.00 0.00 0.00 0.09 0.96 0.99 0.22 0.00 0.00 0.00 0.02 0.78 0.89 0.05 0.00 0.00 0.00 0.00 
 0.00 0.00 0.00 0.00 0.00 0.00 0.52 1.00 0.78 0.06 0.00 0.00 0.31 0.96 0.31 0.00 0.00 0.00 0.00 0.00 
 0.00 0.00 0.00 0.00 0.00 0.00 0.03 0.55 0.96 0.86 0.55 0.63 0.83 0.30 0.00 0.00 0.00 0.00 0.00 0.00 
 0.00 0.00 0.00 0.00 0.00 0.00 0.02 0.36 0.72 0.42 0.41 0.30 0.03 0.00 0.00 0.00 0.00 0.00 0.00 0.00 
 0.00 0.00 0.00 0.00 0.00 0.00 0.35 1.00 0.28 0.00 0.00 0.00 0.00 0.00 0.00 0.00 0.00 0.00 0.00 0.00 
 0.00 0.00 0.00 0.00 0.00 0.00 0.53 1.00 0.77 0.25 0.08 0.00 0.00 0.00 0.00 0.00 0.00 0.00 0.00 0.00 
 0.00 0.00 0.00 0.00 0.00 0.00 0.16 0.86 1.00 1.00 0.96 0.75 0.53 0.28 0.08 0.00 0.00 0.00 0.00 0.00 
 0.00 0.00 0.00 0.00 0.00 0.00 0.08 0.52 0.82 0.75 0.89 1.00 1.00 1.00 0.94 0.47 0.03 0.00 0.00 0.00 
 0.00 0.00 0.00 0.00 0.00 0.25 0.88 0.49 0.02 0.00 0.02 0.20 0.45 0.80 1.00 1.00 0.52 0.00 0.00 0.00 
 0.00 0.00 0.00 0.00 0.19 0.96 0.56 0.00 0.00 0.00 0.00 0.00 0.00 0.02 0.60 1.00 0.85 0.00 0.00 0.00 
 0.00 0.00 0.00 0.00 0.69 1.00 0.17 0.00 0.00 0.00 0.00 0.00 0.00 0.00 0.25 1.00 0.78 0.00 0.00 0.00 
 0.00 0.00 0.00 0.00 0.88 1.00 0.14 0.00 0.00 0.00 0.00 0.00 0.00 0.00 0.38 1.00 0.42 0.00 0.00 0.00 
 0.00 0.00 0.00 0.00 0.77 1.00 0.47 0.00 0.00 0.00 0.00 0.00 0.00 0.08 0.86 0.75 0.03 0.00 0.00 0.00 
 