0.00 0.00 0.00 0.00 0.00 0.00 0.02 0.37 0.77 0.96 0.99 0.85 0.50 0.06 0.35 0.70 0.56 0.00 0.00 0.00 
 0.00 0.00 0.00 0.00 0.00 0.05 0.70 1.00 1.00 0.98 0.90 0.99 1.00 0.83 0.61 1.00 0.80 0.00 0.00 0.00 
 0.00 0.00 0.00 0.00 0.01 0.61 1.00 0.99 0.59 0.13 0.00 0.17 0.65 1.00 1.00 1.00 0.80 0.00 0.00 0.00 
 0.00 0.00 0.00 0.00 0.20 1.00 1.00 0.54 0.00 0.00 0.00 0.00 0.01 0.59 1.00 1.00 0.80 0.00 0.00 0.00 
 0.00 0.00 0.00 0.00 0.55 1.00 0.91 0.04 0.00 0.00 0.00 0.00 0.00 0.08 0.95 1.00 0.80 0.00 0.00 0.00 
 0.00 0.00 0.00 0.00 0.81 1.00 0.67 0.00 0.00 0.00 0.00 0.00 0.00 0.00 0.70 1.00 0.80 0.00 0.00 0.00 
 0.00 0.00 0.00 0.06 0.96 1.00 0.53 0.00 0.00 0.00 0.00 0.00 0.00 0.00 0.55 1.00 0.80 0.00 0.00 0.00 
 0.00 0.00 0.00 0.10 1.00 1.00 0.50 0.00 0.00 0.00 0.00 0.00 0.00 0.00 0.50 1.00 0.80 0.00 0.00 0.00 
 0.00 0.00 0.00 0.06 0.96 1.00 0.54 0.00 0.00 0.00 0.00 0.00 0.00 0.00 0.55 1.00 0.80 0.00 0.00 0.00 
 0.00 0.00 0.00 0.00 0.81 1.00 0.70 0.00 0.00 0.00 0.00 0.00 0.00 0.00 0.71 1.00 0.80 0.00 0.00 0.00 
 0.00 0.00 0.00 0.00 0.54 1.00 0.93 0.07 0.00 0.00 0.00 0.00 0.00 0.09 0.95 1.00 0.80 0.00 0.00 0.00 
 0.00 0.00 0.00 0.00 0.16 0.97 1.00 0.60 0.01 0.00 0.00 0.00 0.01 0.61 1.00 1.00 0.80 0.00 0.00 0.00 
 0.00 0.00 0.00 0.00 0.00 0.52 1.00 1.00 0.68 0.23 0.10 0.24 0.69 1.00 1.00 1.00 0.80 0.00 0.00 0.00 
 0.00 0.00 0.00 0.00 0.00 0.02 0.62 1.00 1.00 1.00 1.00 1.00 1.00 0.77 0.78 1.00 0.80 0.00 0.00 0.00 
 0.00 0.00 0.00 0.00 0.00 0.00 0.01 0.30 0.67 0.86 0.89 0.75 0.43 0.03 0.70 1.00 0.75 0.00 0.00 0.00 
 0.00 0.00 0.00 0.00 0.04 0.00 0.00 0.00 0.00 0.00 0.00 0.00 0.00 0.00 0.78 1.00 0.66 0.00 0.00 0.00 
 0.00 0.00 0.00 0.00 0.48 0.87 0.72 0.04 0.00 0.00 0.00 0.00 0.00 0.06 0.94 1.00 0.50 0.00 0.00 0.00 
 0.00 0.00 0.00 0.00 0.33 1.00 1.00 0.39 0.00 0.00 0.00 0.00 0.01 0.53 1.00 0.98 0.19 0.00 0.00 0.00 
 0.00 0.00 0.00 0.00 0.06 0.89 1.00 0.97 0.53 0.25 0.20 0.33 0.68 1.00 1.00 0.61 0.00 0.00 0.00 0.00 
 0.00 0.00 0.00 0.00 0.00 0.21 0.87 1.00 1.00 1.00 1.00 1.00 1.00 0.99 0.58 0.03 0.00 0.00 0.00 0.00 
 