0.00 0.00 0.00 0.00 0.00 0.00 0.06 0.55 0.91 1.00 0.85 0.42 0.01 0.52 0.70 0.70 0.18 0.00 0.00 0.00 
 0.00 0.00 0.00 0.00 0.00 0.03 0.75 1.00 1.00 1.00 1.00 1.00 0.48 0.80 1.00 1.00 0.20 0.00 0.00 0.00 
 0.00 0.00 0.00 0.00 0.00 0.38 1.00 1.00 1.00 0.84 0.62 0.84 0.94 0.89 1.00 1.00 0.20 0.00 0.00 0.00 
 0.00 0.00 0.00 0.00 0.00 0.78 1.00 1.00 0.80 0.03 0.00 0.04 0.78 1.00 1.00 1.00 0.20 0.00 0.00 0.00 
 0.00 0.00 0.00 0.00 0.09 0.99 1.00 1.00 0.38 0.00 0.00 0.00 0.29 1.00 1.00 1.00 0.20 0.00 0.00 0.00 
 0.00 0.00 0.00 0.00 0.18 1.00 1.00 1.00 0.14 0.00 0.00 0.00 0.09 0.99 1.00 1.00 0.20 0.00 0.00 0.00 
 0.00 0.00 0.00 0.00 0.29 1.00 1.00 0.93 0.03 0.00 0.00 0.00 0.00 0.90 1.00 1.00 0.20 0.00 0.00 0.00 
 0.00 0.00 0.00 0.00 0.30 1.00 1.00 0.90 0.00 0.00 0.00 0.00 0.00 0.90 1.00 1.00 0.20 0.00 0.00 0.00 
 0.00 0.00 0.00 0.00 0.29 1.00 1.00 0.92 0.02 0.00 0.00 0.00 0.01 0.91 1.00 1.00 0.20 0.00 0.00 0.00 
 0.00 0.00 0.00 0.00 0.19 1.00 1.00 1.00 0.14 0.00 0.00 0.00 0.11 1.00 1.00 1.00 0.20 0.00 0.00 0.00 
 0.00 0.00 0.00 0.00 0.09 0.99 1.00 1.00 0.37 0.00 0.00 0.00 0.30 1.00 1.00 1.00 0.20 0.00 0.00 0.00 
 0.00 0.00 0.00 0.00 0.00 0.82 1.00 1.00 0.81 0.04 0.00 0.05 0.78 1.00 1.00 1.00 0.20 0.00 0.00 0.00 
 0.00 0.00 0.00 0.00 0.00 0.45 1.00 1.00 1.00 0.84 0.61 0.85 0.94 0.95 1.00 1.00 0.20 0.00 0.00 0.00 
 0.00 0.00 0.00 0.00 0.00 0.05 0.83 1.00 1.00 1.00 1.00 0.99 0.47 0.90 1.00 1.00 0.20 0.00 0.00 0.00 
 0.00 0.00 0.00 0.00 0.00 0.00 0.11 0.72 0.95 0.99 0.86 0.45 0.00 0.90 1.00 1.00 0.20 0.00 0.00 0.00 
 0.00 0.00 0.00 0.00 0.00 0.00 0.00 0.00 0.05 0.09 0.00 0.00 0.04 0.94 1.00 1.00 0.18 0.00 0.00 0.00 
 0.00 0.00 0.00 0.00 0.00 0.07 0.13 0.26 0.16 0.00 0.00 0.00 0.14 1.00 1.00 0.95 0.05 0.00 0.00 0.00 
 0.00 0.00 0.00 0.00 0.00 0.68 1.00 1.00 0.72 0.02 0.00 0.01 0.55 1.00 1.00 0.80 0.00 0.00 0.00 0.00 
 0.00 0.00 0.00 0.00 0.00 0.34 1.00 1.00 1.00 0.76 0.50 0.69 1.00 1.00 0.99 0.35 0.00 0.00 0.00 0.00 
 0.00 0.00 0.00 0.00 0.00 0.01 0.63 1.00 1.00 1.00 1.00 1.00 1.00 1.00 0.61 0.00 0.00 0.00 0.00 0.00 
 