0.00 0.00 0.00 0.00 0.00 0.00 0.14 0.63 0.93 1.00 0.96 0.78 0.63 0.71 0.82 0.47 0.00 0.00 0.00 0.00 
 0.00 0.00 0.00 0.00 0.00 0.17 0.91 0.75 0.31 0.27 0.60 0.99 1.00 0.74 0.38 0.09 0.00 0.00 0.00 0.00 
 0.00 0.00 0.00 0.00 0.02 0.75 0.96 0.11 0.00 0.00 0.00 0.64 1.00 0.74 0.00 0.00 0.00 0.00 0.00 0.00 
 0.00 0.00 0.00 0.00 0.14 1.00 0.88 0.00 0.00 0.00 0.00 0.27 1.00 0.88 0.00 0.00 0.00 0.00 0.00 0.00 
 0.00 0.00 0.00 0.00 0.25 1.00 0.88 0.00 0.00 0.00 0.00 0.13 1.00 0.88 0.00 0.00 0.00 0.00 0.00 0.00 
 0.00 0.00 0.00 0.00 0.22 1.00 0.89 0.02 0.00 0.00 0.00 0.14 1.00 0.86 0.00 0.00 0.00 0.00 0.00 0.00 
 0.00 0.00 0.00 0.00 0.09 0.97 1.00 0.28 0.00 0.00 0.00 0.33 1.00 0.63 0.00 0.00 0.00 0.00 0.00 0.00 
 0.00 0.00 0.00 0.00 0.00 0.55 1.00 0.85 0.20 0.13 0.20 0.80 0.91 0.13 0.00 0.00 0.00 0.00 0.00 0.00 
 0.00 0.00 0.00 0.00 0.00 0.03 0.67 1.00 1.00 1.00 0.96 0.74 0.17 0.00 0.00 0.00 0.00 0.00 0.00 0.00 
 0.00 0.00 0.00 0.00 0.00 0.03 0.72 0.47 0.25 0.24 0.08 0.00 0.00 0.00 0.00 0.00 0.00 0.00 0.00 0.00 
 0.00 0.00 0.00 0.00 0.00 0.44 1.00 0.16 0.00 0.00 0.00 0.00 0.00 0.00 0.00 0.00 0.00 0.00 0.00 0.00 
 0.00 0.00 0.00 0.00 0.00 0.75 1.00 0.69 0.39 0.38 0.38 0.38 0.33 0.17 0.02 0.00 0.00 0.00 0.00 0.00 
 0.00 0.00 0.00 0.00 0.00 0.52 1.00 1.00 1.00 1.00 1.00 1.00 1.00 1.00 0.66 0.02 0.00 0.00 0.00 0.00 
 0.00 0.00 0.00 0.00 0.00 0.02 0.39 0.66 0.75 0.75 0.75 0.83 0.93 1.00 1.00 0.33 0.00 0.00 0.00 0.00 
 0.00 0.00 0.00 0.00 0.00 0.06 0.08 0.00 0.00 0.00 0.00 0.00 0.08 0.80 1.00 0.50 0.00 0.00 0.00 0.00 
 0.00 0.00 0.00 0.00 0.03 0.72 0.31 0.00 0.00 0.00 0.00 0.00 0.00 0.50 1.00 0.41 0.00 0.00 0.00 0.00 
 0.00 0.00 0.00 0.00 0.28 1.00 0.13 0.00 0.00 0.00 0.00 0.00 0.00 0.64 0.93 0.09 0.00 0.00 0.00 0.00 
 0.00 0.00 0.00 0.00 0.50 1.00 0.31 0.00 0.00 0.00 0.00 0.00 0.22 0.96 0.39 0.00 0.00 0.00 0.00 0.00 
 0.00 0.00 0.00 0.00 0.30 1.00 0.93 0.45 0.25 0.27 0.41 0.66 0.89 0.38 0.00 0.00 0.00 0.00 0.00 0.00 
 0.00 0.00 0.00 0.00 0.02 0.45 0.89 1.00 1.00 1.00 0.88 0.52 0.09 0.00 0.00 0.00 0.00 0.00 0.00 0.00 
 