-1.00 -1.00 -1.00 -1.00 -1.00 -1.00 -1.00 -1.00 -1.00 -1.00 -0.98 -0.19 0.66 0.98 0.46 -0.99 -1.00 -1.00 -1.00 -1.00 
 -1.00 -1.00 -1.00 -1.00 -1.00 -1.00 -1.00 -1.00 -1.00 -0.87 0.44 0.53 0.41 0.68 -0.72 -1.00 -1.00 -1.00 -1.00 -1.00 
 -1.00 -1.00 -1.00 -1.00 -1.00 -1.00 -1.00 -1.00 -0.77 0.68 -0.04 -1.00 -1.00 -1.00 -1.00 -1.00 -1.00 -1.00 -1.00 -1.00 
 -1.00 -1.00 -1.00 -1.00 -1.00 -1.00 -1.00 -0.93 0.67 0.85 -0.94 -1.00 -1.00 -1.00 -1.00 -1.00 -1.00 -1.00 -1.00 -1.00 
 -1.00 -1.00 -1.00 -1.00 -1.00 -1.00 -1.00 -0.18 1.00 0.23 -1.00 -1.00 -1.00 -1.00 -1.00 -1.00 -1.00 -1.00 -1.00 -1.00 
 -1.00 -1.00 -1.00 -1.00 -1.00 -1.00 -1.00 0.51 1.00 -0.33 -1.00 -1.00 -1.00 -1.00 -1.00 -1.00 -1.00 -1.00 -1.00 -1.00 
 -1.00 -1.00 -1.00 -1.00 -1.00 -1.00 -0.91 0.96 0.99 -0.84 -1.00 -1.00 -1.00 -1.00 -1.00 -1.00 -1.00 -1.00 -1.00 -1.00 
 -1.00 -1.00 -1.00 -1.00 -1.00 -1.00 -0.46 1.00 0.66 -1.00 -1.00 -1.00 -1.00 -0.85 -0.76 -1.00 -1.00 -1.00 -1.00 -1.00 
 -1.00 -1.00 -1.00 -1.00 -1.00 -1.00 0.01 1.00 0.15 -1.00 -1.00 -0.84 0.14 0.94 0.37 -1.00 -1.00 -1.00 -1.00 -1.00 
 -1.00 -1.00 -1.00 -1.00 -1.00 -1.00 0.47 1.00 -0.36 -0.98 -0.17 0.87 1.00 1.00 -0.10 -1.00 -1.00 -1.00 -1.00 -1.00 
 -1.00 -1.00 -1.00 -1.00 -1.00 -0.96 0.91 0.99 -0.48 0.56 0.28 -0.69 0.69 1.00 -0.62 -1.00 -1.00 -1.00 -1.00 -1.00 
 -1.00 -1.00 -1.00 -1.00 -1.00 -0.59 1.00 0.97 0.60 -0.55 -1.00 -0.98 0.90 0.84 -0.98 -1.00 -1.00 -1.00 -1.00 -1.00 
 -1.00 -1.00 -1.00 -1.00 -1.00 -0.13 1.00 0.34 -0.97 -1.00 -1.00 -0.60 1.00 0.31 -1.00 -1.00 -1.00 -1.00 -1.00 -1.00 
 -1.00 -1.00 -1.00 -1.00 -1.00 0.33 1.00 -0.33 -1.00 -1.00 -1.00 -0.09 1.00 -0.23 -1.00 -1.00 -1.00 -1.00 -1.00 -1.00 
 -1.00 -1.00 -1.00 -1.00 -0.99 0.80 0.99 -0.83 -1.00 -1.00 -1.00 0.42 1.00 -0.75 -1.00 -1.00 -1.00 -1.00 -1.00 -1.00 
 -1.00 -1.00 -1.00 -1.00 -0.73 1.00 0.65 -1.00 -1.00 -1.00 -0.98 0.88 0.78 -1.00 -1.00 -1.00 -1.00 -1.00 -1.00 -1.00 
 -1.00 -1.00 -1.00 -1.00 -0.27 1.00 0.15 -1.00 -1.00 -1.00 -0.63 1.00 0.44 -1.00 -0.95 -0.07 -0.58 -1.00 -1.00 -1.00 
 -1.00 -1.00 -1.00 -1.00 0.19 1.00 -0.36 -1.00 -1.00 -1.00 -0.22 1.00 0.69 -0.16 0.61 -0.29 -1.00 -1.00 -1.00 -1.00 
 -1.00 -1.00 -1.00 -1.00 0.65 0.99 -0.84 -1.00 -1.00 -1.00 0.07 1.00 1.00 0.37 -0.79 -1.00 -1.00 -1.00 -1.00 -1.00 
 -1.00 -1.00 -1.00 -0.87 0.49 -0.34 -1.00 -1.00 -1.00 -1.00 -0.10 0.70 -0.40 -1.00 -1.00 -1.00 -1.00 -1.00 -1.00 -1.00 
 