-1.00 -1.00 -0.99 -0.76 -0.20 0.50 1.00 0.91 -1.00 -1.00 -1.00 -1.00 -1.00 -1.00 -1.00 -1.00 -1.00 -1.00 -1.00 -1.00 
 -1.00 0.20 0.84 1.00 1.00 1.00 1.00 0.91 -1.00 -1.00 -1.00 -1.00 -1.00 -1.00 -1.00 -1.00 -1.00 -1.00 -1.00 -1.00 
 -1.00 0.47 1.00 1.00 1.00 1.00 1.00 0.91 -1.00 -1.00 -1.00 -1.00 -1.00 -1.00 -1.00 -1.00 -1.00 -1.00 -1.00 -1.00 
 -1.00 -0.30 0.35 0.99 1.00 1.00 1.00 0.91 -1.00 -1.00 -1.00 -1.00 -1.00 -1.00 -1.00 -1.00 -1.00 -1.00 -1.00 -1.00 
 -1.00 -1.00 -1.00 0.33 1.00 1.00 1.00 0.91 -1.00 -1.00 -1.00 -1.00 -1.00 -1.00 -1.00 -1.00 -1.00 -1.00 -1.00 -1.00 
 -1.00 -1.00 -1.00 0.09 1.00 1.00 1.00 0.91 -1.00 -1.00 -0.99 -0.85 -0.80 -0.98 -1.00 -1.00 -1.00 -1.00 -1.00 -1.00 
 -1.00 -1.00 -1.00 0.08 1.00 1.00 1.00 0.91 -0.66 0.21 0.83 1.00 1.00 0.87 0.12 -0.91 -1.00 -1.00 -1.00 -1.00 
 -1.00 -1.00 -1.00 0.08 1.00 1.00 1.00 0.99 0.98 1.00 1.00 1.00 1.00 1.00 1.00 0.54 -0.96 -1.00 -1.00 -1.00 
 -1.00 -1.00 -1.00 0.08 1.00 1.00 1.00 1.00 1.00 1.00 0.86 0.95 1.00 1.00 1.00 1.00 -0.35 -1.00 -1.00 -1.00 
 -1.00 -1.00 -1.00 0.08 1.00 1.00 1.00 1.00 0.22 -0.67 -0.99 -0.65 1.00 1.00 1.00 1.00 0.04 -1.00 -1.00 -1.00 
 -1.00 -1.00 -1.00 0.08 1.00 1.00 1.00 0.91 -1.00 -1.00 -1.00 -1.00 0.90 1.00 1.00 1.00 0.11 -1.00 -1.00 -1.00 
 -1.00 -1.00 -1.00 0.08 1.00 1.00 1.00 0.91 -1.00 -1.00 -1.00 -1.00 0.88 1.00 1.00 1.00 0.11 -1.00 -1.00 -1.00 
 -1.00 -1.00 -1.00 0.08 1.00 1.00 1.00 0.91 -1.00 -1.00 -1.00 -1.00 0.88 1.00 1.00 1.00 0.11 -1.00 -1.00 -1.00 
 -1.00 -1.00 -1.00 0.08 1.00 1.00 1.00 0.91 -1.00 -1.00 -1.00 -1.00 0.88 1.00 1.00 1.00 0.11 -1.00 -1.00 -1.00 
 -1.00 -1.00 -1.00 0.08 1.00 1.00 1.00 0.91 -1.00 -1.00 -1.00 -1.00 0.88 1.00 1.00 1.00 0.11 -1.00 -1.00 -1.00 
 -1.00 -1.00 -1.00 0.09 1.00 1.00 1.00 0.91 -1.00 -1.00 -1.00 -1.00 0.88 1.00 1.00 1.00 0.11 -1.00 -1.00 -1.00 
 -1.00 -1.00 -1.00 0.22 1.00 1.00 1.00 0.96 -0.96 -1.00 -1.00 -0.97 0.95 1.00 1.00 1.00 0.24 -1.00 -1.00 -1.00 
 -1.00 -0.59 -0.04 0.91 1.00 1.00 1.00 1.00 0.36 -0.68 -0.68 0.36 1.00 1.00 1.00 1.00 0.91 -0.04 -0.57 -1.00 
 -1.00 0.47 1.00 1.00 1.00 1.00 1.00 1.00 1.00 0.04 0.04 1.00 1.00 1.00 1.00 1.00 1.00 1.00 0.52 -1.00 
 -1.00 0.47 1.00 1.00 1.00 1.00 1.00 1.00 1.00 0.04 0.04 1.00 1.00 1.00 1.00 1.00 1.00 1.00 0.52 -1.00 
 