-1.00 -1.00 -1.00 -1.00 0.21 0.65 0.86 -1.00 -1.00 -1.00 -1.00 -1.00 -1.00 -1.00 -1.00 -1.00 -1.00 -1.00 -1.00 -1.00 
 -1.00 -1.00 -1.00 -1.00 -0.99 -0.28 0.98 -1.00 -1.00 -1.00 -1.00 -1.00 -1.00 -1.00 -1.00 -1.00 -1.00 -1.00 -1.00 -1.00 
 -1.00 -1.00 -1.00 -1.00 -1.00 -0.68 0.98 -1.00 -1.00 -1.00 -1.00 -1.00 -1.00 -1.00 -1.00 -1.00 -1.00 -1.00 -1.00 -1.00 
 -1.00 -1.00 -1.00 -1.00 -1.00 -0.68 0.98 -1.00 -1.00 -1.00 -1.00 -1.00 -1.00 -1.00 -1.00 -1.00 -1.00 -1.00 -1.00 -1.00 
 -1.00 -1.00 -1.00 -1.00 -1.00 -0.68 0.98 -1.00 -1.00 -1.00 -1.00 -1.00 -1.00 -1.00 -1.00 -1.00 -1.00 -1.00 -1.00 -1.00 
 -1.00 -1.00 -1.00 -1.00 -1.00 -0.68 0.98 -1.00 -1.00 -1.00 -1.00 -1.00 -1.00 -1.00 -1.00 -1.00 -1.00 -1.00 -1.00 -1.00 
 -1.00 -1.00 -1.00 -1.00 -1.00 -0.68 0.98 -1.00 -1.00 -1.00 -1.00 -1.00 -1.00 -1.00 -1.00 -1.00 -1.00 -1.00 -1.00 -1.00 
 -1.00 -1.00 -1.00 -1.00 -1.00 -0.68 0.98 -1.00 -0.99 -0.48 -0.28 -0.21 -0.70 -1.00 -1.00 -1.00 -1.00 -1.00 -1.00 -1.00 
 -1.00 -1.00 -1.00 -1.00 -1.00 -0.68 0.98 -0.94 -0.24 -0.84 -1.00 -0.84 0.46 -0.23 -1.00 -1.00 -1.00 -1.00 -1.00 -1.00 
 -1.00 -1.00 -1.00 -1.00 -1.00 -0.68 0.98 -0.31 -0.96 -1.00 -1.00 -1.00 -0.65 0.88 -0.94 -1.00 -1.00 -1.00 -1.00 -1.00 
 -1.00 -1.00 -1.00 -1.00 -1.00 -0.68 0.99 -0.39 -1.00 -1.00 -1.00 -1.00 -0.99 0.95 -0.61 -1.00 -1.00 -1.00 -1.00 -1.00 
 -1.00 -1.00 -1.00 -1.00 -1.00 -0.68 1.00 -0.78 -1.00 -1.00 -1.00 -1.00 -1.00 0.87 -0.51 -1.00 -1.00 -1.00 -1.00 -1.00 
 -1.00 -1.00 -1.00 -1.00 -1.00 -0.68 1.00 -0.95 -1.00 -1.00 -1.00 -1.00 -1.00 0.87 -0.51 -1.00 -1.00 -1.00 -1.00 -1.00 
 -1.00 -1.00 -1.00 -1.00 -1.00 -0.68 1.00 -0.95 -1.00 -1.00 -1.00 -1.00 -1.00 0.87 -0.51 -1.00 -1.00 -1.00 -1.00 -1.00 
 -1.00 -1.00 -1.00 -1.00 -1.00 -0.68 1.00 -0.95 -1.00 -1.00 -1.00 -1.00 -1.00 0.87 -0.51 -1.00 -1.00 -1.00 -1.00 -1.00 
 -1.00 -1.00 -1.00 -1.00 -1.00 -0.68 1.00 -0.95 -1.00 -1.00 -1.00 -1.00 -1.00 0.87 -0.51 -1.00 -1.00 -1.00 -1.00 -1.00 
 -1.00 -1.00 -1.00 -1.00 -1.00 -0.68 1.00 -0.95 -1.00 -1.00 -1.00 -1.00 -1.00 0.87 -0.51 -1.00 -1.00 -1.00 -1.00 -1.00 
 -1.00 -1.00 -1.00 -1.00 -1.00 -0.68 1.00 -0.95 -1.00 -1.00 -1.00 -1.00 -1.00 0.87 -0.51 -1.00 -1.00 -1.00 -1.00 -1.00 
 -1.00 -1.00 -1.00 -1.00 -1.00 -0.67 1.00 -0.95 -1.00 -1.00 -1.00 -1.00 -1.00 0.89 -0.51 -1.00 -1.00 -1.00 -1.00 -1.00 
 -1.00 -1.00 -1.00 -1.00 -0.15 0.41 1.00 0.29 -0.29 -1.00 -1.00 -0.37 0.20 1.00 0.50 -0.06 -1.00 -1.00 -1.00 -1.00 
 