-1.00 -1.00 -1.00 -0.68 0.87 1.00 0.93 -0.40 -1.00 -1.00 -1.00 -1.00 -1.00 -1.00 -1.00 -1.00 -1.00 -1.00 -1.00 -1.00 
 -1.00 -1.00 -1.00 -0.33 1.00 1.00 1.00 0.00 -1.00 -1.00 -1.00 -1.00 -1.00 -1.00 -1.00 -1.00 -1.00 -1.00 -1.00 -1.00 
 -1.00 -1.00 -1.00 -0.33 1.00 1.00 1.00 0.00 -1.00 -1.00 -1.00 -1.00 -1.00 -1.00 -1.00 -1.00 -1.00 -1.00 -1.00 -1.00 
 -1.00 -1.00 -1.00 -0.33 1.00 1.00 1.00 0.00 -1.00 -1.00 -1.00 -1.00 -1.00 -1.00 -1.00 -1.00 -1.00 -1.00 -1.00 -1.00 
 -1.00 -1.00 -1.00 -0.33 1.00 1.00 1.00 0.00 -1.00 -1.00 -1.00 -1.00 -1.00 -1.00 -1.00 -1.00 -1.00 -1.00 -1.00 -1.00 
 -1.00 -1.00 -1.00 -0.33 1.00 1.00 1.00 0.00 -1.00 -1.00 -1.00 -1.00 -1.00 -1.00 -1.00 -1.00 -1.00 -1.00 -1.00 -1.00 
 -1.00 -1.00 -1.00 -0.33 1.00 1.00 1.00 0.00 -1.00 -0.98 -0.46 -0.04 0.01 -0.19 -0.76 -1.00 -1.00 -1.00 -1.00 -1.00 
 -1.00 -1.00 -1.00 -0.33 1.00 1.00 1.00 0.00 -0.70 0.63 1.00 1.00 1.00 1.00 0.96 -0.25 -1.00 -1.00 -1.00 -1.00 
 -1.00 -1.00 -1.00 -0.33 1.00 1.00 1.00 0.17 0.79 0.71 0.19 0.40 1.00 1.00 1.00 0.91 -0.89 -1.00 -1.00 -1.00 
 -1.00 -1.00 -1.00 -0.33 1.00 1.00 1.00 0.95 0.22 -0.97 -1.00 -1.00 0.47 1.00 1.00 1.00 -0.47 -1.00 -1.00 -1.00 
 -1.00 -1.00 -1.00 -0.33 1.00 1.00 1.00 0.82 -0.94 -1.00 -1.00 -1.00 0.18 1.00 1.00 1.00 -0.32 -1.00 -1.00 -1.00 
 -1.00 -1.00 -1.00 -0.33 1.00 1.00 1.00 0.31 -1.00 -1.00 -1.00 -1.00 0.17 1.00 1.00 1.00 -0.31 -1.00 -1.00 -1.00 
 -1.00 -1.00 -1.00 -0.33 1.00 1.00 1.00 0.18 -1.00 -1.00 -1.00 -1.00 0.17 1.00 1.00 1.00 -0.31 -1.00 -1.00 -1.00 
 -1.00 -1.00 -1.00 -0.33 1.00 1.00 1.00 0.17 -1.00 -1.00 -1.00 -1.00 0.17 1.00 1.00 1.00 -0.31 -1.00 -1.00 -1.00 
 -1.00 -1.00 -1.00 -0.33 1.00 1.00 1.00 0.17 -1.00 -1.00 -1.00 -1.00 0.17 1.00 1.00 1.00 -0.31 -1.00 -1.00 -1.00 
 -1.00 -1.00 -1.00 -0.33 1.00 1.00 1.00 0.17 -1.00 -1.00 -1.00 -1.00 0.17 1.00 1.00 1.00 -0.31 -1.00 -1.00 -1.00 
 -1.00 -1.00 -1.00 -0.33 1.00 1.00 1.00 0.17 -1.00 -1.00 -1.00 -1.00 0.17 1.00 1.00 1.00 -0.31 -1.00 -1.00 -1.00 
 -1.00 -1.00 -1.00 -0.33 1.00 1.00 1.00 0.17 -1.00 -1.00 -1.00 -1.00 0.17 1.00 1.00 1.00 -0.31 -1.00 -1.00 -1.00 
 -1.00 -1.00 -1.00 -0.33 1.00 1.00 1.00 0.17 -1.00 -1.00 -1.00 -1.00 0.17 1.00 1.00 1.00 -0.31 -1.00 -1.00 -1.00 
 -1.00 -1.00 -1.00 -0.67 0.89 1.00 0.97 -0.25 -1.00 -1.00 -1.00 -1.00 -0.25 0.97 1.00 0.89 -0.65 -1.00 -1.00 -1.00 
 