0.00 0.00 0.00 0.28 0.90 0.90 0.90 0.60 0.00 0.00 0.00 0.00 0.00 0.00 0.00 0.00 0.00 0.00 0.00 0.00 
 0.00 0.00 0.00 0.31 1.00 1.00 1.00 0.67 0.00 0.00 0.00 0.00 0.00 0.00 0.00 0.00 0.00 0.00 0.00 0.00 
 0.00 0.00 0.00 0.31 1.00 1.00 1.00 0.67 0.00 0.00 0.00 0.00 0.00 0.00 0.00 0.00 0.00 0.00 0.00 0.00 
 0.00 0.00 0.00 0.31 1.00 1.00 1.00 0.67 0.00 0.00 0.00 0.00 0.00 0.00 0.00 0.00 0.00 0.00 0.00 0.00 
 0.00 0.00 0.00 0.31 1.00 1.00 1.00 0.67 0.00 0.00 0.00 0.00 0.00 0.00 0.00 0.00 0.00 0.00 0.00 0.00 
 0.00 0.00 0.00 0.31 1.00 1.00 1.00 0.67 0.00 0.16 0.56 0.75 0.77 0.62 0.29 0.01 0.00 0.00 0.00 0.00 
 0.00 0.00 0.00 0.31 1.00 1.00 1.00 0.67 0.36 0.97 1.00 1.00 1.00 1.00 1.00 0.67 0.03 0.00 0.00 0.00 
 0.00 0.00 0.00 0.31 1.00 1.00 1.00 0.87 0.98 1.00 1.00 1.00 1.00 1.00 1.00 1.00 0.49 0.00 0.00 0.00 
 0.00 0.00 0.00 0.31 1.00 1.00 1.00 1.00 1.00 0.82 0.62 0.72 0.98 1.00 1.00 1.00 0.87 0.00 0.00 0.00 
 0.00 0.00 0.00 0.31 1.00 1.00 1.00 1.00 0.51 0.01 0.00 0.00 0.36 1.00 1.00 1.00 0.99 0.09 0.00 0.00 
 0.00 0.00 0.00 0.31 1.00 1.00 1.00 0.85 0.01 0.00 0.00 0.00 0.02 0.91 1.00 1.00 1.00 0.15 0.00 0.00 
 0.00 0.00 0.00 0.31 1.00 1.00 1.00 0.68 0.00 0.00 0.00 0.00 0.00 0.84 1.00 1.00 1.00 0.15 0.00 0.00 
 0.00 0.00 0.00 0.31 1.00 1.00 1.00 0.67 0.00 0.00 0.00 0.00 0.00 0.83 1.00 1.00 1.00 0.15 0.00 0.00 
 0.00 0.00 0.00 0.31 1.00 1.00 1.00 0.67 0.00 0.00 0.00 0.00 0.00 0.83 1.00 1.00 1.00 0.15 0.00 0.00 
 0.00 0.00 0.00 0.31 1.00 1.00 1.00 0.67 0.00 0.00 0.00 0.00 0.00 0.83 1.00 1.00 1.00 0.15 0.00 0.00 
 0.00 0.00 0.00 0.31 1.00 1.00 1.00 0.67 0.00 0.00 0.00 0.00 0.00 0.83 1.00 1.00 1.00 0.15 0.00 0.00 
 0.00 0.00 0.00 0.31 1.00 1.00 1.00 0.67 0.00 0.00 0.00 0.00 0.00 0.83 1.00 1.00 1.00 0.15 0.00 0.00 
 0.00 0.00 0.00 0.31 1.00 1.00 1.00 0.67 0.00 0.00 0.00 0.00 0.00 0.83 1.00 1.00 1.00 0.15 0.00 0.00 
 0.00 0.00 0.00 0.31 1.00 1.00 1.00 0.67 0.00 0.00 0.00 0.00 0.00 0.83 1.00 1.00 1.00 0.15 0.00 0.00 
 0.00 0.00 0.00 0.31 1.00 1.00 1.00 0.67 0.00 0.00 0.00 0.00 0.00 0.83 1.00 1.00 1.00 0.15 0.00 0.00 
 