0.00 0.00 0.00 0.03 0.25 0.56 0.86 0.91 0.04 0.00 0.00 0.00 0.00 0.00 0.00 0.00 0.00 0.00 0.00 0.00 
 0.00 0.00 0.36 0.91 1.00 1.00 1.00 0.97 0.05 0.00 0.00 0.00 0.00 0.00 0.00 0.00 0.00 0.00 0.00 0.00 
 0.00 0.00 0.27 0.52 0.74 1.00 1.00 0.97 0.05 0.00 0.00 0.00 0.00 0.00 0.00 0.00 0.00 0.00 0.00 0.00 
 0.00 0.00 0.00 0.00 0.45 1.00 1.00 0.97 0.05 0.00 0.00 0.00 0.00 0.00 0.00 0.00 0.00 0.00 0.00 0.00 
 0.00 0.00 0.00 0.00 0.45 1.00 1.00 0.97 0.05 0.00 0.00 0.00 0.00 0.00 0.00 0.00 0.00 0.00 0.00 0.00 
 0.00 0.00 0.00 0.00 0.45 1.00 1.00 0.97 0.05 0.00 0.00 0.00 0.00 0.00 0.00 0.00 0.00 0.00 0.00 0.00 
 0.00 0.00 0.00 0.00 0.45 1.00 1.00 0.97 0.05 0.00 0.00 0.02 0.09 0.08 0.01 0.00 0.00 0.00 0.00 0.00 
 0.00 0.00 0.00 0.00 0.45 1.00 1.00 0.97 0.05 0.14 0.55 0.88 1.00 1.00 0.82 0.26 0.00 0.00 0.00 0.00 
 0.00 0.00 0.00 0.00 0.45 1.00 1.00 0.98 0.64 0.98 1.00 1.00 1.00 1.00 1.00 0.95 0.13 0.00 0.00 0.00 
 0.00 0.00 0.00 0.00 0.45 1.00 1.00 1.00 0.75 0.52 0.40 0.47 0.87 1.00 1.00 1.00 0.52 0.00 0.00 0.00 
 0.00 0.00 0.00 0.00 0.45 1.00 1.00 0.97 0.05 0.00 0.00 0.00 0.13 0.97 1.00 1.00 0.71 0.00 0.00 0.00 
 0.00 0.00 0.00 0.00 0.45 1.00 1.00 0.97 0.05 0.00 0.00 0.00 0.00 0.76 1.00 1.00 0.78 0.00 0.00 0.00 
 0.00 0.00 0.00 0.00 0.45 1.00 1.00 0.97 0.05 0.00 0.00 0.00 0.00 0.69 1.00 1.00 0.79 0.00 0.00 0.00 
 0.00 0.00 0.00 0.00 0.45 1.00 1.00 0.97 0.05 0.00 0.00 0.00 0.00 0.69 1.00 1.00 0.79 0.00 0.00 0.00 
 0.00 0.00 0.00 0.00 0.45 1.00 1.00 0.97 0.05 0.00 0.00 0.00 0.00 0.69 1.00 1.00 0.79 0.00 0.00 0.00 
 0.00 0.00 0.00 0.00 0.45 1.00 1.00 0.97 0.05 0.00 0.00 0.00 0.00 0.69 1.00 1.00 0.79 0.00 0.00 0.00 
 0.00 0.00 0.00 0.00 0.45 1.00 1.00 0.97 0.05 0.00 0.00 0.00 0.00 0.69 1.00 1.00 0.79 0.00 0.00 0.00 
 0.00 0.00 0.00 0.00 0.45 1.00 1.00 0.97 0.05 0.00 0.00 0.00 0.00 0.69 1.00 1.00 0.79 0.00 0.00 0.00 
 0.00 0.00 0.00 0.00 0.45 1.00 1.00 0.97 0.05 0.00 0.00 0.00 0.00 0.69 1.00 1.00 0.79 0.00 0.00 0.00 
 0.00 0.00 0.07 0.29 0.73 1.00 1.00 0.99 0.45 0.19 0.00 0.08 0.32 0.88 1.00 1.00 0.92 0.33 0.17 0.00 
 