-1.00 -1.00 -1.00 -1.00 -0.80 -0.33 0.10 0.51 0.91 -0.27 -1.00 -1.00 -1.00 -1.00 -1.00 -1.00 -1.00 -1.00 -1.00 -1.00 
 -1.00 -1.00 -1.00 -1.00 -0.24 0.36 0.57 1.00 1.00 -0.76 -1.00 -1.00 -1.00 -1.00 -1.00 -1.00 -1.00 -1.00 -1.00 -1.00 
 -1.00 -1.00 -1.00 -1.00 -1.00 -1.00 -0.58 1.00 0.78 -1.00 -1.00 -1.00 -1.00 -1.00 -1.00 -1.00 -1.00 -1.00 -1.00 -1.00 
 -1.00 -1.00 -1.00 -1.00 -1.00 -1.00 -0.17 1.00 0.35 -1.00 -1.00 -1.00 -1.00 -1.00 -1.00 -1.00 -1.00 -1.00 -1.00 -1.00 
 -1.00 -1.00 -1.00 -1.00 -1.00 -1.00 0.25 1.00 -0.06 -1.00 -1.00 -1.00 -1.00 -1.00 -1.00 -1.00 -1.00 -1.00 -1.00 -1.00 
 -1.00 -1.00 -1.00 -1.00 -1.00 -1.00 0.65 1.00 -0.45 -1.00 -1.00 -1.00 -1.00 -1.00 -1.00 -1.00 -1.00 -1.00 -1.00 -1.00 
 -1.00 -1.00 -1.00 -1.00 -1.00 -0.91 0.98 1.00 -0.84 -1.00 -1.00 -0.98 -0.77 -0.91 -1.00 -1.00 -1.00 -1.00 -1.00 -1.00 
 -1.00 -1.00 -1.00 -1.00 -1.00 -0.53 1.00 0.78 -1.00 -0.85 0.08 0.85 1.00 0.94 -0.22 -1.00 -1.00 -1.00 -1.00 -1.00 
 -1.00 -1.00 -1.00 -1.00 -1.00 -0.12 1.00 0.39 -0.36 0.80 0.39 0.20 0.90 1.00 0.85 -1.00 -1.00 -1.00 -1.00 -1.00 
 -1.00 -1.00 -1.00 -1.00 -1.00 0.29 1.00 0.80 0.47 -0.72 -1.00 -1.00 -0.12 1.00 0.94 -1.00 -1.00 -1.00 -1.00 -1.00 
 -1.00 -1.00 -1.00 -1.00 -1.00 0.69 1.00 0.11 -0.98 -1.00 -1.00 -1.00 -0.32 1.00 0.65 -1.00 -1.00 -1.00 -1.00 -1.00 
 -1.00 -1.00 -1.00 -1.00 -0.88 0.99 1.00 -0.84 -1.00 -1.00 -1.00 -1.00 -0.04 1.00 0.22 -1.00 -1.00 -1.00 -1.00 -1.00 
 -1.00 -1.00 -1.00 -1.00 -0.49 1.00 0.80 -1.00 -1.00 -1.00 -1.00 -1.00 0.40 1.00 -0.22 -1.00 -1.00 -1.00 -1.00 -1.00 
 -1.00 -1.00 -1.00 -1.00 -0.08 1.00 0.44 -1.00 -1.00 -1.00 -1.00 -0.98 0.86 1.00 -0.68 -1.00 -1.00 -1.00 -1.00 -1.00 
 -1.00 -1.00 -1.00 -1.00 0.33 1.00 0.07 -1.00 -1.00 -1.00 -1.00 -0.67 1.00 0.87 -0.98 -1.00 -1.00 -1.00 -1.00 -1.00 
 -1.00 -1.00 -1.00 -1.00 0.74 1.00 -0.29 -1.00 -1.00 -1.00 -1.00 -0.20 1.00 0.42 -1.00 -1.00 -1.00 -1.00 -1.00 -1.00 
 -1.00 -1.00 -1.00 -0.85 1.00 1.00 -0.66 -1.00 -1.00 -1.00 -1.00 0.26 1.00 0.01 -1.00 -1.00 -1.00 -1.00 -1.00 -1.00 
 -1.00 -1.00 -1.00 -0.44 1.00 0.94 -0.97 -1.00 -1.00 -1.00 -1.00 0.69 1.00 -0.17 -1.00 -1.00 -1.00 -1.00 -1.00 -1.00 
 -1.00 -1.00 -1.00 -0.04 1.00 0.61 -1.00 -1.00 -1.00 -1.00 -1.00 0.87 1.00 0.58 -0.54 -0.46 -0.76 -1.00 -1.00 -1.00 
 -1.00 -1.00 -1.00 0.34 0.96 0.22 -1.00 -1.00 -1.00 -1.00 -1.00 0.24 1.00 1.00 0.81 0.20 -0.78 -1.00 -1.00 -1.00 
 