0.00 0.00 0.00 0.00 0.11 0.33 0.75 0.84 0.00 0.00 0.00 0.00 0.00 0.00 0.00 0.00 0.00 0.00 0.00 0.00 
 0.00 0.00 0.03 0.47 0.84 1.00 1.00 0.84 0.00 0.00 0.00 0.00 0.00 0.00 0.00 0.00 0.00 0.00 0.00 0.00 
 0.00 0.00 0.00 0.06 0.14 0.95 1.00 0.84 0.00 0.00 0.00 0.00 0.00 0.00 0.00 0.00 0.00 0.00 0.00 0.00 
 0.00 0.00 0.00 0.00 0.00 0.75 1.00 0.84 0.00 0.00 0.00 0.00 0.00 0.00 0.00 0.00 0.00 0.00 0.00 0.00 
 0.00 0.00 0.00 0.00 0.00 0.67 1.00 0.84 0.00 0.00 0.00 0.00 0.00 0.00 0.00 0.00 0.00 0.00 0.00 0.00 
 0.00 0.00 0.00 0.00 0.00 0.67 1.00 0.84 0.00 0.00 0.00 0.00 0.00 0.00 0.00 0.00 0.00 0.00 0.00 0.00 
 0.00 0.00 0.00 0.00 0.00 0.67 1.00 0.84 0.00 0.00 0.00 0.00 0.00 0.00 0.00 0.00 0.00 0.00 0.00 0.00 
 0.00 0.00 0.00 0.00 0.00 0.67 1.00 0.84 0.00 0.03 0.28 0.67 0.84 0.67 0.22 0.00 0.00 0.00 0.00 0.00 
 0.00 0.00 0.00 0.00 0.00 0.67 1.00 0.84 0.03 0.56 0.95 0.86 1.00 1.00 0.92 0.17 0.00 0.00 0.00 0.00 
 0.00 0.00 0.00 0.00 0.00 0.67 1.00 0.86 0.56 0.58 0.14 0.03 0.42 1.00 1.00 0.64 0.00 0.00 0.00 0.00 
 0.00 0.00 0.00 0.00 0.00 0.67 1.00 0.95 0.31 0.00 0.00 0.00 0.03 0.81 1.00 0.84 0.00 0.00 0.00 0.00 
 0.00 0.00 0.00 0.00 0.00 0.67 1.00 0.84 0.00 0.00 0.00 0.00 0.00 0.61 1.00 0.84 0.00 0.00 0.00 0.00 
 0.00 0.00 0.00 0.00 0.00 0.67 1.00 0.84 0.00 0.00 0.00 0.00 0.00 0.50 1.00 0.84 0.00 0.00 0.00 0.00 
 0.00 0.00 0.00 0.00 0.00 0.67 1.00 0.84 0.00 0.00 0.00 0.00 0.00 0.50 1.00 0.84 0.00 0.00 0.00 0.00 
 0.00 0.00 0.00 0.00 0.00 0.67 1.00 0.84 0.00 0.00 0.00 0.00 0.00 0.50 1.00 0.84 0.00 0.00 0.00 0.00 
 0.00 0.00 0.00 0.00 0.00 0.67 1.00 0.84 0.00 0.00 0.00 0.00 0.00 0.50 1.00 0.84 0.00 0.00 0.00 0.00 
 0.00 0.00 0.00 0.00 0.00 0.67 1.00 0.84 0.00 0.00 0.00 0.00 0.00 0.50 1.00 0.84 0.00 0.00 0.00 0.00 
 0.00 0.00 0.00 0.00 0.00 0.67 1.00 0.84 0.00 0.00 0.00 0.00 0.00 0.50 1.00 0.84 0.00 0.00 0.00 0.00 
 0.00 0.00 0.00 0.00 0.00 0.67 1.00 0.84 0.00 0.00 0.00 0.00 0.00 0.50 1.00 0.84 0.00 0.00 0.00 0.00 
 0.00 0.00 0.00 0.00 0.00 0.78 1.00 0.84 0.00 0.00 0.00 0.00 0.00 0.53 1.00 0.92 0.09 0.00 0.00 0.00 
 