0.00 0.00 0.80 1.00 0.90 0.00 0.00 0.00 0.00 0.00 0.00 0.00 0.00 0.00 0.00 0.90 1.00 0.80 0.00 0.00 
 0.00 0.00 0.80 1.00 0.90 0.00 0.00 0.00 0.00 0.00 0.00 0.00 0.00 0.00 0.00 0.90 1.00 0.80 0.00 0.00 
 0.00 0.00 0.80 1.00 0.90 0.00 0.00 0.00 0.00 0.00 0.00 0.00 0.00 0.00 0.00 0.90 1.00 0.80 0.00 0.00 
 0.00 0.00 0.80 1.00 0.90 0.00 0.00 0.00 0.00 0.00 0.00 0.00 0.00 0.00 0.00 0.90 1.00 0.80 0.00 0.00 
 0.00 0.00 0.80 1.00 0.90 0.00 0.00 0.00 0.00 0.00 0.00 0.00 0.00 0.00 0.00 0.90 1.00 0.80 0.00 0.00 
 0.00 0.00 0.80 1.00 0.90 0.00 0.00 0.00 0.00 0.00 0.00 0.00 0.00 0.00 0.00 0.90 1.00 0.80 0.00 0.00 
 0.00 0.00 0.80 1.00 0.90 0.00 0.00 0.00 0.00 0.00 0.00 0.00 0.00 0.00 0.00 0.90 1.00 0.80 0.00 0.00 
 0.00 0.00 0.80 1.00 0.90 0.00 0.00 0.00 0.00 0.00 0.00 0.00 0.00 0.00 0.00 0.90 1.00 0.80 0.00 0.00 
 0.00 0.00 0.80 1.00 0.98 0.80 0.80 0.80 0.80 0.80 0.80 0.80 0.80 0.80 0.80 0.98 1.00 0.80 0.00 0.00 
 0.00 0.00 0.80 1.00 1.00 1.00 1.00 1.00 1.00 1.00 1.00 1.00 1.00 1.00 1.00 1.00 1.00 0.80 0.00 0.00 
 0.00 0.00 0.80 1.00 0.96 0.60 0.60 0.60 0.60 0.60 0.60 0.60 0.60 0.60 0.60 0.96 1.00 0.80 0.00 0.00 
 0.00 0.00 0.80 1.00 0.90 0.00 0.00 0.00 0.00 0.00 0.00 0.00 0.00 0.00 0.00 0.90 1.00 0.80 0.00 0.00 
 0.00 0.00 0.80 1.00 0.90 0.00 0.00 0.00 0.00 0.00 0.00 0.00 0.00 0.00 0.00 0.90 1.00 0.80 0.00 0.00 
 0.00 0.00 0.80 1.00 0.90 0.00 0.00 0.00 0.00 0.00 0.00 0.00 0.00 0.00 0.00 0.90 1.00 0.80 0.00 0.00 
 0.00 0.00 0.80 1.00 0.90 0.00 0.00 0.00 0.00 0.00 0.00 0.00 0.00 0.00 0.00 0.90 1.00 0.80 0.00 0.00 
 0.00 0.00 0.80 1.00 0.90 0.00 0.00 0.00 0.00 0.00 0.00 0.00 0.00 0.00 0.00 0.90 1.00 0.80 0.00 0.00 
 0.00 0.00 0.80 1.00 0.90 0.00 0.00 0.00 0.00 0.00 0.00 0.00 0.00 0.00 0.00 0.90 1.00 0.80 0.00 0.00 
 0.00 0.00 0.80 1.00 0.90 0.00 0.00 0.00 0.00 0.00 0.00 0.00 0.00 0.00 0.00 0.90 1.00 0.80 0.00 0.00 
 0.00 0.00 0.80 1.00 0.90 0.00 0.00 0.00 0.00 0.00 0.00 0.00 0.00 0.00 0.00 0.90 1.00 0.80 0.00 0.00 
 0.00 0.00 0.80 1.00 0.90 0.00 0.00 0.00 0.00 0.00 0.00 0.00 0.00 0.00 0.00 0.90 1.00 0.80 0.00 0.00 
 