0.00 0.00 0.89 1.00 0.78 0.00 0.00 0.00 0.00 0.00 0.00 0.00 0.00 0.00 0.00 0.78 1.00 0.89 0.00 0.00 
 0.00 0.00 0.89 1.00 0.78 0.00 0.00 0.00 0.00 0.00 0.00 0.00 0.00 0.00 0.00 0.78 1.00 0.89 0.00 0.00 
 0.00 0.00 0.89 1.00 0.78 0.00 0.00 0.00 0.00 0.00 0.00 0.00 0.00 0.00 0.00 0.78 1.00 0.89 0.00 0.00 
 0.00 0.00 0.89 1.00 0.78 0.00 0.00 0.00 0.00 0.00 0.00 0.00 0.00 0.00 0.00 0.78 1.00 0.89 0.00 0.00 
 0.00 0.00 0.89 1.00 0.78 0.00 0.00 0.00 0.00 0.00 0.00 0.00 0.00 0.00 0.00 0.78 1.00 0.89 0.00 0.00 
 0.00 0.00 0.89 1.00 0.78 0.00 0.00 0.00 0.00 0.00 0.00 0.00 0.00 0.00 0.00 0.78 1.00 0.89 0.00 0.00 
 0.00 0.00 0.89 1.00 0.78 0.00 0.00 0.00 0.00 0.00 0.00 0.00 0.00 0.00 0.00 0.78 1.00 0.89 0.00 0.00 
 0.00 0.00 0.89 1.00 0.78 0.00 0.00 0.00 0.00 0.00 0.00 0.00 0.00 0.00 0.00 0.78 1.00 0.89 0.00 0.00 
 0.00 0.00 0.89 1.00 0.98 0.89 0.89 0.89 0.89 0.89 0.89 0.89 0.89 0.89 0.89 0.98 1.00 0.89 0.00 0.00 
 0.00 0.00 0.89 1.00 1.00 1.00 1.00 1.00 1.00 1.00 1.00 1.00 1.00 1.00 1.00 1.00 1.00 0.89 0.00 0.00 
 0.00 0.00 0.89 1.00 0.90 0.56 0.56 0.56 0.56 0.56 0.56 0.56 0.56 0.56 0.56 0.90 1.00 0.89 0.00 0.00 
 0.00 0.00 0.89 1.00 0.78 0.00 0.00 0.00 0.00 0.00 0.00 0.00 0.00 0.00 0.00 0.78 1.00 0.89 0.00 0.00 
 0.00 0.00 0.89 1.00 0.78 0.00 0.00 0.00 0.00 0.00 0.00 0.00 0.00 0.00 0.00 0.78 1.00 0.89 0.00 0.00 
 0.00 0.00 0.89 1.00 0.78 0.00 0.00 0.00 0.00 0.00 0.00 0.00 0.00 0.00 0.00 0.78 1.00 0.89 0.00 0.00 
 0.00 0.00 0.89 1.00 0.78 0.00 0.00 0.00 0.00 0.00 0.00 0.00 0.00 0.00 0.00 0.78 1.00 0.89 0.00 0.00 
 0.00 0.00 0.89 1.00 0.78 0.00 0.00 0.00 0.00 0.00 0.00 0.00 0.00 0.00 0.00 0.78 1.00 0.89 0.00 0.00 
 0.00 0.00 0.89 1.00 0.78 0.00 0.00 0.00 0.00 0.00 0.00 0.00 0.00 0.00 0.00 0.78 1.00 0.89 0.00 0.00 
 0.00 0.00 0.89 1.00 0.78 0.00 0.00 0.00 0.00 0.00 0.00 0.00 0.00 0.00 0.00 0.78 1.00 0.89 0.00 0.00 
 0.00 0.00 0.89 1.00 0.78 0.00 0.00 0.00 0.00 0.00 0.00 0.00 0.00 0.00 0.00 0.78 1.00 0.89 0.00 0.00 
 0.00 0.00 0.89 1.00 0.78 0.00 0.00 0.00 0.00 0.00 0.00 0.00 0.00 0.00 0.00 0.78 1.00 0.89 0.00 0.00 
 