0.50 0.53 0.67 0.67 0.67 0.67 0.64 0.50 0.42 0.00 0.00 0.00 0.33 0.50 0.64 0.67 0.67 0.67 0.67 0.56 
 0.00 0.03 0.50 1.00 1.00 1.00 0.50 0.00 0.00 0.00 0.00 0.00 0.00 0.00 0.28 0.95 1.00 1.00 0.75 0.09 
 0.00 0.00 0.17 1.00 1.00 0.89 0.06 0.00 0.00 0.00 0.00 0.00 0.00 0.00 0.00 0.70 1.00 1.00 0.39 0.00 
 0.00 0.00 0.17 1.00 1.00 0.84 0.00 0.00 0.00 0.00 0.00 0.00 0.00 0.00 0.00 0.67 1.00 1.00 0.33 0.00 
 0.00 0.00 0.17 1.00 1.00 0.84 0.00 0.00 0.00 0.00 0.00 0.00 0.00 0.00 0.00 0.67 1.00 1.00 0.33 0.00 
 0.00 0.00 0.17 1.00 1.00 0.84 0.00 0.00 0.00 0.00 0.00 0.00 0.00 0.00 0.00 0.67 1.00 1.00 0.33 0.00 
 0.00 0.00 0.17 1.00 1.00 0.84 0.00 0.00 0.00 0.00 0.00 0.00 0.00 0.00 0.00 0.67 1.00 1.00 0.33 0.00 
 0.00 0.00 0.17 1.00 1.00 0.84 0.00 0.00 0.00 0.00 0.00 0.00 0.00 0.00 0.00 0.67 1.00 1.00 0.33 0.00 
 0.00 0.00 0.17 1.00 1.00 0.84 0.00 0.00 0.00 0.00 0.00 0.00 0.00 0.00 0.00 0.67 1.00 1.00 0.33 0.00 
 0.00 0.00 0.17 1.00 1.00 0.86 0.17 0.17 0.17 0.17 0.17 0.17 0.17 0.17 0.17 0.73 1.00 1.00 0.33 0.00 
 0.00 0.00 0.17 1.00 1.00 0.97 0.84 0.84 0.84 0.84 0.84 0.84 0.84 0.84 0.84 0.95 1.00 1.00 0.33 0.00 
 0.00 0.00 0.17 1.00 1.00 0.84 0.00 0.00 0.00 0.00 0.00 0.00 0.00 0.00 0.00 0.67 1.00 1.00 0.33 0.00 
 0.00 0.00 0.17 1.00 1.00 0.84 0.00 0.00 0.00 0.00 0.00 0.00 0.00 0.00 0.00 0.67 1.00 1.00 0.33 0.00 
 0.00 0.00 0.17 1.00 1.00 0.84 0.00 0.00 0.00 0.00 0.00 0.00 0.00 0.00 0.00 0.67 1.00 1.00 0.33 0.00 
 0.00 0.00 0.17 1.00 1.00 0.84 0.00 0.00 0.00 0.00 0.00 0.00 0.00 0.00 0.00 0.67 1.00 1.00 0.33 0.00 
 0.00 0.00 0.17 1.00 1.00 0.84 0.00 0.00 0.00 0.00 0.00 0.00 0.00 0.00 0.00 0.67 1.00 1.00 0.33 0.00 
 0.00 0.00 0.17 1.00 1.00 0.84 0.00 0.00 0.00 0.00 0.00 0.00 0.00 0.00 0.00 0.67 1.00 1.00 0.33 0.00 
 0.00 0.00 0.17 1.00 1.00 0.84 0.00 0.00 0.00 0.00 0.00 0.00 0.00 0.00 0.00 0.67 1.00 1.00 0.33 0.00 
 0.00 0.00 0.17 1.00 1.00 0.84 0.00 0.00 0.00 0.00 0.00 0.00 0.00 0.00 0.00 0.73 1.00 1.00 0.36 0.00 
 0.00 0.00 0.28 1.00 1.00 0.97 0.22 0.00 0.00 0.00 0.00 0.00 0.00 0.00 0.11 0.95 1.00 1.00 0.58 0.00 
 