0.00 0.06 0.88 1.00 1.00 1.00 1.00 0.91 0.06 0.00 0.00 0.09 0.94 1.00 1.00 1.00 1.00 0.82 0.00 0.00 
 0.00 0.00 0.27 0.45 1.00 0.53 0.38 0.30 0.00 0.00 0.00 0.02 0.31 0.38 0.53 1.00 0.45 0.27 0.00 0.00 
 0.00 0.00 0.00 0.13 1.00 0.25 0.00 0.00 0.00 0.00 0.00 0.00 0.00 0.00 0.25 1.00 0.13 0.00 0.00 0.00 
 0.00 0.00 0.00 0.13 1.00 0.25 0.00 0.00 0.00 0.00 0.00 0.00 0.00 0.00 0.25 1.00 0.13 0.00 0.00 0.00 
 0.00 0.00 0.00 0.13 1.00 0.25 0.00 0.00 0.00 0.00 0.00 0.00 0.00 0.00 0.25 1.00 0.13 0.00 0.00 0.00 
 0.00 0.00 0.00 0.13 1.00 0.25 0.00 0.00 0.00 0.00 0.00 0.00 0.00 0.00 0.25 1.00 0.13 0.00 0.00 0.00 
 0.00 0.00 0.00 0.13 1.00 0.25 0.00 0.00 0.00 0.00 0.00 0.00 0.00 0.00 0.25 1.00 0.13 0.00 0.00 0.00 
 0.00 0.00 0.00 0.13 1.00 0.25 0.00 0.00 0.00 0.00 0.00 0.00 0.00 0.00 0.25 1.00 0.13 0.00 0.00 0.00 
 0.00 0.00 0.00 0.13 1.00 0.35 0.13 0.13 0.13 0.13 0.13 0.13 0.13 0.13 0.35 1.00 0.13 0.00 0.00 0.00 
 0.00 0.00 0.00 0.13 1.00 1.00 1.00 1.00 1.00 1.00 1.00 1.00 1.00 1.00 1.00 1.00 0.13 0.00 0.00 0.00 
 0.00 0.00 0.00 0.13 1.00 0.53 0.38 0.38 0.38 0.38 0.38 0.38 0.38 0.38 0.53 1.00 0.13 0.00 0.00 0.00 
 0.00 0.00 0.00 0.13 1.00 0.25 0.00 0.00 0.00 0.00 0.00 0.00 0.00 0.00 0.25 1.00 0.13 0.00 0.00 0.00 
 0.00 0.00 0.00 0.13 1.00 0.25 0.00 0.00 0.00 0.00 0.00 0.00 0.00 0.00 0.25 1.00 0.13 0.00 0.00 0.00 
 0.00 0.00 0.00 0.13 1.00 0.25 0.00 0.00 0.00 0.00 0.00 0.00 0.00 0.00 0.25 1.00 0.13 0.00 0.00 0.00 
 0.00 0.00 0.00 0.13 1.00 0.25 0.00 0.00 0.00 0.00 0.00 0.00 0.00 0.00 0.25 1.00 0.13 0.00 0.00 0.00 
 0.00 0.00 0.00 0.13 1.00 0.25 0.00 0.00 0.00 0.00 0.00 0.00 0.00 0.00 0.25 1.00 0.13 0.00 0.00 0.00 
 0.00 0.00 0.00 0.13 1.00 0.25 0.00 0.00 0.00 0.00 0.00 0.00 0.00 0.00 0.25 1.00 0.13 0.00 0.00 0.00 
 0.00 0.00 0.00 0.13 1.00 0.25 0.00 0.00 0.00 0.00 0.00 0.00 0.00 0.00 0.25 1.00 0.13 0.00 0.00 0.00 
 0.00 0.19 0.38 0.45 1.00 0.53 0.38 0.31 0.02 0.00 0.00 0.02 0.31 0.38 0.53 1.00 0.45 0.38 0.19 0.00 
 0.00 0.63 1.00 1.00 1.00 1.00 1.00 0.91 0.06 0.00 0.00 0.09 0.94 1.00 1.00 1.00 1.00 1.00 0.63 0.00 
 