0.00 0.00 0.60 1.00 1.00 0.10 0.00 0.00 0.00 0.00 0.00 0.00 0.00 0.00 0.00 0.70 1.00 0.90 0.00 0.00 
 0.00 0.00 0.60 1.00 1.00 0.10 0.00 0.00 0.00 0.00 0.00 0.00 0.00 0.00 0.00 0.70 1.00 0.90 0.00 0.00 
 0.00 0.00 0.60 1.00 1.00 0.10 0.00 0.00 0.00 0.00 0.00 0.00 0.00 0.00 0.00 0.70 1.00 0.90 0.00 0.00 
 0.00 0.00 0.60 1.00 1.00 0.10 0.00 0.00 0.00 0.00 0.00 0.00 0.00 0.00 0.00 0.70 1.00 0.90 0.00 0.00 
 0.00 0.00 0.60 1.00 1.00 0.10 0.00 0.00 0.00 0.00 0.00 0.00 0.00 0.00 0.00 0.70 1.00 0.90 0.00 0.00 
 0.00 0.00 0.60 1.00 1.00 0.10 0.00 0.00 0.00 0.00 0.00 0.00 0.00 0.00 0.00 0.70 1.00 0.90 0.00 0.00 
 0.00 0.00 0.60 1.00 1.00 0.10 0.00 0.00 0.00 0.00 0.00 0.00 0.00 0.00 0.00 0.70 1.00 0.90 0.00 0.00 
 0.00 0.00 0.60 1.00 1.00 0.19 0.10 0.10 0.10 0.10 0.10 0.10 0.10 0.10 0.10 0.73 1.00 0.90 0.00 0.00 
 0.00 0.00 0.60 1.00 1.00 1.00 1.00 1.00 1.00 1.00 1.00 1.00 1.00 1.00 1.00 1.00 1.00 0.90 0.00 0.00 
 0.00 0.00 0.60 1.00 1.00 1.00 1.00 1.00 1.00 1.00 1.00 1.00 1.00 1.00 1.00 1.00 1.00 0.90 0.00 0.00 
 0.00 0.00 0.60 1.00 1.00 0.46 0.40 0.40 0.40 0.40 0.40 0.40 0.40 0.40 0.40 0.82 1.00 0.90 0.00 0.00 
 0.00 0.00 0.60 1.00 1.00 0.10 0.00 0.00 0.00 0.00 0.00 0.00 0.00 0.00 0.00 0.70 1.00 0.90 0.00 0.00 
 0.00 0.00 0.60 1.00 1.00 0.10 0.00 0.00 0.00 0.00 0.00 0.00 0.00 0.00 0.00 0.70 1.00 0.90 0.00 0.00 
 0.00 0.00 0.60 1.00 1.00 0.10 0.00 0.00 0.00 0.00 0.00 0.00 0.00 0.00 0.00 0.70 1.00 0.90 0.00 0.00 
 0.00 0.00 0.60 1.00 1.00 0.10 0.00 0.00 0.00 0.00 0.00 0.00 0.00 0.00 0.00 0.70 1.00 0.90 0.00 0.00 
 0.00 0.00 0.60 1.00 1.00 0.10 0.00 0.00 0.00 0.00 0.00 0.00 0.00 0.00 0.00 0.70 1.00 0.90 0.00 0.00 
 0.00 0.00 0.60 1.00 1.00 0.10 0.00 0.00 0.00 0.00 0.00 0.00 0.00 0.00 0.00 0.70 1.00 0.90 0.00 0.00 
 0.00 0.00 0.60 1.00 1.00 0.10 0.00 0.00 0.00 0.00 0.00 0.00 0.00 0.00 0.00 0.70 1.00 0.90 0.00 0.00 
 0.00 0.00 0.60 1.00 1.00 0.10 0.00 0.00 0.00 0.00 0.00 0.00 0.00 0.00 0.00 0.70 1.00 0.90 0.00 0.00 
 0.00 0.00 0.60 1.00 1.00 0.10 0.00 0.00 0.00 0.00 0.00 0.00 0.00 0.00 0.00 0.70 1.00 0.90 0.00 0.00 
 