0.00 0.00 0.18 0.82 1.00 1.00 1.00 1.00 0.72 0.00 0.00 0.00 0.00 0.00 0.00 0.00 0.00 0.00 0.00 0.00 
 0.00 0.00 0.00 0.04 0.88 1.00 1.00 1.00 0.72 0.00 0.00 0.00 0.00 0.00 0.00 0.00 0.00 0.00 0.00 0.00 
 0.00 0.00 0.00 0.00 0.72 1.00 1.00 1.00 0.72 0.00 0.00 0.00 0.00 0.00 0.00 0.00 0.00 0.00 0.00 0.00 
 0.00 0.00 0.00 0.00 0.72 1.00 1.00 1.00 0.72 0.00 0.00 0.00 0.00 0.00 0.00 0.00 0.00 0.00 0.00 0.00 
 0.00 0.00 0.00 0.00 0.72 1.00 1.00 1.00 0.72 0.00 0.00 0.00 0.00 0.00 0.00 0.00 0.00 0.00 0.00 0.00 
 0.00 0.00 0.00 0.00 0.72 1.00 1.00 1.00 0.72 0.00 0.00 0.00 0.00 0.00 0.00 0.00 0.00 0.00 0.00 0.00 
 0.00 0.00 0.00 0.00 0.72 1.00 1.00 1.00 0.72 0.00 0.16 0.57 0.82 0.84 0.55 0.11 0.00 0.00 0.00 0.00 
 0.00 0.00 0.00 0.00 0.72 1.00 1.00 1.00 0.72 0.33 0.94 1.00 1.00 1.00 1.00 0.86 0.11 0.00 0.00 0.00 
 0.00 0.00 0.00 0.00 0.72 1.00 1.00 1.00 0.92 0.88 0.41 0.35 0.92 1.00 1.00 1.00 0.57 0.00 0.00 0.00 
 0.00 0.00 0.00 0.00 0.72 1.00 1.00 1.00 0.96 0.23 0.00 0.00 0.55 1.00 1.00 1.00 0.82 0.00 0.00 0.00 
 0.00 0.00 0.00 0.00 0.72 1.00 1.00 1.00 0.74 0.00 0.00 0.00 0.43 1.00 1.00 1.00 0.86 0.00 0.00 0.00 
 0.00 0.00 0.00 0.00 0.72 1.00 1.00 1.00 0.72 0.00 0.00 0.00 0.43 1.00 1.00 1.00 0.86 0.00 0.00 0.00 
 0.00 0.00 0.00 0.00 0.72 1.00 1.00 1.00 0.72 0.00 0.00 0.00 0.43 1.00 1.00 1.00 0.86 0.00 0.00 0.00 
 0.00 0.00 0.00 0.00 0.72 1.00 1.00 1.00 0.72 0.00 0.00 0.00 0.43 1.00 1.00 1.00 0.86 0.00 0.00 0.00 
 0.00 0.00 0.00 0.00 0.72 1.00 1.00 1.00 0.72 0.00 0.00 0.00 0.43 1.00 1.00 1.00 0.86 0.00 0.00 0.00 
 0.00 0.00 0.00 0.00 0.72 1.00 1.00 1.00 0.72 0.00 0.00 0.00 0.43 1.00 1.00 1.00 0.86 0.00 0.00 0.00 
 0.00 0.00 0.00 0.00 0.72 1.00 1.00 1.00 0.72 0.00 0.00 0.00 0.43 1.00 1.00 1.00 0.86 0.00 0.00 0.00 
 0.00 0.00 0.00 0.00 0.72 1.00 1.00 1.00 0.72 0.00 0.00 0.00 0.43 1.00 1.00 1.00 0.86 0.00 0.00 0.00 
 0.00 0.00 0.00 0.00 0.72 1.00 1.00 1.00 0.72 0.00 0.00 0.00 0.43 1.00 1.00 1.00 0.86 0.00 0.00 0.00 
 0.00 0.00 0.00 0.00 0.80 1.00 1.00 1.00 0.80 0.00 0.00 0.00 0.53 1.00 1.00 1.00 0.94 0.08 0.00 0.00 
 