0.81 1.00 1.00 1.00 1.00 0.89 0.09 0.00 0.00 0.00 0.00 0.00 0.00 0.00 0.06 0.84 1.00 1.00 1.00 1.00 
 0.22 0.67 1.00 1.00 0.84 0.31 0.00 0.00 0.00 0.00 0.00 0.00 0.00 0.00 0.00 0.25 0.67 1.00 1.00 0.89 
 0.00 0.17 1.00 1.00 0.50 0.00 0.00 0.00 0.00 0.00 0.00 0.00 0.00 0.00 0.00 0.00 0.17 1.00 1.00 0.50 
 0.00 0.17 1.00 1.00 0.50 0.00 0.00 0.00 0.00 0.00 0.00 0.00 0.00 0.00 0.00 0.00 0.17 1.00 1.00 0.50 
 0.00 0.17 1.00 1.00 0.50 0.00 0.00 0.00 0.00 0.00 0.00 0.00 0.00 0.00 0.00 0.00 0.17 1.00 1.00 0.50 
 0.00 0.17 1.00 1.00 0.50 0.00 0.00 0.00 0.00 0.00 0.00 0.00 0.00 0.00 0.00 0.00 0.17 1.00 1.00 0.50 
 0.00 0.17 1.00 1.00 0.50 0.00 0.00 0.00 0.00 0.00 0.00 0.00 0.00 0.00 0.00 0.00 0.17 1.00 1.00 0.50 
 0.00 0.17 1.00 1.00 0.50 0.00 0.00 0.00 0.00 0.00 0.00 0.00 0.00 0.00 0.00 0.00 0.17 1.00 1.00 0.50 
 0.00 0.17 1.00 1.00 0.58 0.17 0.17 0.17 0.17 0.17 0.17 0.17 0.17 0.17 0.17 0.17 0.31 1.00 1.00 0.50 
 0.00 0.17 1.00 1.00 1.00 1.00 1.00 1.00 1.00 1.00 1.00 1.00 1.00 1.00 1.00 1.00 1.00 1.00 1.00 0.50 
 0.00 0.17 1.00 1.00 0.67 0.33 0.33 0.33 0.33 0.33 0.33 0.33 0.33 0.33 0.33 0.33 0.45 1.00 1.00 0.50 
 0.00 0.17 1.00 1.00 0.50 0.00 0.00 0.00 0.00 0.00 0.00 0.00 0.00 0.00 0.00 0.00 0.17 1.00 1.00 0.50 
 0.00 0.17 1.00 1.00 0.50 0.00 0.00 0.00 0.00 0.00 0.00 0.00 0.00 0.00 0.00 0.00 0.17 1.00 1.00 0.50 
 0.00 0.17 1.00 1.00 0.50 0.00 0.00 0.00 0.00 0.00 0.00 0.00 0.00 0.00 0.00 0.00 0.17 1.00 1.00 0.50 
 0.00 0.17 1.00 1.00 0.50 0.00 0.00 0.00 0.00 0.00 0.00 0.00 0.00 0.00 0.00 0.00 0.17 1.00 1.00 0.50 
 0.00 0.17 1.00 1.00 0.50 0.00 0.00 0.00 0.00 0.00 0.00 0.00 0.00 0.00 0.00 0.00 0.17 1.00 1.00 0.50 
 0.00 0.17 1.00 1.00 0.50 0.00 0.00 0.00 0.00 0.00 0.00 0.00 0.00 0.00 0.00 0.00 0.17 1.00 1.00 0.50 
 0.00 0.17 1.00 1.00 0.50 0.00 0.00 0.00 0.00 0.00 0.00 0.00 0.00 0.00 0.00 0.00 0.17 1.00 1.00 0.50 
 0.00 0.17 1.00 1.00 0.50 0.00 0.00 0.00 0.00 0.00 0.00 0.00 0.00 0.00 0.00 0.00 0.17 1.00 1.00 0.50 
 0.11 0.58 1.00 1.00 0.75 0.17 0.00 0.00 0.00 0.00 0.00 0.00 0.00 0.00 0.00 0.11 0.58 1.00 1.00 0.81 
 