0.00 0.00 0.00 0.00 0.00 0.90 1.00 0.10 0.00 0.00 0.00 0.00 0.00 0.00 0.00 0.00 0.00 0.00 0.00 0.00 
 0.00 0.00 0.00 0.00 0.00 0.90 1.00 0.10 0.00 0.00 0.00 0.00 0.00 0.00 0.00 0.00 0.00 0.00 0.00 0.00 
 0.00 0.00 0.00 0.00 0.00 0.90 1.00 0.10 0.00 0.00 0.00 0.00 0.00 0.00 0.00 0.00 0.00 0.00 0.00 0.00 
 0.00 0.00 0.00 0.00 0.00 0.90 1.00 0.10 0.00 0.00 0.00 0.00 0.00 0.00 0.00 0.00 0.00 0.00 0.00 0.00 
 0.00 0.00 0.00 0.00 0.00 0.90 1.00 0.10 0.00 0.00 0.00 0.00 0.00 0.00 0.00 0.00 0.00 0.00 0.00 0.00 
 0.00 0.00 0.00 0.00 0.00 0.90 1.00 0.10 0.20 0.63 0.80 0.73 0.43 0.03 0.00 0.00 0.00 0.00 0.00 0.00 
 0.00 0.00 0.00 0.00 0.00 0.90 1.00 0.47 0.98 1.00 1.00 1.00 1.00 0.70 0.01 0.00 0.00 0.00 0.00 0.00 
 0.00 0.00 0.00 0.00 0.00 0.90 1.00 0.99 0.85 0.41 0.32 0.62 0.99 1.00 0.32 0.00 0.00 0.00 0.00 0.00 
 0.00 0.00 0.00 0.00 0.00 0.90 1.00 0.85 0.06 0.00 0.00 0.00 0.66 1.00 0.60 0.00 0.00 0.00 0.00 0.00 
 0.00 0.00 0.00 0.00 0.00 0.90 1.00 0.42 0.00 0.00 0.00 0.00 0.32 1.00 0.74 0.00 0.00 0.00 0.00 0.00 
 0.00 0.00 0.00 0.00 0.00 0.90 1.00 0.21 0.00 0.00 0.00 0.00 0.20 1.00 0.80 0.00 0.00 0.00 0.00 0.00 
 0.00 0.00 0.00 0.00 0.00 0.90 1.00 0.10 0.00 0.00 0.00 0.00 0.20 1.00 0.80 0.00 0.00 0.00 0.00 0.00 
 0.00 0.00 0.00 0.00 0.00 0.90 1.00 0.10 0.00 0.00 0.00 0.00 0.20 1.00 0.80 0.00 0.00 0.00 0.00 0.00 
 0.00 0.00 0.00 0.00 0.00 0.90 1.00 0.10 0.00 0.00 0.00 0.00 0.20 1.00 0.80 0.00 0.00 0.00 0.00 0.00 
 0.00 0.00 0.00 0.00 0.00 0.90 1.00 0.10 0.00 0.00 0.00 0.00 0.20 1.00 0.80 0.00 0.00 0.00 0.00 0.00 
 0.00 0.00 0.00 0.00 0.00 0.90 1.00 0.10 0.00 0.00 0.00 0.00 0.20 1.00 0.80 0.00 0.00 0.00 0.00 0.00 
 0.00 0.00 0.00 0.00 0.00 0.90 1.00 0.10 0.00 0.00 0.00 0.00 0.20 1.00 0.80 0.00 0.00 0.00 0.00 0.00 
 0.00 0.00 0.00 0.00 0.00 0.90 1.00 0.10 0.00 0.00 0.00 0.00 0.20 1.00 0.80 0.00 0.00 0.00 0.00 0.00 
 0.00 0.00 0.00 0.00 0.00 0.90 1.00 0.10 0.00 0.00 0.00 0.00 0.20 1.00 0.80 0.00 0.00 0.00 0.00 0.00 
 0.00 0.00 0.00 0.00 0.00 0.90 1.00 0.10 0.00 0.00 0.00 0.00 0.20 1.00 0.80 0.00 0.00 0.00 0.00 0.00 
 