0.45 0.53 0.67 0.67 0.67 0.67 0.65 0.51 0.40 0.00 0.00 0.00 0.25 0.47 0.62 0.67 0.67 0.67 0.67 0.60 
 0.00 0.02 0.48 1.00 1.00 0.99 0.37 0.00 0.00 0.00 0.00 0.00 0.00 0.00 0.16 0.90 1.00 1.00 0.76 0.05 
 0.00 0.00 0.11 1.00 1.00 0.89 0.00 0.00 0.00 0.00 0.00 0.00 0.00 0.00 0.00 0.62 1.00 1.00 0.40 0.00 
 0.00 0.00 0.11 1.00 1.00 0.89 0.00 0.00 0.00 0.00 0.00 0.00 0.00 0.00 0.00 0.56 1.00 1.00 0.33 0.00 
 0.00 0.00 0.11 1.00 1.00 0.89 0.00 0.00 0.00 0.00 0.00 0.00 0.00 0.00 0.00 0.56 1.00 1.00 0.33 0.00 
 0.00 0.00 0.11 1.00 1.00 0.89 0.00 0.00 0.00 0.00 0.00 0.00 0.00 0.00 0.00 0.56 1.00 1.00 0.33 0.00 
 0.00 0.00 0.11 1.00 1.00 0.89 0.00 0.00 0.00 0.00 0.00 0.00 0.00 0.00 0.00 0.56 1.00 1.00 0.33 0.00 
 0.00 0.00 0.11 1.00 1.00 0.89 0.00 0.00 0.00 0.00 0.00 0.00 0.00 0.00 0.00 0.56 1.00 1.00 0.33 0.00 
 0.00 0.00 0.11 1.00 1.00 0.89 0.00 0.00 0.00 0.00 0.00 0.00 0.00 0.00 0.00 0.56 1.00 1.00 0.33 0.00 
 0.00 0.00 0.11 1.00 1.00 0.90 0.11 0.11 0.11 0.11 0.11 0.11 0.11 0.11 0.11 0.61 1.00 1.00 0.33 0.00 
 0.00 0.00 0.11 1.00 1.00 0.99 0.89 0.89 0.89 0.89 0.89 0.89 0.89 0.89 0.89 0.95 1.00 1.00 0.33 0.00 
 0.00 0.00 0.11 1.00 1.00 0.89 0.00 0.00 0.00 0.00 0.00 0.00 0.00 0.00 0.00 0.56 1.00 1.00 0.33 0.00 
 0.00 0.00 0.11 1.00 1.00 0.89 0.00 0.00 0.00 0.00 0.00 0.00 0.00 0.00 0.00 0.56 1.00 1.00 0.33 0.00 
 0.00 0.00 0.11 1.00 1.00 0.89 0.00 0.00 0.00 0.00 0.00 0.00 0.00 0.00 0.00 0.56 1.00 1.00 0.33 0.00 
 0.00 0.00 0.11 1.00 1.00 0.89 0.00 0.00 0.00 0.00 0.00 0.00 0.00 0.00 0.00 0.56 1.00 1.00 0.33 0.00 
 0.00 0.00 0.11 1.00 1.00 0.89 0.00 0.00 0.00 0.00 0.00 0.00 0.00 0.00 0.00 0.56 1.00 1.00 0.33 0.00 
 0.00 0.00 0.11 1.00 1.00 0.89 0.00 0.00 0.00 0.00 0.00 0.00 0.00 0.00 0.00 0.56 1.00 1.00 0.33 0.00 
 0.00 0.00 0.11 1.00 1.00 0.89 0.00 0.00 0.00 0.00 0.00 0.00 0.00 0.00 0.00 0.56 1.00 1.00 0.33 0.00 
 0.00 0.00 0.11 1.00 1.00 0.89 0.00 0.00 0.00 0.00 0.00 0.00 0.00 0.00 0.00 0.61 1.00 1.00 0.36 0.00 
 0.00 0.00 0.29 1.00 1.00 0.95 0.14 0.00 0.00 0.00 0.00 0.00 0.00 0.00 0.03 0.83 1.00 1.00 0.58 0.00 
 