0.00 0.00 0.00 0.00 0.67 1.00 0.84 0.00 0.00 0.00 0.00 0.00 0.00 0.00 0.00 0.00 0.00 0.00 0.00 0.00 
 0.00 0.00 0.00 0.00 0.67 1.00 0.84 0.00 0.00 0.00 0.00 0.00 0.00 0.00 0.00 0.00 0.00 0.00 0.00 0.00 
 0.00 0.00 0.00 0.00 0.67 1.00 0.84 0.00 0.00 0.00 0.00 0.00 0.00 0.00 0.00 0.00 0.00 0.00 0.00 0.00 
 0.00 0.00 0.00 0.00 0.67 1.00 0.84 0.00 0.00 0.00 0.00 0.00 0.00 0.00 0.00 0.00 0.00 0.00 0.00 0.00 
 0.00 0.00 0.00 0.00 0.67 1.00 0.84 0.00 0.00 0.00 0.00 0.00 0.00 0.00 0.00 0.00 0.00 0.00 0.00 0.00 
 0.00 0.00 0.00 0.00 0.67 1.00 0.84 0.00 0.00 0.09 0.22 0.33 0.31 0.17 0.06 0.00 0.00 0.00 0.00 0.00 
 0.00 0.00 0.00 0.00 0.67 1.00 0.84 0.03 0.45 0.92 1.00 1.00 1.00 1.00 0.86 0.33 0.00 0.00 0.00 0.00 
 0.00 0.00 0.00 0.00 0.67 1.00 0.86 0.61 1.00 1.00 0.89 0.84 0.97 1.00 1.00 0.97 0.33 0.00 0.00 0.00 
 0.00 0.00 0.00 0.00 0.67 1.00 1.00 1.00 0.81 0.31 0.06 0.00 0.17 0.67 1.00 1.00 0.81 0.00 0.00 0.00 
 0.00 0.00 0.00 0.00 0.67 1.00 1.00 0.84 0.09 0.00 0.00 0.00 0.00 0.06 0.81 1.00 0.95 0.11 0.00 0.00 
 0.00 0.00 0.00 0.00 0.67 1.00 1.00 0.39 0.00 0.00 0.00 0.00 0.00 0.00 0.47 1.00 1.00 0.28 0.00 0.00 
 0.00 0.00 0.00 0.00 0.67 1.00 0.97 0.14 0.00 0.00 0.00 0.00 0.00 0.00 0.33 1.00 1.00 0.33 0.00 0.00 
 0.00 0.00 0.00 0.00 0.67 1.00 0.84 0.00 0.00 0.00 0.00 0.00 0.00 0.00 0.33 1.00 1.00 0.33 0.00 0.00 
 0.00 0.00 0.00 0.00 0.67 1.00 0.84 0.00 0.00 0.00 0.00 0.00 0.00 0.00 0.33 1.00 1.00 0.33 0.00 0.00 
 0.00 0.00 0.00 0.00 0.67 1.00 0.84 0.00 0.00 0.00 0.00 0.00 0.00 0.00 0.33 1.00 1.00 0.33 0.00 0.00 
 0.00 0.00 0.00 0.00 0.67 1.00 0.84 0.00 0.00 0.00 0.00 0.00 0.00 0.00 0.33 1.00 1.00 0.33 0.00 0.00 
 0.00 0.00 0.00 0.00 0.67 1.00 0.84 0.00 0.00 0.00 0.00 0.00 0.00 0.00 0.33 1.00 1.00 0.33 0.00 0.00 
 0.00 0.00 0.00 0.00 0.67 1.00 0.84 0.00 0.00 0.00 0.00 0.00 0.00 0.00 0.33 1.00 1.00 0.33 0.00 0.00 
 0.00 0.00 0.00 0.00 0.67 1.00 0.84 0.00 0.00 0.00 0.00 0.00 0.00 0.00 0.33 1.00 1.00 0.33 0.00 0.00 
 0.00 0.00 0.00 0.00 0.67 1.00 0.84 0.00 0.00 0.00 0.00 0.00 0.00 0.00 0.33 1.00 1.00 0.33 0.00 0.00 
 