0.60 0.60 0.60 0.60 0.60 0.60 0.60 0.60 0.06 0.00 0.00 0.00 0.54 0.60 0.60 0.60 0.60 0.60 0.60 0.60 
 0.47 0.76 0.99 1.00 1.00 0.97 0.67 0.46 0.04 0.00 0.00 0.00 0.42 0.73 0.98 1.00 1.00 0.99 0.71 0.48 
 0.00 0.00 0.59 1.00 1.00 0.60 0.00 0.00 0.00 0.00 0.00 0.00 0.00 0.00 0.49 1.00 1.00 0.70 0.00 0.00 
 0.00 0.00 0.40 1.00 1.00 0.50 0.00 0.00 0.00 0.00 0.00 0.00 0.00 0.00 0.30 1.00 1.00 0.60 0.00 0.00 
 0.00 0.00 0.40 1.00 1.00 0.50 0.00 0.00 0.00 0.00 0.00 0.00 0.00 0.00 0.30 1.00 1.00 0.60 0.00 0.00 
 0.00 0.00 0.40 1.00 1.00 0.50 0.00 0.00 0.00 0.00 0.00 0.00 0.00 0.00 0.30 1.00 1.00 0.60 0.00 0.00 
 0.00 0.00 0.40 1.00 1.00 0.50 0.00 0.00 0.00 0.00 0.00 0.00 0.00 0.00 0.30 1.00 1.00 0.60 0.00 0.00 
 0.00 0.00 0.40 1.00 1.00 0.50 0.00 0.00 0.00 0.00 0.00 0.00 0.00 0.00 0.30 1.00 1.00 0.60 0.00 0.00 
 0.00 0.00 0.40 1.00 1.00 0.50 0.00 0.00 0.00 0.00 0.00 0.00 0.00 0.00 0.30 1.00 1.00 0.60 0.00 0.00 
 0.00 0.00 0.40 1.00 1.00 0.95 0.90 0.90 0.90 0.90 0.90 0.90 0.90 0.90 0.93 1.00 1.00 0.60 0.00 0.00 
 0.00 0.00 0.40 1.00 1.00 0.65 0.30 0.30 0.30 0.30 0.30 0.30 0.30 0.30 0.51 1.00 1.00 0.60 0.00 0.00 
 0.00 0.00 0.40 1.00 1.00 0.50 0.00 0.00 0.00 0.00 0.00 0.00 0.00 0.00 0.30 1.00 1.00 0.60 0.00 0.00 
 0.00 0.00 0.40 1.00 1.00 0.50 0.00 0.00 0.00 0.00 0.00 0.00 0.00 0.00 0.30 1.00 1.00 0.60 0.00 0.00 
 0.00 0.00 0.40 1.00 1.00 0.50 0.00 0.00 0.00 0.00 0.00 0.00 0.00 0.00 0.30 1.00 1.00 0.60 0.00 0.00 
 0.00 0.00 0.40 1.00 1.00 0.50 0.00 0.00 0.00 0.00 0.00 0.00 0.00 0.00 0.30 1.00 1.00 0.60 0.00 0.00 
 0.00 0.00 0.40 1.00 1.00 0.50 0.00 0.00 0.00 0.00 0.00 0.00 0.00 0.00 0.30 1.00 1.00 0.60 0.00 0.00 
 0.00 0.00 0.40 1.00 1.00 0.50 0.00 0.00 0.00 0.00 0.00 0.00 0.00 0.00 0.30 1.00 1.00 0.60 0.00 0.00 
 0.00 0.00 0.44 1.00 1.00 0.58 0.00 0.00 0.00 0.00 0.00 0.00 0.00 0.00 0.34 1.00 1.00 0.68 0.00 0.00 
 0.24 0.38 0.88 1.00 1.00 0.96 0.53 0.27 0.02 0.00 0.00 0.00 0.21 0.35 0.83 1.00 1.00 0.98 0.57 0.29 
 0.80 0.80 0.80 0.80 0.80 0.80 0.80 0.80 0.08 0.00 0.00 0.00 0.72 0.80 0.80 0.80 0.80 0.80 0.80 0.80 
 