0.35 0.79 0.98 1.00 1.00 0.89 0.65 0.00 0.00 0.00 0.00 0.00 0.00 0.57 0.89 1.00 1.00 0.98 0.81 0.42 
 0.00 0.00 0.40 1.00 0.81 0.03 0.00 0.00 0.00 0.00 0.00 0.00 0.00 0.00 0.03 0.75 1.00 0.45 0.00 0.00 
 0.00 0.00 0.20 1.00 0.60 0.00 0.00 0.00 0.00 0.00 0.00 0.00 0.00 0.00 0.00 0.50 1.00 0.20 0.00 0.00 
 0.00 0.00 0.20 1.00 0.60 0.00 0.00 0.00 0.00 0.00 0.00 0.00 0.00 0.00 0.00 0.50 1.00 0.20 0.00 0.00 
 0.00 0.00 0.20 1.00 0.60 0.00 0.00 0.00 0.00 0.00 0.00 0.00 0.00 0.00 0.00 0.50 1.00 0.20 0.00 0.00 
 0.00 0.00 0.20 1.00 0.60 0.00 0.00 0.00 0.00 0.00 0.00 0.00 0.00 0.00 0.00 0.50 1.00 0.20 0.00 0.00 
 0.00 0.00 0.20 1.00 0.60 0.00 0.00 0.00 0.00 0.00 0.00 0.00 0.00 0.00 0.00 0.50 1.00 0.20 0.00 0.00 
 0.00 0.00 0.20 1.00 0.60 0.00 0.00 0.00 0.00 0.00 0.00 0.00 0.00 0.00 0.00 0.50 1.00 0.20 0.00 0.00 
 0.00 0.00 0.20 1.00 0.60 0.00 0.00 0.00 0.00 0.00 0.00 0.00 0.00 0.00 0.00 0.50 1.00 0.20 0.00 0.00 
 0.00 0.00 0.20 1.00 0.80 0.50 0.50 0.50 0.50 0.50 0.50 0.50 0.50 0.50 0.50 0.75 1.00 0.20 0.00 0.00 
 0.00 0.00 0.20 1.00 0.68 0.20 0.20 0.20 0.20 0.20 0.20 0.20 0.20 0.20 0.20 0.60 1.00 0.20 0.00 0.00 
 0.00 0.00 0.20 1.00 0.60 0.00 0.00 0.00 0.00 0.00 0.00 0.00 0.00 0.00 0.00 0.50 1.00 0.20 0.00 0.00 
 0.00 0.00 0.20 1.00 0.60 0.00 0.00 0.00 0.00 0.00 0.00 0.00 0.00 0.00 0.00 0.50 1.00 0.20 0.00 0.00 
 0.00 0.00 0.20 1.00 0.60 0.00 0.00 0.00 0.00 0.00 0.00 0.00 0.00 0.00 0.00 0.50 1.00 0.20 0.00 0.00 
 0.00 0.00 0.20 1.00 0.60 0.00 0.00 0.00 0.00 0.00 0.00 0.00 0.00 0.00 0.00 0.50 1.00 0.20 0.00 0.00 
 0.00 0.00 0.20 1.00 0.60 0.00 0.00 0.00 0.00 0.00 0.00 0.00 0.00 0.00 0.00 0.50 1.00 0.20 0.00 0.00 
 0.00 0.00 0.20 1.00 0.60 0.00 0.00 0.00 0.00 0.00 0.00 0.00 0.00 0.00 0.00 0.50 1.00 0.20 0.00 0.00 
 0.00 0.00 0.20 1.00 0.60 0.00 0.00 0.00 0.00 0.00 0.00 0.00 0.00 0.00 0.00 0.50 1.00 0.20 0.00 0.00 
 0.00 0.00 0.36 1.00 0.73 0.00 0.00 0.00 0.00 0.00 0.00 0.00 0.00 0.00 0.01 0.68 1.00 0.36 0.00 0.00 
 0.25 0.60 0.95 1.00 0.99 0.72 0.46 0.00 0.00 0.00 0.00 0.00 0.00 0.41 0.73 1.00 1.00 0.94 0.60 0.30 
 