0.00 0.00 0.00 0.01 0.18 0.54 0.60 0.00 0.00 0.00 0.00 0.00 0.00 0.00 0.00 0.00 0.00 0.00 0.00 0.00 
 0.00 0.00 0.00 0.50 0.94 1.00 0.70 0.00 0.00 0.00 0.00 0.00 0.00 0.00 0.00 0.00 0.00 0.00 0.00 0.00 
 0.00 0.00 0.00 0.00 0.18 1.00 0.70 0.00 0.00 0.00 0.00 0.00 0.00 0.00 0.00 0.00 0.00 0.00 0.00 0.00 
 0.00 0.00 0.00 0.00 0.10 1.00 0.70 0.00 0.00 0.00 0.00 0.00 0.00 0.00 0.00 0.00 0.00 0.00 0.00 0.00 
 0.00 0.00 0.00 0.00 0.10 1.00 0.70 0.00 0.00 0.00 0.00 0.00 0.00 0.00 0.00 0.00 0.00 0.00 0.00 0.00 
 0.00 0.00 0.00 0.00 0.10 1.00 0.70 0.00 0.00 0.00 0.00 0.00 0.00 0.00 0.00 0.00 0.00 0.00 0.00 0.00 
 0.00 0.00 0.00 0.00 0.10 1.00 0.70 0.00 0.00 0.00 0.10 0.20 0.15 0.04 0.00 0.00 0.00 0.00 0.00 0.00 
 0.00 0.00 0.00 0.00 0.10 1.00 0.70 0.00 0.23 0.73 0.99 1.00 1.00 0.88 0.28 0.00 0.00 0.00 0.00 0.00 
 0.00 0.00 0.00 0.00 0.10 1.00 0.71 0.46 0.68 0.30 0.12 0.13 0.43 0.96 0.93 0.07 0.00 0.00 0.00 0.00 
 0.00 0.00 0.00 0.00 0.10 1.00 0.94 0.39 0.00 0.00 0.00 0.00 0.00 0.53 1.00 0.33 0.00 0.00 0.00 0.00 
 0.00 0.00 0.00 0.00 0.10 1.00 0.71 0.00 0.00 0.00 0.00 0.00 0.00 0.31 1.00 0.40 0.00 0.00 0.00 0.00 
 0.00 0.00 0.00 0.00 0.10 1.00 0.70 0.00 0.00 0.00 0.00 0.00 0.00 0.30 1.00 0.40 0.00 0.00 0.00 0.00 
 0.00 0.00 0.00 0.00 0.10 1.00 0.70 0.00 0.00 0.00 0.00 0.00 0.00 0.30 1.00 0.40 0.00 0.00 0.00 0.00 
 0.00 0.00 0.00 0.00 0.10 1.00 0.70 0.00 0.00 0.00 0.00 0.00 0.00 0.30 1.00 0.40 0.00 0.00 0.00 0.00 
 0.00 0.00 0.00 0.00 0.10 1.00 0.70 0.00 0.00 0.00 0.00 0.00 0.00 0.30 1.00 0.40 0.00 0.00 0.00 0.00 
 0.00 0.00 0.00 0.00 0.10 1.00 0.70 0.00 0.00 0.00 0.00 0.00 0.00 0.30 1.00 0.40 0.00 0.00 0.00 0.00 
 0.00 0.00 0.00 0.00 0.10 1.00 0.70 0.00 0.00 0.00 0.00 0.00 0.00 0.30 1.00 0.40 0.00 0.00 0.00 0.00 
 0.00 0.00 0.00 0.00 0.10 1.00 0.70 0.00 0.00 0.00 0.00 0.00 0.00 0.30 1.00 0.40 0.00 0.00 0.00 0.00 
 0.00 0.00 0.00 0.00 0.11 1.00 0.74 0.00 0.00 0.00 0.00 0.00 0.00 0.34 1.00 0.44 0.00 0.00 0.00 0.00 
 0.00 0.00 0.00 0.29 0.65 1.00 0.97 0.48 0.18 0.00 0.00 0.06 0.36 0.82 1.00 0.87 0.38 0.09 0.00 0.00 
 