0.00 0.00 0.00 0.00 0.00 0.00 0.61 1.00 1.00 1.00 0.26 0.00 0.00 0.00 0.00 0.00 0.00 0.00 0.00 0.00 
 0.00 0.00 0.00 0.00 0.00 0.00 0.83 1.00 1.00 0.95 0.05 0.00 0.00 0.00 0.00 0.00 0.00 0.00 0.00 0.00 
 0.00 0.00 0.00 0.00 0.00 0.09 0.99 1.00 1.00 0.84 0.00 0.00 0.00 0.00 0.00 0.00 0.00 0.00 0.00 0.00 
 0.00 0.00 0.00 0.00 0.00 0.25 1.00 1.00 1.00 0.63 0.00 0.00 0.00 0.00 0.00 0.00 0.00 0.00 0.00 0.00 
 0.00 0.00 0.00 0.00 0.00 0.46 1.00 1.00 1.00 0.43 0.00 0.00 0.00 0.00 0.00 0.00 0.00 0.00 0.00 0.00 
 0.00 0.00 0.00 0.00 0.00 0.66 1.00 1.00 1.00 0.22 0.05 0.38 0.65 0.79 0.76 0.53 0.10 0.00 0.00 0.00 
 0.00 0.00 0.00 0.00 0.01 0.87 1.00 1.00 0.94 0.32 0.87 1.00 1.00 1.00 1.00 1.00 0.88 0.10 0.00 0.00 
 0.00 0.00 0.00 0.00 0.11 1.00 1.00 1.00 1.00 1.00 1.00 0.95 0.95 1.00 1.00 1.00 1.00 0.57 0.00 0.00 
 0.00 0.00 0.00 0.00 0.29 1.00 1.00 1.00 1.00 0.95 0.46 0.06 0.06 0.66 1.00 1.00 1.00 0.78 0.00 0.00 
 0.00 0.00 0.00 0.00 0.49 1.00 1.00 1.00 0.96 0.28 0.00 0.00 0.00 0.25 1.00 1.00 1.00 0.75 0.00 0.00 
 0.00 0.00 0.00 0.00 0.70 1.00 1.00 1.00 0.51 0.00 0.00 0.00 0.00 0.40 1.00 1.00 1.00 0.57 0.00 0.00 
 0.00 0.00 0.00 0.03 0.91 1.00 1.00 0.95 0.07 0.00 0.00 0.00 0.00 0.61 1.00 1.00 1.00 0.37 0.00 0.00 
 0.00 0.00 0.00 0.13 1.00 1.00 1.00 0.80 0.00 0.00 0.00 0.00 0.00 0.81 1.00 1.00 0.99 0.16 0.00 0.00 
 0.00 0.00 0.00 0.33 1.00 1.00 1.00 0.55 0.00 0.00 0.00 0.00 0.08 0.98 1.00 1.00 0.89 0.00 0.00 0.00 
 0.00 0.00 0.00 0.53 1.00 1.00 1.00 0.34 0.00 0.00 0.00 0.00 0.23 1.00 1.00 1.00 0.72 0.00 0.00 0.00 
 0.00 0.00 0.00 0.75 1.00 1.00 0.99 0.13 0.00 0.00 0.00 0.00 0.44 1.00 1.00 1.00 0.50 0.00 0.00 0.00 
 0.00 0.00 0.05 0.95 1.00 1.00 0.89 0.00 0.00 0.00 0.00 0.00 0.66 1.00 1.00 1.00 0.28 0.00 0.00 0.00 
 0.00 0.00 0.16 1.00 1.00 1.00 0.72 0.00 0.00 0.00 0.00 0.01 0.86 1.00 1.00 0.95 0.06 0.00 0.00 0.00 
 0.00 0.00 0.37 1.00 1.00 1.00 0.51 0.00 0.00 0.00 0.00 0.11 1.00 1.00 1.00 0.83 0.00 0.00 0.00 0.00 
 0.00 0.00 0.57 1.00 1.00 1.00 0.31 0.00 0.00 0.00 0.00 0.27 1.00 1.00 1.00 0.61 0.00 0.00 0.00 0.00 
 