0.00 0.00 0.00 0.02 0.89 1.00 1.00 0.76 0.00 0.00 0.00 0.00 0.00 0.00 0.00 0.29 1.00 1.00 1.00 0.36 
 0.00 0.00 0.00 0.11 1.00 1.00 1.00 0.58 0.00 0.00 0.00 0.00 0.00 0.00 0.00 0.48 1.00 1.00 1.00 0.18 
 0.00 0.00 0.00 0.27 1.00 1.00 1.00 0.39 0.00 0.00 0.00 0.00 0.00 0.00 0.00 0.67 1.00 1.00 0.92 0.02 
 0.00 0.00 0.00 0.46 1.00 1.00 1.00 0.21 0.00 0.00 0.00 0.00 0.00 0.00 0.01 0.86 1.00 1.00 0.81 0.00 
 0.00 0.00 0.00 0.64 1.00 1.00 0.94 0.04 0.00 0.00 0.00 0.00 0.00 0.00 0.10 1.00 1.00 1.00 0.63 0.00 
 0.00 0.00 0.00 0.82 1.00 1.00 0.83 0.00 0.00 0.00 0.00 0.00 0.00 0.00 0.23 1.00 1.00 1.00 0.44 0.00 
 0.00 0.00 0.08 0.98 1.00 1.00 0.64 0.00 0.00 0.00 0.00 0.00 0.00 0.00 0.41 1.00 1.00 1.00 0.25 0.00 
 0.00 0.00 0.19 1.00 1.00 1.00 0.64 0.30 0.30 0.30 0.30 0.30 0.30 0.30 0.69 1.00 1.00 0.96 0.07 0.00 
 0.00 0.00 0.37 1.00 1.00 1.00 1.00 1.00 1.00 1.00 1.00 1.00 1.00 1.00 1.00 1.00 1.00 0.87 0.00 0.00 
 0.00 0.00 0.56 1.00 1.00 1.00 1.00 1.00 1.00 1.00 1.00 1.00 1.00 1.00 1.00 1.00 1.00 0.70 0.00 0.00 
 0.00 0.00 0.75 1.00 1.00 0.96 0.70 0.70 0.70 0.70 0.70 0.70 0.70 0.76 1.00 1.00 1.00 0.52 0.00 0.00 
 0.00 0.04 0.93 1.00 1.00 0.73 0.00 0.00 0.00 0.00 0.00 0.00 0.00 0.33 1.00 1.00 1.00 0.33 0.00 0.00 
 0.00 0.13 1.00 1.00 1.00 0.54 0.00 0.00 0.00 0.00 0.00 0.00 0.00 0.52 1.00 1.00 0.99 0.14 0.00 0.00 
 0.00 0.30 1.00 1.00 1.00 0.36 0.00 0.00 0.00 0.00 0.00 0.00 0.00 0.70 1.00 1.00 0.90 0.00 0.00 0.00 
 0.00 0.48 1.00 1.00 1.00 0.17 0.00 0.00 0.00 0.00 0.00 0.00 0.01 0.88 1.00 1.00 0.77 0.00 0.00 0.00 
 0.00 0.67 1.00 1.00 0.92 0.02 0.00 0.00 0.00 0.00 0.00 0.00 0.11 1.00 1.00 1.00 0.59 0.00 0.00 0.00 
 0.01 0.86 1.00 1.00 0.81 0.00 0.00 0.00 0.00 0.00 0.00 0.00 0.26 1.00 1.00 1.00 0.41 0.00 0.00 0.00 
 0.10 1.00 1.00 1.00 0.62 0.00 0.00 0.00 0.00 0.00 0.00 0.00 0.44 1.00 1.00 1.00 0.22 0.00 0.00 0.00 
 0.23 1.00 1.00 1.00 0.43 0.00 0.00 0.00 0.00 0.00 0.00 0.00 0.63 1.00 1.00 0.94 0.04 0.00 0.00 0.00 
 0.41 1.00 1.00 1.00 0.25 0.00 0.00 0.00 0.00 0.00 0.00 0.00 0.81 1.00 1.00 0.85 0.00 0.00 0.00 0.00 
 