0.00 0.00 0.00 0.00 0.00 0.00 0.07 0.97 1.00 1.00 0.26 0.00 0.00 0.00 0.00 0.00 0.00 0.00 0.00 0.00 
 0.00 0.00 0.00 0.00 0.00 0.00 0.15 1.00 1.00 0.98 0.10 0.00 0.00 0.00 0.00 0.00 0.00 0.00 0.00 0.00 
 0.00 0.00 0.00 0.00 0.00 0.00 0.32 1.00 1.00 0.89 0.00 0.00 0.00 0.00 0.00 0.00 0.00 0.00 0.00 0.00 
 0.00 0.00 0.00 0.00 0.00 0.00 0.49 1.00 1.00 0.76 0.00 0.00 0.00 0.00 0.00 0.00 0.00 0.00 0.00 0.00 
 0.00 0.00 0.00 0.00 0.00 0.00 0.67 1.00 1.00 0.58 0.00 0.00 0.00 0.00 0.00 0.00 0.00 0.00 0.00 0.00 
 0.00 0.00 0.00 0.00 0.00 0.00 0.84 1.00 1.00 0.42 0.08 0.48 0.75 0.78 0.51 0.04 0.00 0.00 0.00 0.00 
 0.00 0.00 0.00 0.00 0.00 0.08 0.98 1.00 1.00 0.48 0.89 1.00 1.00 1.00 1.00 0.65 0.00 0.00 0.00 0.00 
 0.00 0.00 0.00 0.00 0.00 0.17 1.00 1.00 1.00 1.00 1.00 0.93 1.00 1.00 1.00 0.97 0.11 0.00 0.00 0.00 
 0.00 0.00 0.00 0.00 0.00 0.35 1.00 1.00 1.00 0.95 0.39 0.03 0.38 1.00 1.00 1.00 0.29 0.00 0.00 0.00 
 0.00 0.00 0.00 0.00 0.00 0.52 1.00 1.00 0.99 0.38 0.00 0.00 0.10 1.00 1.00 1.00 0.26 0.00 0.00 0.00 
 0.00 0.00 0.00 0.00 0.00 0.68 1.00 1.00 0.79 0.00 0.00 0.00 0.11 1.00 1.00 1.00 0.15 0.00 0.00 0.00 
 0.00 0.00 0.00 0.00 0.00 0.85 1.00 1.00 0.47 0.00 0.00 0.00 0.25 1.00 1.00 0.91 0.01 0.00 0.00 0.00 
 0.00 0.00 0.00 0.00 0.09 0.99 1.00 1.00 0.24 0.00 0.00 0.00 0.42 1.00 1.00 0.82 0.00 0.00 0.00 0.00 
 0.00 0.00 0.00 0.00 0.20 1.00 1.00 0.95 0.05 0.00 0.00 0.00 0.59 1.00 1.00 0.65 0.00 0.00 0.00 0.00 
 0.00 0.00 0.00 0.00 0.37 1.00 1.00 0.87 0.00 0.00 0.00 0.00 0.77 1.00 1.00 0.48 0.00 0.00 0.00 0.00 
 0.00 0.00 0.00 0.00 0.54 1.00 1.00 0.72 0.00 0.00 0.00 0.04 0.94 1.00 1.00 0.32 0.00 0.00 0.00 0.00 
 0.00 0.00 0.00 0.00 0.70 1.00 1.00 0.54 0.00 0.00 0.00 0.12 1.00 1.00 0.99 0.13 0.00 0.00 0.00 0.00 
 0.00 0.00 0.00 0.01 0.88 1.00 1.00 0.36 0.00 0.00 0.00 0.27 1.00 1.00 0.90 0.00 0.00 0.00 0.00 0.00 
 0.00 0.00 0.00 0.10 1.00 1.00 1.00 0.20 0.00 0.00 0.00 0.45 1.00 1.00 0.80 0.00 0.00 0.00 0.00 0.00 
 0.00 0.00 0.00 0.22 1.00 1.00 0.94 0.04 0.00 0.00 0.00 0.62 1.00 1.00 0.64 0.00 0.00 0.00 0.00 0.00 
 