0.00 0.00 0.00 0.00 0.73 1.00 1.00 0.78 0.00 0.00 0.00 0.00 0.00 0.00 0.00 0.00 0.00 0.00 0.00 0.00 
 0.00 0.00 0.00 0.00 0.89 1.00 1.00 0.89 0.00 0.00 0.00 0.00 0.00 0.00 0.00 0.00 0.00 0.00 0.00 0.00 
 0.00 0.00 0.00 0.00 0.89 1.00 1.00 0.89 0.00 0.00 0.00 0.00 0.00 0.00 0.00 0.00 0.00 0.00 0.00 0.00 
 0.00 0.00 0.00 0.00 0.89 1.00 1.00 0.89 0.00 0.00 0.00 0.00 0.00 0.00 0.00 0.00 0.00 0.00 0.00 0.00 
 0.00 0.00 0.00 0.00 0.89 1.00 1.00 0.89 0.00 0.00 0.00 0.00 0.00 0.00 0.00 0.00 0.00 0.00 0.00 0.00 
 0.00 0.00 0.00 0.00 0.89 1.00 1.00 0.89 0.00 0.00 0.00 0.00 0.00 0.00 0.00 0.00 0.00 0.00 0.00 0.00 
 0.00 0.00 0.00 0.00 0.89 1.00 1.00 0.89 0.00 0.14 0.55 0.77 0.78 0.68 0.31 0.02 0.00 0.00 0.00 0.00 
 0.00 0.00 0.00 0.00 0.89 1.00 1.00 0.90 0.40 0.96 1.00 1.00 1.00 1.00 1.00 0.63 0.02 0.00 0.00 0.00 
 0.00 0.00 0.00 0.00 0.89 1.00 1.00 1.00 1.00 1.00 1.00 1.00 1.00 1.00 1.00 1.00 0.36 0.00 0.00 0.00 
 0.00 0.00 0.00 0.00 0.89 1.00 1.00 1.00 1.00 0.91 0.60 0.61 0.93 1.00 1.00 1.00 0.76 0.00 0.00 0.00 
 0.00 0.00 0.00 0.00 0.89 1.00 1.00 1.00 0.85 0.13 0.00 0.00 0.25 1.00 1.00 1.00 0.89 0.00 0.00 0.00 
 0.00 0.00 0.00 0.00 0.89 1.00 1.00 0.94 0.13 0.00 0.00 0.00 0.02 0.85 1.00 1.00 0.95 0.06 0.00 0.00 
 0.00 0.00 0.00 0.00 0.89 1.00 1.00 0.89 0.00 0.00 0.00 0.00 0.00 0.78 1.00 1.00 1.00 0.11 0.00 0.00 
 0.00 0.00 0.00 0.00 0.89 1.00 1.00 0.89 0.00 0.00 0.00 0.00 0.00 0.78 1.00 1.00 1.00 0.11 0.00 0.00 
 0.00 0.00 0.00 0.00 0.89 1.00 1.00 0.89 0.00 0.00 0.00 0.00 0.00 0.78 1.00 1.00 1.00 0.11 0.00 0.00 
 0.00 0.00 0.00 0.00 0.89 1.00 1.00 0.89 0.00 0.00 0.00 0.00 0.00 0.78 1.00 1.00 1.00 0.11 0.00 0.00 
 0.00 0.00 0.00 0.00 0.89 1.00 1.00 0.89 0.00 0.00 0.00 0.00 0.00 0.78 1.00 1.00 1.00 0.11 0.00 0.00 
 0.00 0.00 0.00 0.00 0.89 1.00 1.00 0.89 0.00 0.00 0.00 0.00 0.00 0.78 1.00 1.00 1.00 0.11 0.00 0.00 
 0.00 0.00 0.00 0.00 0.89 1.00 1.00 0.89 0.00 0.00 0.00 0.00 0.00 0.78 1.00 1.00 1.00 0.11 0.00 0.00 
 0.00 0.00 0.00 0.00 0.89 1.00 1.00 0.89 0.00 0.00 0.00 0.00 0.00 0.78 1.00 1.00 1.00 0.11 0.00 0.00 
 