0.00 0.00 0.00 0.00 0.00 0.01 0.58 0.96 0.36 0.00 0.00 0.00 0.00 0.00 0.00 0.00 0.00 0.00 0.00 0.00 
 0.00 0.00 0.00 0.00 0.00 0.19 1.00 1.00 0.86 0.00 0.00 0.00 0.00 0.00 0.00 0.00 0.00 0.00 0.00 0.00 
 0.00 0.00 0.00 0.00 0.00 0.43 1.00 1.00 0.89 0.00 0.00 0.00 0.00 0.00 0.00 0.00 0.00 0.00 0.00 0.00 
 0.00 0.00 0.00 0.00 0.00 0.57 1.00 1.00 0.80 0.00 0.00 0.00 0.00 0.00 0.00 0.00 0.00 0.00 0.00 0.00 
 0.00 0.00 0.00 0.00 0.00 0.69 1.00 1.00 0.67 0.00 0.00 0.00 0.00 0.00 0.00 0.00 0.00 0.00 0.00 0.00 
 0.00 0.00 0.00 0.00 0.00 0.80 1.00 1.00 0.49 0.00 0.00 0.00 0.00 0.00 0.00 0.00 0.00 0.00 0.00 0.00 
 0.00 0.00 0.00 0.00 0.02 0.93 1.00 1.00 0.29 0.00 0.00 0.00 0.00 0.00 0.00 0.00 0.00 0.00 0.00 0.00 
 0.00 0.00 0.00 0.00 0.09 1.00 1.00 0.97 0.07 0.00 0.00 0.00 0.00 0.00 0.00 0.00 0.00 0.00 0.00 0.00 
 0.00 0.00 0.00 0.00 0.18 1.00 1.00 0.85 0.00 0.00 0.07 0.52 0.85 0.87 0.45 0.00 0.00 0.00 0.00 0.00 
 0.00 0.00 0.00 0.00 0.32 1.00 1.00 0.63 0.00 0.13 0.84 1.00 1.00 1.00 0.99 0.24 0.00 0.00 0.00 0.00 
 0.00 0.00 0.00 0.00 0.45 1.00 1.00 0.41 0.06 0.81 1.00 1.00 1.00 1.00 1.00 0.55 0.00 0.00 0.00 0.00 
 0.00 0.00 0.00 0.00 0.61 1.00 1.00 0.18 0.58 1.00 1.00 0.73 0.52 1.00 1.00 0.73 0.00 0.00 0.00 0.00 
 0.00 0.00 0.00 0.00 0.77 1.00 0.91 0.26 0.99 1.00 0.73 0.03 0.04 0.93 1.00 0.86 0.00 0.00 0.00 0.00 
 0.00 0.00 0.00 0.04 0.94 1.00 0.75 0.81 1.00 0.87 0.07 0.00 0.00 0.77 1.00 0.92 0.01 0.00 0.00 0.00 
 0.00 0.00 0.00 0.12 1.00 1.00 0.91 1.00 0.97 0.24 0.00 0.00 0.00 0.67 1.00 1.00 0.14 0.00 0.00 0.00 
 0.00 0.00 0.00 0.27 1.00 1.00 1.00 1.00 0.51 0.00 0.00 0.00 0.00 0.58 1.00 1.00 0.37 0.00 0.00 0.00 
 0.00 0.00 0.00 0.45 1.00 1.00 1.00 0.80 0.03 0.00 0.00 0.00 0.00 0.45 1.00 1.00 0.70 0.00 0.00 0.00 
 0.00 0.00 0.00 0.64 1.00 1.00 0.97 0.20 0.00 0.00 0.00 0.00 0.00 0.19 1.00 1.00 0.98 0.24 0.00 0.00 
 0.00 0.00 0.00 0.81 1.00 1.00 0.60 0.00 0.00 0.00 0.00 0.00 0.00 0.01 0.70 1.00 1.00 0.75 0.00 0.00 
 0.00 0.00 0.00 0.91 1.00 0.97 0.13 0.00 0.00 0.00 0.00 0.00 0.00 0.00 0.07 0.68 0.88 0.39 0.00 0.00 
 