0.00 0.00 0.00 0.00 0.02 0.21 0.59 0.94 0.29 0.00 0.00 0.00 0.00 0.00 0.00 0.00 0.00 0.00 0.00 0.00 
 0.00 0.00 0.00 0.27 0.76 1.00 1.00 1.00 0.29 0.00 0.00 0.00 0.00 0.00 0.00 0.00 0.00 0.00 0.00 0.00 
 0.00 0.00 0.00 0.15 0.15 0.65 1.00 1.00 0.29 0.00 0.00 0.00 0.00 0.00 0.00 0.00 0.00 0.00 0.00 0.00 
 0.00 0.00 0.00 0.00 0.00 0.35 1.00 1.00 0.29 0.00 0.00 0.00 0.00 0.00 0.00 0.00 0.00 0.00 0.00 0.00 
 0.00 0.00 0.00 0.00 0.00 0.29 1.00 1.00 0.29 0.00 0.00 0.00 0.00 0.00 0.00 0.00 0.00 0.00 0.00 0.00 
 0.00 0.00 0.00 0.00 0.00 0.29 1.00 1.00 0.29 0.00 0.00 0.00 0.00 0.00 0.00 0.00 0.00 0.00 0.00 0.00 
 0.00 0.00 0.00 0.00 0.00 0.29 1.00 1.00 0.29 0.00 0.00 0.00 0.00 0.00 0.00 0.00 0.00 0.00 0.00 0.00 
 0.00 0.00 0.00 0.00 0.00 0.29 1.00 1.00 0.29 0.00 0.00 0.15 0.37 0.41 0.18 0.00 0.00 0.00 0.00 0.00 
 0.00 0.00 0.00 0.00 0.00 0.29 1.00 1.00 0.29 0.04 0.51 0.98 1.00 1.00 0.98 0.49 0.00 0.00 0.00 0.00 
 0.00 0.00 0.00 0.00 0.00 0.29 1.00 1.00 0.35 0.67 0.78 0.49 0.55 0.90 1.00 0.96 0.21 0.00 0.00 0.00 
 0.00 0.00 0.00 0.00 0.00 0.29 1.00 1.00 0.82 0.41 0.00 0.00 0.00 0.23 1.00 1.00 0.59 0.00 0.00 0.00 
 0.00 0.00 0.00 0.00 0.00 0.29 1.00 1.00 0.41 0.00 0.00 0.00 0.00 0.02 0.86 1.00 0.74 0.00 0.00 0.00 
 0.00 0.00 0.00 0.00 0.00 0.29 1.00 1.00 0.29 0.00 0.00 0.00 0.00 0.00 0.72 1.00 0.86 0.00 0.00 0.00 
 0.00 0.00 0.00 0.00 0.00 0.29 1.00 1.00 0.29 0.00 0.00 0.00 0.00 0.00 0.72 1.00 0.86 0.00 0.00 0.00 
 0.00 0.00 0.00 0.00 0.00 0.29 1.00 1.00 0.29 0.00 0.00 0.00 0.00 0.00 0.72 1.00 0.86 0.00 0.00 0.00 
 0.00 0.00 0.00 0.00 0.00 0.29 1.00 1.00 0.29 0.00 0.00 0.00 0.00 0.00 0.72 1.00 0.86 0.00 0.00 0.00 
 0.00 0.00 0.00 0.00 0.00 0.29 1.00 1.00 0.29 0.00 0.00 0.00 0.00 0.00 0.72 1.00 0.86 0.00 0.00 0.00 
 0.00 0.00 0.00 0.00 0.00 0.29 1.00 1.00 0.29 0.00 0.00 0.00 0.00 0.00 0.72 1.00 0.86 0.00 0.00 0.00 
 0.00 0.00 0.00 0.00 0.00 0.29 1.00 1.00 0.29 0.00 0.00 0.00 0.00 0.00 0.72 1.00 0.86 0.00 0.00 0.00 
 0.00 0.00 0.00 0.00 0.00 0.29 1.00 1.00 0.29 0.00 0.00 0.00 0.00 0.00 0.72 1.00 0.86 0.00 0.00 0.00 
 