0.00 0.00 0.67 1.00 0.89 0.00 0.00 0.00 0.00 0.00 0.00 0.00 0.00 0.00 0.00 0.56 1.00 0.89 0.00 0.00 
 0.00 0.00 0.67 1.00 0.89 0.00 0.00 0.00 0.00 0.00 0.00 0.00 0.00 0.00 0.00 0.56 1.00 0.89 0.00 0.00 
 0.00 0.00 0.67 1.00 0.89 0.00 0.00 0.00 0.00 0.00 0.00 0.00 0.00 0.00 0.00 0.56 1.00 0.89 0.00 0.00 
 0.00 0.00 0.67 1.00 0.89 0.00 0.00 0.00 0.00 0.00 0.00 0.00 0.00 0.00 0.00 0.56 1.00 0.89 0.00 0.00 
 0.00 0.00 0.67 1.00 0.89 0.00 0.00 0.00 0.00 0.00 0.00 0.00 0.00 0.00 0.00 0.56 1.00 0.89 0.00 0.00 
 0.00 0.00 0.67 1.00 0.89 0.00 0.00 0.00 0.00 0.00 0.00 0.00 0.00 0.00 0.00 0.56 1.00 0.89 0.00 0.00 
 0.00 0.00 0.67 1.00 0.89 0.00 0.00 0.00 0.00 0.00 0.00 0.00 0.00 0.00 0.00 0.56 1.00 0.89 0.00 0.00 
 0.00 0.00 0.67 1.00 0.89 0.00 0.00 0.00 0.00 0.00 0.00 0.00 0.00 0.00 0.00 0.56 1.00 0.89 0.00 0.00 
 0.00 0.00 0.67 1.00 0.91 0.22 0.22 0.22 0.22 0.22 0.22 0.22 0.22 0.22 0.22 0.65 1.00 0.89 0.00 0.00 
 0.00 0.00 0.67 1.00 1.00 1.00 1.00 1.00 1.00 1.00 1.00 1.00 1.00 1.00 1.00 1.00 1.00 0.89 0.00 0.00 
 0.00 0.00 0.67 1.00 0.99 0.89 0.89 0.89 0.89 0.89 0.89 0.89 0.89 0.89 0.89 0.95 1.00 0.89 0.00 0.00 
 0.00 0.00 0.67 1.00 0.89 0.00 0.00 0.00 0.00 0.00 0.00 0.00 0.00 0.00 0.00 0.56 1.00 0.89 0.00 0.00 
 0.00 0.00 0.67 1.00 0.89 0.00 0.00 0.00 0.00 0.00 0.00 0.00 0.00 0.00 0.00 0.56 1.00 0.89 0.00 0.00 
 0.00 0.00 0.67 1.00 0.89 0.00 0.00 0.00 0.00 0.00 0.00 0.00 0.00 0.00 0.00 0.56 1.00 0.89 0.00 0.00 
 0.00 0.00 0.67 1.00 0.89 0.00 0.00 0.00 0.00 0.00 0.00 0.00 0.00 0.00 0.00 0.56 1.00 0.89 0.00 0.00 
 0.00 0.00 0.67 1.00 0.89 0.00 0.00 0.00 0.00 0.00 0.00 0.00 0.00 0.00 0.00 0.56 1.00 0.89 0.00 0.00 
 0.00 0.00 0.67 1.00 0.89 0.00 0.00 0.00 0.00 0.00 0.00 0.00 0.00 0.00 0.00 0.56 1.00 0.89 0.00 0.00 
 0.00 0.00 0.67 1.00 0.89 0.00 0.00 0.00 0.00 0.00 0.00 0.00 0.00 0.00 0.00 0.56 1.00 0.89 0.00 0.00 
 0.00 0.00 0.67 1.00 0.89 0.00 0.00 0.00 0.00 0.00 0.00 0.00 0.00 0.00 0.00 0.56 1.00 0.89 0.00 0.00 
 0.00 0.00 0.67 1.00 0.89 0.00 0.00 0.00 0.00 0.00 0.00 0.00 0.00 0.00 0.00 0.56 1.00 0.89 0.00 0.00 
 