-1.00 -1.00 -1.00 -1.00 -1.00 -1.00 0.53 1.00 -0.49 -1.00 -1.00 -1.00 -1.00 -1.00 -1.00 -1.00 -1.00 -1.00 -1.00 -1.00 
 -1.00 -1.00 -1.00 -1.00 -1.00 -0.98 0.89 1.00 -0.86 -1.00 -1.00 -1.00 -1.00 -1.00 -1.00 -1.00 -1.00 -1.00 -1.00 -1.00 
 -1.00 -1.00 -1.00 -1.00 -1.00 -0.73 1.00 0.76 -1.00 -1.00 -1.00 -1.00 -1.00 -1.00 -1.00 -1.00 -1.00 -1.00 -1.00 -1.00 
 -1.00 -1.00 -1.00 -1.00 -1.00 -0.36 1.00 0.40 -1.00 -1.00 -1.00 -1.00 -1.00 -1.00 -1.00 -1.00 -1.00 -1.00 -1.00 -1.00 
 -1.00 -1.00 -1.00 -1.00 -1.00 0.01 1.00 0.02 -1.00 -1.00 -0.98 -0.76 -0.75 -0.94 -1.00 -1.00 -1.00 -1.00 -1.00 -1.00 
 -1.00 -1.00 -1.00 -1.00 -1.00 0.38 1.00 -0.35 -0.70 0.27 0.90 1.00 1.00 0.96 0.47 -0.54 -1.00 -1.00 -1.00 -1.00 
 -1.00 -1.00 -1.00 -1.00 -1.00 0.75 1.00 -0.02 0.94 1.00 0.69 0.45 0.63 0.99 1.00 0.98 -0.36 -1.00 -1.00 -1.00 
 -1.00 -1.00 -1.00 -1.00 -0.87 1.00 1.00 0.99 0.47 -0.65 -1.00 -1.00 -1.00 -0.67 0.65 1.00 0.84 -0.93 -1.00 -1.00 
 -1.00 -1.00 -1.00 -1.00 -0.51 1.00 1.00 0.29 -0.98 -1.00 -1.00 -1.00 -1.00 -1.00 -0.76 0.95 1.00 -0.43 -1.00 -1.00 
 -1.00 -1.00 -1.00 -1.00 -0.14 1.00 0.76 -0.92 -1.00 -1.00 -1.00 -1.00 -1.00 -1.00 -1.00 0.47 1.00 -0.17 -1.00 -1.00 
 -1.00 -1.00 -1.00 -1.00 0.23 1.00 -0.02 -1.00 -1.00 -1.00 -1.00 -1.00 -1.00 -1.00 -1.00 0.36 1.00 -0.19 -1.00 -1.00 
 -1.00 -1.00 -1.00 -1.00 0.60 1.00 -0.53 -1.00 -1.00 -1.00 -1.00 -1.00 -1.00 -1.00 -1.00 0.55 1.00 -0.47 -1.00 -1.00 
 -1.00 -1.00 -1.00 -0.96 0.94 0.98 -0.90 -1.00 -1.00 -1.00 -1.00 -1.00 -1.00 -1.00 -0.99 0.87 1.00 -0.84 -1.00 -1.00 
 -1.00 -1.00 -1.00 -0.65 1.00 0.71 -1.00 -1.00 -1.00 -1.00 -1.00 -1.00 -1.00 -1.00 -0.76 1.00 0.80 -1.00 -1.00 -1.00 
 -1.00 -1.00 -1.00 -0.29 1.00 0.34 -1.00 -1.00 -1.00 -1.00 -1.00 -1.00 -1.00 -1.00 -0.40 1.00 0.44 -1.00 -1.00 -1.00 
 -1.00 -1.00 -1.00 0.08 1.00 -0.04 -1.00 -1.00 -1.00 -1.00 -1.00 -1.00 -1.00 -1.00 -0.03 1.00 0.07 -1.00 -1.00 -1.00 
 -1.00 -1.00 -1.00 0.45 1.00 -0.40 -1.00 -1.00 -1.00 -1.00 -1.00 -1.00 -1.00 -1.00 0.34 1.00 -0.30 -1.00 -1.00 -1.00 
 -1.00 -1.00 -0.99 0.83 1.00 -0.78 -1.00 -1.00 -1.00 -1.00 -1.00 -1.00 -1.00 -1.00 0.71 1.00 -0.67 -1.00 -1.00 -1.00 
 -1.00 -1.00 -0.80 1.00 0.84 -0.99 -1.00 -1.00 -1.00 -1.00 -1.00 -1.00 -1.00 -0.91 0.98 0.94 -0.97 -1.00 -1.00 -1.00 
 -1.00 -1.00 -0.44 1.00 0.47 -1.00 -1.00 -1.00 -1.00 -1.00 -1.00 -1.00 -1.00 -0.56 1.00 0.60 -1.00 -1.00 -1.00 -1.00 
 