-1.00 -1.00 -1.00 -1.00 -0.93 0.65 1.00 1.00 1.00 0.62 -1.00 -1.00 -1.00 -1.00 -1.00 -1.00 -1.00 -1.00 -1.00 -1.00 
 -1.00 -1.00 -1.00 -1.00 -0.80 0.91 1.00 1.00 1.00 0.70 -1.00 -1.00 -1.00 -1.00 -1.00 -1.00 -1.00 -1.00 -1.00 -1.00 
 -1.00 -1.00 -1.00 -1.00 -1.00 -0.98 -0.95 0.21 1.00 0.37 -1.00 -1.00 -1.00 -1.00 -1.00 -1.00 -1.00 -1.00 -1.00 -1.00 
 -1.00 -1.00 -1.00 -1.00 -1.00 -1.00 -1.00 0.51 1.00 0.04 -1.00 -1.00 -1.00 -1.00 -1.00 -1.00 -1.00 -1.00 -1.00 -1.00 
 -1.00 -1.00 -1.00 -1.00 -1.00 -1.00 -0.99 0.85 1.00 -0.29 -1.00 -1.00 -1.00 -1.00 -1.00 -1.00 -1.00 -1.00 -1.00 -1.00 
 -1.00 -1.00 -1.00 -1.00 -1.00 -1.00 -0.81 1.00 1.00 -0.63 -1.00 -0.95 -0.62 -0.48 -0.67 -0.98 -1.00 -1.00 -1.00 -1.00 
 -1.00 -1.00 -1.00 -1.00 -1.00 -1.00 -0.47 1.00 0.98 -0.76 0.15 0.88 1.00 1.00 1.00 0.65 -0.71 -1.00 -1.00 -1.00 
 -1.00 -1.00 -1.00 -1.00 -1.00 -1.00 -0.15 1.00 0.92 0.84 1.00 0.95 0.59 0.64 1.00 1.00 0.51 -1.00 -1.00 -1.00 
 -1.00 -1.00 -1.00 -1.00 -1.00 -1.00 0.19 1.00 1.00 0.98 0.02 -0.88 -1.00 -1.00 -0.05 1.00 0.98 -0.94 -1.00 -1.00 
 -1.00 -1.00 -1.00 -1.00 -1.00 -1.00 0.53 1.00 1.00 -0.31 -1.00 -1.00 -1.00 -1.00 -0.48 1.00 1.00 -0.88 -1.00 -1.00 
 -1.00 -1.00 -1.00 -1.00 -1.00 -0.99 0.86 1.00 0.31 -1.00 -1.00 -1.00 -1.00 -1.00 -0.31 1.00 0.89 -0.99 -1.00 -1.00 
 -1.00 -1.00 -1.00 -1.00 -1.00 -0.80 1.00 1.00 -0.50 -1.00 -1.00 -1.00 -1.00 -1.00 0.01 1.00 0.57 -1.00 -1.00 -1.00 
 -1.00 -1.00 -1.00 -1.00 -1.00 -0.47 1.00 0.98 -0.92 -1.00 -1.00 -1.00 -1.00 -1.00 0.35 1.00 0.23 -1.00 -1.00 -1.00 
 -1.00 -1.00 -1.00 -1.00 -1.00 -0.13 1.00 0.72 -1.00 -1.00 -1.00 -1.00 -1.00 -1.00 0.69 1.00 -0.11 -1.00 -1.00 -1.00 
 -1.00 -1.00 -1.00 -1.00 -1.00 0.20 1.00 0.38 -1.00 -1.00 -1.00 -1.00 -1.00 -0.95 0.97 1.00 -0.44 -1.00 -1.00 -1.00 
 -1.00 -1.00 -1.00 -1.00 -1.00 0.54 1.00 0.04 -1.00 -1.00 -1.00 -1.00 -1.00 -0.65 1.00 1.00 -0.77 -1.00 -1.00 -1.00 
 -1.00 -1.00 -1.00 -1.00 -0.99 0.87 1.00 -0.29 -1.00 -1.00 -1.00 -1.00 -1.00 -0.31 1.00 0.88 -0.99 -1.00 -1.00 -1.00 
 -1.00 -1.00 -1.00 -1.00 -0.79 1.00 1.00 -0.63 -1.00 -1.00 -1.00 -1.00 -1.00 0.02 1.00 0.55 -1.00 -1.00 -1.00 -1.00 
 -1.00 -0.94 0.44 0.74 0.80 1.00 1.00 0.76 0.74 0.02 -0.69 0.62 0.74 0.90 1.00 0.92 0.74 0.69 -0.63 -1.00 
 -1.00 -0.72 0.99 1.00 1.00 1.00 1.00 1.00 1.00 0.11 -0.25 1.00 1.00 1.00 1.00 1.00 1.00 0.95 -0.65 -1.00 
 