-1.00 -1.00 -1.00 -1.00 -1.00 -1.00 -1.00 -0.83 -0.27 0.33 0.14 -1.00 -1.00 -1.00 -1.00 -1.00 -1.00 -1.00 -1.00 -1.00 
 -1.00 -1.00 -1.00 -1.00 -1.00 -1.00 0.00 0.81 1.00 1.00 -0.08 -1.00 -1.00 -1.00 -1.00 -1.00 -1.00 -1.00 -1.00 -1.00 
 -1.00 -1.00 -1.00 -1.00 -1.00 -1.00 -1.00 -0.45 1.00 1.00 -0.42 -1.00 -1.00 -1.00 -1.00 -1.00 -1.00 -1.00 -1.00 -1.00 
 -1.00 -1.00 -1.00 -1.00 -1.00 -1.00 -1.00 -0.28 1.00 1.00 -0.75 -1.00 -1.00 -1.00 -1.00 -1.00 -1.00 -1.00 -1.00 -1.00 
 -1.00 -1.00 -1.00 -1.00 -1.00 -1.00 -1.00 0.05 1.00 0.91 -0.98 -1.00 -1.00 -1.00 -1.00 -1.00 -1.00 -1.00 -1.00 -1.00 
 -1.00 -1.00 -1.00 -1.00 -1.00 -1.00 -1.00 0.39 1.00 0.58 -1.00 -1.00 -1.00 -1.00 -1.00 -1.00 -1.00 -1.00 -1.00 -1.00 
 -1.00 -1.00 -1.00 -1.00 -1.00 -1.00 -1.00 0.72 1.00 0.25 -1.00 -0.98 -0.52 -0.18 -0.22 -0.76 -1.00 -1.00 -1.00 -1.00 
 -1.00 -1.00 -1.00 -1.00 -1.00 -1.00 -0.92 0.98 1.00 -0.09 -0.58 0.66 1.00 1.00 1.00 0.94 -0.49 -1.00 -1.00 -1.00 
 -1.00 -1.00 -1.00 -1.00 -1.00 -1.00 -0.61 1.00 1.00 0.18 0.59 -0.28 -0.63 -0.22 0.97 1.00 0.47 -1.00 -1.00 -1.00 
 -1.00 -1.00 -1.00 -1.00 -1.00 -1.00 -0.28 1.00 1.00 0.22 -0.95 -1.00 -1.00 -1.00 0.41 1.00 0.77 -1.00 -1.00 -1.00 
 -1.00 -1.00 -1.00 -1.00 -1.00 -1.00 0.06 1.00 0.90 -0.98 -1.00 -1.00 -1.00 -1.00 0.28 1.00 0.72 -1.00 -1.00 -1.00 
 -1.00 -1.00 -1.00 -1.00 -1.00 -1.00 0.40 1.00 0.58 -1.00 -1.00 -1.00 -1.00 -1.00 0.51 1.00 0.45 -1.00 -1.00 -1.00 
 -1.00 -1.00 -1.00 -1.00 -1.00 -1.00 0.73 1.00 0.24 -1.00 -1.00 -1.00 -1.00 -0.99 0.85 1.00 0.11 -1.00 -1.00 -1.00 
 -1.00 -1.00 -1.00 -1.00 -1.00 -0.92 0.98 1.00 -0.10 -1.00 -1.00 -1.00 -1.00 -0.81 1.00 1.00 -0.22 -1.00 -1.00 -1.00 
 -1.00 -1.00 -1.00 -1.00 -1.00 -0.61 1.00 1.00 -0.43 -1.00 -1.00 -1.00 -1.00 -0.48 1.00 1.00 -0.55 -1.00 -1.00 -1.00 
 -1.00 -1.00 -1.00 -1.00 -1.00 -0.27 1.00 1.00 -0.76 -1.00 -1.00 -1.00 -1.00 -0.15 1.00 1.00 -0.88 -1.00 -1.00 -1.00 
 -1.00 -1.00 -1.00 -1.00 -1.00 0.07 1.00 0.89 -0.99 -1.00 -1.00 -1.00 -1.00 0.19 1.00 0.78 -1.00 -1.00 -1.00 -1.00 
 -1.00 -1.00 -1.00 -1.00 -1.00 0.41 1.00 0.58 -1.00 -1.00 -1.00 -1.00 -1.00 0.54 1.00 0.45 -1.00 -1.00 -1.00 -1.00 
 -1.00 -1.00 -1.00 -1.00 -0.93 0.87 1.00 0.47 -1.00 -1.00 -1.00 -1.00 -0.84 0.95 1.00 0.30 -1.00 -1.00 -1.00 -1.00 
 -1.00 -1.00 -0.99 -0.22 0.51 1.00 1.00 0.96 0.04 -0.72 -0.90 -0.15 0.62 1.00 1.00 0.90 -0.03 -0.93 -1.00 -1.00 
 