0.00 0.00 0.00 0.75 1.00 1.00 1.00 0.99 0.21 0.00 0.00 0.16 0.98 1.00 1.00 1.00 0.80 0.00 0.00 0.00 
 0.00 0.00 0.00 0.34 0.55 1.00 0.77 0.50 0.07 0.00 0.00 0.05 0.49 0.75 1.00 0.57 0.36 0.00 0.00 0.00 
 0.00 0.00 0.00 0.00 0.07 1.00 0.53 0.00 0.00 0.00 0.00 0.00 0.00 0.48 1.00 0.12 0.00 0.00 0.00 0.00 
 0.00 0.00 0.00 0.00 0.07 1.00 0.53 0.00 0.00 0.00 0.00 0.00 0.00 0.48 1.00 0.12 0.00 0.00 0.00 0.00 
 0.00 0.00 0.00 0.00 0.07 1.00 0.53 0.00 0.00 0.00 0.00 0.00 0.00 0.48 1.00 0.12 0.00 0.00 0.00 0.00 
 0.00 0.00 0.00 0.00 0.07 1.00 0.53 0.00 0.00 0.00 0.00 0.00 0.00 0.48 1.00 0.12 0.00 0.00 0.00 0.00 
 0.00 0.00 0.00 0.00 0.07 1.00 0.53 0.00 0.00 0.00 0.00 0.00 0.00 0.48 1.00 0.12 0.00 0.00 0.00 0.00 
 0.00 0.00 0.00 0.00 0.07 1.00 0.53 0.00 0.00 0.00 0.00 0.00 0.00 0.48 1.00 0.12 0.00 0.00 0.00 0.00 
 0.00 0.00 0.00 0.00 0.07 1.00 0.58 0.12 0.12 0.12 0.12 0.12 0.12 0.54 1.00 0.12 0.00 0.00 0.00 0.00 
 0.00 0.00 0.00 0.00 0.07 1.00 1.00 1.00 1.00 1.00 1.00 1.00 1.00 1.00 1.00 0.12 0.00 0.00 0.00 0.00 
 0.00 0.00 0.00 0.00 0.07 1.00 0.71 0.38 0.38 0.38 0.38 0.38 0.38 0.68 1.00 0.12 0.00 0.00 0.00 0.00 
 0.00 0.00 0.00 0.00 0.07 1.00 0.53 0.00 0.00 0.00 0.00 0.00 0.00 0.48 1.00 0.12 0.00 0.00 0.00 0.00 
 0.00 0.00 0.00 0.00 0.07 1.00 0.53 0.00 0.00 0.00 0.00 0.00 0.00 0.48 1.00 0.12 0.00 0.00 0.00 0.00 
 0.00 0.00 0.00 0.00 0.07 1.00 0.53 0.00 0.00 0.00 0.00 0.00 0.00 0.48 1.00 0.12 0.00 0.00 0.00 0.00 
 0.00 0.00 0.00 0.00 0.07 1.00 0.53 0.00 0.00 0.00 0.00 0.00 0.00 0.48 1.00 0.12 0.00 0.00 0.00 0.00 
 0.00 0.00 0.00 0.00 0.07 1.00 0.53 0.00 0.00 0.00 0.00 0.00 0.00 0.48 1.00 0.12 0.00 0.00 0.00 0.00 
 0.00 0.00 0.00 0.00 0.07 1.00 0.53 0.00 0.00 0.00 0.00 0.00 0.00 0.48 1.00 0.12 0.00 0.00 0.00 0.00 
 0.00 0.00 0.00 0.00 0.07 1.00 0.53 0.00 0.00 0.00 0.00 0.00 0.00 0.48 1.00 0.12 0.00 0.00 0.00 0.00 
 0.00 0.00 0.00 0.30 0.49 1.00 0.74 0.44 0.06 0.00 0.00 0.04 0.44 0.71 1.00 0.52 0.32 0.00 0.00 0.00 
 0.00 0.00 0.00 0.77 1.00 1.00 1.00 1.00 0.22 0.00 0.00 0.18 1.00 1.00 1.00 1.00 0.82 0.00 0.00 0.00 
 