0.00 0.00 0.00 0.10 1.00 1.00 1.00 0.60 0.00 0.00 0.00 0.00 0.00 0.00 0.00 0.00 0.00 0.00 0.00 0.00 
 0.00 0.00 0.00 0.10 1.00 1.00 1.00 0.60 0.00 0.00 0.00 0.00 0.00 0.00 0.00 0.00 0.00 0.00 0.00 0.00 
 0.00 0.00 0.00 0.10 1.00 1.00 1.00 0.60 0.00 0.00 0.00 0.00 0.00 0.00 0.00 0.00 0.00 0.00 0.00 0.00 
 0.00 0.00 0.00 0.10 1.00 1.00 1.00 0.60 0.00 0.00 0.00 0.00 0.00 0.00 0.00 0.00 0.00 0.00 0.00 0.00 
 0.00 0.00 0.00 0.10 1.00 1.00 1.00 0.60 0.00 0.01 0.10 0.10 0.05 0.00 0.00 0.00 0.00 0.00 0.00 0.00 
 0.00 0.00 0.00 0.10 1.00 1.00 1.00 0.62 0.39 0.82 1.00 1.00 0.94 0.66 0.19 0.00 0.00 0.00 0.00 0.00 
 0.00 0.00 0.00 0.10 1.00 1.00 1.00 0.97 1.00 1.00 1.00 1.00 1.00 1.00 0.96 0.24 0.00 0.00 0.00 0.00 
 0.00 0.00 0.00 0.10 1.00 1.00 1.00 1.00 1.00 1.00 1.00 1.00 1.00 1.00 1.00 0.82 0.01 0.00 0.00 0.00 
 0.00 0.00 0.00 0.10 1.00 1.00 1.00 1.00 0.95 0.52 0.22 0.31 0.90 1.00 1.00 1.00 0.20 0.00 0.00 0.00 
 0.00 0.00 0.00 0.10 1.00 1.00 1.00 0.92 0.21 0.00 0.00 0.00 0.44 1.00 1.00 1.00 0.37 0.00 0.00 0.00 
 0.00 0.00 0.00 0.10 1.00 1.00 1.00 0.60 0.00 0.00 0.00 0.00 0.30 1.00 1.00 1.00 0.40 0.00 0.00 0.00 
 0.00 0.00 0.00 0.10 1.00 1.00 1.00 0.60 0.00 0.00 0.00 0.00 0.30 1.00 1.00 1.00 0.40 0.00 0.00 0.00 
 0.00 0.00 0.00 0.10 1.00 1.00 1.00 0.60 0.00 0.00 0.00 0.00 0.30 1.00 1.00 1.00 0.40 0.00 0.00 0.00 
 0.00 0.00 0.00 0.10 1.00 1.00 1.00 0.60 0.00 0.00 0.00 0.00 0.30 1.00 1.00 1.00 0.40 0.00 0.00 0.00 
 0.00 0.00 0.00 0.10 1.00 1.00 1.00 0.60 0.00 0.00 0.00 0.00 0.30 1.00 1.00 1.00 0.40 0.00 0.00 0.00 
 0.00 0.00 0.00 0.10 1.00 1.00 1.00 0.60 0.00 0.00 0.00 0.00 0.30 1.00 1.00 1.00 0.40 0.00 0.00 0.00 
 0.00 0.00 0.00 0.10 1.00 1.00 1.00 0.60 0.00 0.00 0.00 0.00 0.30 1.00 1.00 1.00 0.40 0.00 0.00 0.00 
 0.00 0.00 0.00 0.10 1.00 1.00 1.00 0.60 0.00 0.00 0.00 0.00 0.30 1.00 1.00 1.00 0.40 0.00 0.00 0.00 
 0.00 0.00 0.00 0.10 1.00 1.00 1.00 0.60 0.00 0.00 0.00 0.00 0.30 1.00 1.00 1.00 0.40 0.00 0.00 0.00 
 0.00 0.00 0.00 0.10 1.00 1.00 1.00 0.60 0.00 0.00 0.00 0.00 0.30 1.00 1.00 1.00 0.40 0.00 0.00 0.00 
 