0.00 0.00 0.00 0.00 0.82 1.00 1.00 1.00 1.00 0.18 0.00 0.00 0.00 0.00 0.00 0.00 0.00 0.00 0.00 0.00 
 0.00 0.00 0.00 0.00 0.82 1.00 1.00 1.00 1.00 0.18 0.00 0.00 0.00 0.00 0.00 0.00 0.00 0.00 0.00 0.00 
 0.00 0.00 0.00 0.00 0.82 1.00 1.00 1.00 1.00 0.18 0.00 0.00 0.00 0.00 0.00 0.00 0.00 0.00 0.00 0.00 
 0.00 0.00 0.00 0.00 0.82 1.00 1.00 1.00 1.00 0.22 0.37 0.67 0.72 0.51 0.11 0.00 0.00 0.00 0.00 0.00 
 0.00 0.00 0.00 0.00 0.82 1.00 1.00 1.00 1.00 0.86 1.00 1.00 1.00 1.00 0.91 0.15 0.00 0.00 0.00 0.00 
 0.00 0.00 0.00 0.00 0.82 1.00 1.00 1.00 1.00 1.00 1.00 1.00 1.00 1.00 1.00 0.59 0.00 0.00 0.00 0.00 
 0.00 0.00 0.00 0.00 0.82 1.00 1.00 1.00 1.00 0.51 0.51 1.00 1.00 1.00 1.00 0.74 0.00 0.00 0.00 0.00 
 0.00 0.00 0.00 0.00 0.82 1.00 1.00 1.00 1.00 0.20 0.20 1.00 1.00 1.00 1.00 0.82 0.00 0.00 0.00 0.00 
 0.00 0.00 0.00 0.00 0.82 1.00 1.00 1.00 1.00 0.18 0.18 1.00 1.00 1.00 1.00 0.82 0.00 0.00 0.00 0.00 
 0.00 0.00 0.00 0.00 0.82 1.00 1.00 1.00 1.00 0.18 0.18 1.00 1.00 1.00 1.00 0.82 0.00 0.00 0.00 0.00 
 0.00 0.00 0.00 0.00 0.82 1.00 1.00 1.00 1.00 0.18 0.18 1.00 1.00 1.00 1.00 0.82 0.00 0.00 0.00 0.00 
 0.00 0.00 0.00 0.00 0.82 1.00 1.00 1.00 1.00 0.18 0.18 1.00 1.00 1.00 1.00 0.82 0.00 0.00 0.00 0.00 
 0.00 0.00 0.00 0.00 0.82 1.00 1.00 1.00 1.00 0.18 0.18 1.00 1.00 1.00 1.00 0.82 0.00 0.00 0.00 0.00 
 0.00 0.00 0.00 0.00 0.82 1.00 1.00 1.00 1.00 0.18 0.18 1.00 1.00 1.00 1.00 0.82 0.00 0.00 0.00 0.00 
 0.00 0.00 0.00 0.00 0.82 1.00 1.00 1.00 1.00 0.18 0.18 1.00 1.00 1.00 1.00 0.82 0.00 0.00 0.00 0.00 
 0.00 0.00 0.00 0.00 0.82 1.00 1.00 1.00 1.00 0.18 0.18 1.00 1.00 1.00 1.00 0.82 0.00 0.00 0.00 0.00 
 0.00 0.00 0.00 0.00 0.82 1.00 1.00 1.00 1.00 0.18 0.18 1.00 1.00 1.00 1.00 0.82 0.00 0.00 0.00 0.00 
 0.00 0.00 0.00 0.00 0.82 1.00 1.00 1.00 1.00 0.18 0.18 1.00 1.00 1.00 1.00 0.82 0.00 0.00 0.00 0.00 
 0.00 0.00 0.00 0.00 0.82 1.00 1.00 1.00 1.00 0.18 0.18 1.00 1.00 1.00 1.00 0.82 0.00 0.00 0.00 0.00 
 0.00 0.00 0.00 0.00 0.82 1.00 1.00 1.00 1.00 0.18 0.18 1.00 1.00 1.00 1.00 0.82 0.00 0.00 0.00 0.00 
 