0.00 0.00 0.00 0.00 0.00 0.00 0.00 0.48 1.00 0.55 0.00 0.00 0.00 0.00 0.00 0.00 0.00 0.00 0.00 0.00 
 0.00 0.00 0.00 0.00 0.00 0.00 0.00 0.66 1.00 0.37 0.00 0.00 0.00 0.00 0.00 0.00 0.00 0.00 0.00 0.00 
 0.00 0.00 0.00 0.00 0.00 0.00 0.00 0.84 1.00 0.20 0.00 0.00 0.00 0.00 0.00 0.00 0.00 0.00 0.00 0.00 
 0.00 0.00 0.00 0.00 0.00 0.00 0.08 0.98 0.94 0.04 0.00 0.00 0.00 0.00 0.00 0.00 0.00 0.00 0.00 0.00 
 0.00 0.00 0.00 0.00 0.00 0.00 0.17 1.00 0.86 0.00 0.00 0.00 0.00 0.00 0.00 0.00 0.00 0.00 0.00 0.00 
 0.00 0.00 0.00 0.00 0.00 0.00 0.34 1.00 0.70 0.01 0.26 0.64 0.80 0.65 0.19 0.00 0.00 0.00 0.00 0.00 
 0.00 0.00 0.00 0.00 0.00 0.00 0.50 1.00 0.53 0.53 1.00 1.00 1.00 1.00 0.93 0.14 0.00 0.00 0.00 0.00 
 0.00 0.00 0.00 0.00 0.00 0.00 0.68 1.00 0.84 0.96 0.55 0.24 0.28 0.86 1.00 0.52 0.00 0.00 0.00 0.00 
 0.00 0.00 0.00 0.00 0.00 0.00 0.85 1.00 0.96 0.27 0.00 0.00 0.00 0.43 1.00 0.66 0.00 0.00 0.00 0.00 
 0.00 0.00 0.00 0.00 0.00 0.09 0.99 1.00 0.50 0.00 0.00 0.00 0.00 0.46 1.00 0.58 0.00 0.00 0.00 0.00 
 0.00 0.00 0.00 0.00 0.00 0.18 1.00 0.95 0.08 0.00 0.00 0.00 0.00 0.62 1.00 0.45 0.00 0.00 0.00 0.00 
 0.00 0.00 0.00 0.00 0.00 0.36 1.00 0.77 0.00 0.00 0.00 0.00 0.00 0.79 1.00 0.27 0.00 0.00 0.00 0.00 
 0.00 0.00 0.00 0.00 0.00 0.54 1.00 0.53 0.00 0.00 0.00 0.00 0.06 0.96 0.97 0.09 0.00 0.00 0.00 0.00 
 0.00 0.00 0.00 0.00 0.00 0.70 1.00 0.33 0.00 0.00 0.00 0.00 0.15 1.00 0.88 0.00 0.00 0.00 0.00 0.00 
 0.00 0.00 0.00 0.00 0.01 0.87 1.00 0.16 0.00 0.00 0.00 0.00 0.32 1.00 0.73 0.00 0.00 0.00 0.00 0.00 
 0.00 0.00 0.00 0.00 0.10 1.00 0.92 0.02 0.00 0.00 0.00 0.00 0.50 1.00 0.54 0.00 0.00 0.00 0.00 0.00 
 0.00 0.00 0.00 0.00 0.20 1.00 0.82 0.00 0.00 0.00 0.00 0.00 0.68 1.00 0.36 0.00 0.00 0.00 0.00 0.00 
 0.00 0.00 0.00 0.00 0.38 1.00 0.65 0.00 0.00 0.00 0.00 0.01 0.86 1.00 0.18 0.00 0.00 0.00 0.00 0.00 
 0.00 0.00 0.00 0.00 0.55 1.00 0.48 0.00 0.00 0.00 0.00 0.10 1.00 0.92 0.02 0.00 0.00 0.00 0.00 0.00 
 0.00 0.00 0.00 0.00 0.72 1.00 0.32 0.00 0.00 0.00 0.00 0.21 1.00 0.82 0.00 0.00 0.00 0.00 0.00 0.00 
 