0.00 0.00 0.00 0.00 0.00 0.10 0.42 0.71 0.07 0.00 0.00 0.00 0.00 0.00 0.00 0.00 0.00 0.00 0.00 0.00 
 0.00 0.00 0.03 0.27 0.65 0.98 1.00 0.48 0.00 0.00 0.00 0.00 0.00 0.00 0.00 0.00 0.00 0.00 0.00 0.00 
 0.00 0.00 0.16 0.58 0.60 0.99 1.00 0.45 0.00 0.00 0.00 0.00 0.00 0.00 0.00 0.00 0.00 0.00 0.00 0.00 
 0.00 0.00 0.00 0.00 0.00 0.89 1.00 0.45 0.00 0.00 0.00 0.00 0.00 0.00 0.00 0.00 0.00 0.00 0.00 0.00 
 0.00 0.00 0.00 0.00 0.00 0.89 1.00 0.45 0.00 0.00 0.00 0.00 0.00 0.00 0.00 0.00 0.00 0.00 0.00 0.00 
 0.00 0.00 0.00 0.00 0.00 0.89 1.00 0.45 0.00 0.00 0.00 0.00 0.00 0.00 0.00 0.00 0.00 0.00 0.00 0.00 
 0.00 0.00 0.00 0.00 0.00 0.89 1.00 0.45 0.00 0.00 0.00 0.00 0.00 0.00 0.00 0.00 0.00 0.00 0.00 0.00 
 0.00 0.00 0.00 0.00 0.00 0.89 1.00 0.45 0.00 0.00 0.00 0.18 0.62 0.87 0.80 0.31 0.00 0.00 0.00 0.00 
 0.00 0.00 0.00 0.00 0.00 0.89 1.00 0.45 0.00 0.02 0.38 0.89 0.89 0.98 1.00 0.93 0.06 0.00 0.00 0.00 
 0.00 0.00 0.00 0.00 0.00 0.89 1.00 0.45 0.00 0.45 0.55 0.05 0.00 0.38 1.00 1.00 0.27 0.00 0.00 0.00 
 0.00 0.00 0.00 0.00 0.00 0.89 1.00 0.45 0.33 0.52 0.00 0.00 0.00 0.11 1.00 1.00 0.33 0.00 0.00 0.00 
 0.00 0.00 0.00 0.00 0.00 0.89 1.00 0.62 0.78 0.03 0.00 0.00 0.00 0.11 1.00 1.00 0.33 0.00 0.00 0.00 
 0.00 0.00 0.00 0.00 0.00 0.89 1.00 1.00 0.38 0.00 0.00 0.00 0.00 0.11 1.00 1.00 0.33 0.00 0.00 0.00 
 0.00 0.00 0.00 0.00 0.00 0.89 1.00 0.91 0.04 0.00 0.00 0.00 0.00 0.11 1.00 1.00 0.33 0.00 0.00 0.00 
 0.00 0.00 0.00 0.00 0.00 0.89 1.00 0.67 0.00 0.00 0.00 0.00 0.00 0.11 1.00 1.00 0.33 0.00 0.00 0.00 
 0.00 0.00 0.00 0.00 0.00 0.89 1.00 0.44 0.00 0.00 0.00 0.00 0.00 0.11 1.00 1.00 0.33 0.00 0.00 0.00 
 0.00 0.00 0.00 0.00 0.00 0.89 1.00 0.29 0.00 0.00 0.00 0.00 0.00 0.11 1.00 1.00 0.33 0.00 0.00 0.00 
 0.00 0.00 0.00 0.00 0.00 0.89 1.00 0.22 0.00 0.00 0.00 0.00 0.00 0.11 1.00 1.00 0.33 0.00 0.00 0.00 
 0.00 0.00 0.00 0.00 0.02 0.90 1.00 0.26 0.00 0.00 0.00 0.00 0.00 0.11 1.00 1.00 0.33 0.00 0.00 0.00 
 0.00 0.00 0.00 0.00 0.15 1.00 1.00 0.49 0.00 0.00 0.00 0.00 0.00 0.11 1.00 1.00 0.51 0.00 0.00 0.00 
 