0.00 0.00 0.00 0.00 0.03 0.25 0.65 0.98 0.11 0.00 0.00 0.00 0.00 0.00 0.00 0.00 0.00 0.00 0.00 0.00 
 0.00 0.00 0.00 0.35 0.74 1.00 1.00 1.00 0.11 0.00 0.00 0.00 0.00 0.00 0.00 0.00 0.00 0.00 0.00 0.00 
 0.00 0.00 0.00 0.09 0.02 0.77 1.00 1.00 0.11 0.00 0.00 0.00 0.00 0.00 0.00 0.00 0.00 0.00 0.00 0.00 
 0.00 0.00 0.00 0.00 0.00 0.55 1.00 1.00 0.11 0.00 0.00 0.00 0.00 0.00 0.00 0.00 0.00 0.00 0.00 0.00 
 0.00 0.00 0.00 0.00 0.00 0.45 1.00 1.00 0.11 0.00 0.00 0.00 0.00 0.00 0.00 0.00 0.00 0.00 0.00 0.00 
 0.00 0.00 0.00 0.00 0.00 0.45 1.00 1.00 0.11 0.00 0.00 0.00 0.00 0.00 0.00 0.00 0.00 0.00 0.00 0.00 
 0.00 0.00 0.00 0.00 0.00 0.45 1.00 1.00 0.11 0.00 0.00 0.00 0.00 0.00 0.00 0.00 0.00 0.00 0.00 0.00 
 0.00 0.00 0.00 0.00 0.00 0.45 1.00 1.00 0.11 0.00 0.07 0.44 0.65 0.60 0.24 0.00 0.00 0.00 0.00 0.00 
 0.00 0.00 0.00 0.00 0.00 0.45 1.00 1.00 0.11 0.25 0.90 1.00 1.00 1.00 0.98 0.30 0.00 0.00 0.00 0.00 
 0.00 0.00 0.00 0.00 0.00 0.45 1.00 1.00 0.40 0.84 0.45 0.22 0.45 0.96 1.00 0.82 0.00 0.00 0.00 0.00 
 0.00 0.00 0.00 0.00 0.00 0.45 1.00 1.00 0.71 0.07 0.00 0.00 0.00 0.55 1.00 0.99 0.15 0.00 0.00 0.00 
 0.00 0.00 0.00 0.00 0.00 0.45 1.00 1.00 0.13 0.00 0.00 0.00 0.00 0.29 1.00 1.00 0.26 0.00 0.00 0.00 
 0.00 0.00 0.00 0.00 0.00 0.45 1.00 1.00 0.11 0.00 0.00 0.00 0.00 0.22 1.00 1.00 0.33 0.00 0.00 0.00 
 0.00 0.00 0.00 0.00 0.00 0.45 1.00 1.00 0.11 0.00 0.00 0.00 0.00 0.22 1.00 1.00 0.33 0.00 0.00 0.00 
 0.00 0.00 0.00 0.00 0.00 0.45 1.00 1.00 0.11 0.00 0.00 0.00 0.00 0.22 1.00 1.00 0.33 0.00 0.00 0.00 
 0.00 0.00 0.00 0.00 0.00 0.45 1.00 1.00 0.11 0.00 0.00 0.00 0.00 0.22 1.00 1.00 0.33 0.00 0.00 0.00 
 0.00 0.00 0.00 0.00 0.00 0.45 1.00 1.00 0.11 0.00 0.00 0.00 0.00 0.22 1.00 1.00 0.33 0.00 0.00 0.00 
 0.00 0.00 0.00 0.00 0.00 0.45 1.00 1.00 0.11 0.00 0.00 0.00 0.00 0.22 1.00 1.00 0.33 0.00 0.00 0.00 
 0.00 0.00 0.00 0.00 0.00 0.45 1.00 1.00 0.11 0.00 0.00 0.00 0.00 0.22 1.00 1.00 0.33 0.00 0.00 0.00 
 0.00 0.00 0.00 0.00 0.00 0.52 1.00 1.00 0.14 0.00 0.00 0.00 0.00 0.24 1.00 1.00 0.38 0.00 0.00 0.00 
 