0.00 0.00 0.00 0.00 0.00 0.01 0.20 0.55 0.87 0.86 0.03 0.00 0.00 0.00 0.00 0.00 0.00 0.00 0.00 0.00 
 0.00 0.00 0.00 0.00 0.28 0.78 1.00 1.00 1.00 0.99 0.09 0.00 0.00 0.00 0.00 0.00 0.00 0.00 0.00 0.00 
 0.00 0.00 0.00 0.00 0.32 0.40 0.65 1.00 1.00 0.90 0.00 0.00 0.00 0.00 0.00 0.00 0.00 0.00 0.00 0.00 
 0.00 0.00 0.00 0.00 0.00 0.00 0.40 1.00 1.00 0.86 0.00 0.00 0.00 0.00 0.00 0.00 0.00 0.00 0.00 0.00 
 0.00 0.00 0.00 0.00 0.00 0.00 0.49 1.00 1.00 0.72 0.00 0.00 0.00 0.00 0.00 0.00 0.00 0.00 0.00 0.00 
 0.00 0.00 0.00 0.00 0.00 0.00 0.60 1.00 1.00 0.57 0.00 0.00 0.00 0.00 0.00 0.00 0.00 0.00 0.00 0.00 
 0.00 0.00 0.00 0.00 0.00 0.00 0.73 1.00 1.00 0.44 0.00 0.00 0.00 0.00 0.00 0.00 0.00 0.00 0.00 0.00 
 0.00 0.00 0.00 0.00 0.00 0.00 0.86 1.00 1.00 0.28 0.00 0.00 0.00 0.03 0.09 0.00 0.00 0.00 0.00 0.00 
 0.00 0.00 0.00 0.00 0.00 0.08 0.98 1.00 0.99 0.13 0.01 0.23 0.65 0.91 0.99 0.60 0.00 0.00 0.00 0.00 
 0.00 0.00 0.00 0.00 0.00 0.14 1.00 1.00 0.90 0.05 0.60 1.00 1.00 1.00 1.00 0.95 0.05 0.00 0.00 0.00 
 0.00 0.00 0.00 0.00 0.00 0.29 1.00 1.00 0.89 0.76 0.97 0.70 0.86 1.00 1.00 1.00 0.10 0.00 0.00 0.00 
 0.00 0.00 0.00 0.00 0.00 0.45 1.00 1.00 1.00 0.92 0.23 0.00 0.43 1.00 1.00 0.91 0.01 0.00 0.00 0.00 
 0.00 0.00 0.00 0.00 0.00 0.60 1.00 1.00 0.98 0.27 0.00 0.00 0.43 1.00 1.00 0.85 0.00 0.00 0.00 0.00 
 0.00 0.00 0.00 0.00 0.00 0.75 1.00 1.00 0.73 0.00 0.00 0.00 0.55 1.00 1.00 0.68 0.00 0.00 0.00 0.00 
 0.00 0.00 0.00 0.00 0.03 0.92 1.00 1.00 0.40 0.00 0.00 0.00 0.71 1.00 1.00 0.51 0.00 0.00 0.00 0.00 
 0.00 0.00 0.00 0.00 0.11 1.00 1.00 1.00 0.18 0.00 0.00 0.01 0.87 1.00 1.00 0.33 0.00 0.00 0.00 0.00 
 0.00 0.00 0.00 0.00 0.24 1.00 1.00 0.92 0.02 0.00 0.00 0.10 1.00 1.00 1.00 0.16 0.00 0.00 0.00 0.00 
 0.00 0.00 0.00 0.00 0.40 1.00 1.00 0.85 0.00 0.00 0.00 0.20 1.00 1.00 0.93 0.03 0.00 0.00 0.00 0.00 
 0.00 0.00 0.00 0.00 0.57 1.00 1.00 0.72 0.00 0.00 0.00 0.35 1.00 1.00 0.95 0.21 0.37 0.07 0.00 0.00 
 0.00 0.00 0.00 0.00 0.75 1.00 1.00 0.65 0.00 0.00 0.00 0.48 1.00 1.00 1.00 1.00 0.80 0.13 0.00 0.00 
 