0.00 0.00 0.00 0.20 0.88 0.82 0.82 0.96 0.33 0.00 0.00 0.00 0.00 0.00 0.00 0.00 0.00 0.00 0.00 0.00 
 0.00 0.00 0.00 0.02 0.29 0.73 1.00 1.00 0.45 0.00 0.00 0.00 0.00 0.00 0.00 0.00 0.00 0.00 0.00 0.00 
 0.00 0.00 0.00 0.00 0.00 0.11 1.00 1.00 0.45 0.00 0.00 0.00 0.00 0.00 0.00 0.00 0.00 0.00 0.00 0.00 
 0.00 0.00 0.00 0.00 0.00 0.11 1.00 1.00 0.45 0.00 0.00 0.00 0.00 0.00 0.00 0.00 0.00 0.00 0.00 0.00 
 0.00 0.00 0.00 0.00 0.00 0.11 1.00 1.00 0.45 0.00 0.00 0.00 0.00 0.00 0.00 0.00 0.00 0.00 0.00 0.00 
 0.00 0.00 0.00 0.00 0.00 0.11 1.00 1.00 0.45 0.00 0.00 0.00 0.00 0.00 0.00 0.00 0.00 0.00 0.00 0.00 
 0.00 0.00 0.00 0.00 0.00 0.11 1.00 1.00 0.45 0.00 0.00 0.00 0.00 0.00 0.00 0.00 0.00 0.00 0.00 0.00 
 0.00 0.00 0.00 0.00 0.00 0.11 1.00 1.00 0.45 0.00 0.00 0.00 0.00 0.00 0.00 0.00 0.00 0.00 0.00 0.00 
 0.00 0.00 0.00 0.00 0.00 0.11 1.00 1.00 0.45 0.00 0.00 0.00 0.00 0.00 0.00 0.00 0.00 0.00 0.00 0.00 
 0.00 0.00 0.00 0.00 0.00 0.11 1.00 1.00 0.45 0.00 0.00 0.00 0.00 0.00 0.00 0.00 0.00 0.00 0.00 0.00 
 0.00 0.00 0.00 0.00 0.00 0.11 1.00 1.00 0.45 0.00 0.00 0.00 0.06 0.06 0.00 0.00 0.00 0.00 0.00 0.00 
 0.00 0.00 0.00 0.00 0.00 0.11 1.00 1.00 0.45 0.00 0.18 0.63 0.95 0.94 0.57 0.05 0.00 0.00 0.00 0.00 
 0.00 0.00 0.00 0.00 0.00 0.11 1.00 1.00 0.46 0.45 0.98 0.91 0.91 1.00 1.00 0.67 0.00 0.00 0.00 0.00 
 0.00 0.00 0.00 0.00 0.00 0.11 1.00 1.00 0.55 0.91 0.46 0.03 0.04 0.77 1.00 0.89 0.00 0.00 0.00 0.00 
 0.00 0.00 0.00 0.00 0.00 0.11 1.00 1.00 0.45 0.04 0.00 0.00 0.00 0.56 1.00 0.89 0.00 0.00 0.00 0.00 
 0.00 0.00 0.00 0.00 0.00 0.11 1.00 1.00 0.45 0.00 0.00 0.00 0.00 0.48 1.00 0.89 0.00 0.00 0.00 0.00 
 0.00 0.00 0.00 0.00 0.00 0.11 1.00 1.00 0.45 0.00 0.00 0.00 0.00 0.45 1.00 0.89 0.00 0.00 0.00 0.00 
 0.00 0.00 0.00 0.00 0.00 0.11 1.00 1.00 0.45 0.00 0.00 0.00 0.00 0.45 1.00 0.89 0.00 0.00 0.00 0.00 
 0.00 0.00 0.00 0.00 0.00 0.11 1.00 1.00 0.45 0.00 0.00 0.00 0.00 0.45 1.00 0.89 0.00 0.00 0.00 0.00 
 0.00 0.00 0.00 0.00 0.00 0.14 1.00 1.00 0.48 0.00 0.00 0.00 0.00 0.48 1.00 0.91 0.03 0.00 0.00 0.00 
 