0.00 0.00 0.00 0.00 0.30 1.00 0.98 0.09 0.00 0.00 0.00 0.00 0.00 0.00 0.00 0.00 0.00 0.00 0.00 0.00 
 0.00 0.00 0.00 0.00 0.33 1.00 1.00 0.11 0.00 0.00 0.00 0.00 0.00 0.00 0.00 0.00 0.00 0.00 0.00 0.00 
 0.00 0.00 0.00 0.00 0.33 1.00 1.00 0.11 0.00 0.00 0.00 0.00 0.00 0.00 0.00 0.00 0.00 0.00 0.00 0.00 
 0.00 0.00 0.00 0.00 0.33 1.00 1.00 0.11 0.00 0.00 0.00 0.00 0.00 0.00 0.00 0.00 0.00 0.00 0.00 0.00 
 0.00 0.00 0.00 0.00 0.33 1.00 1.00 0.11 0.00 0.00 0.00 0.00 0.00 0.00 0.00 0.00 0.00 0.00 0.00 0.00 
 0.00 0.00 0.00 0.00 0.33 1.00 1.00 0.11 0.00 0.00 0.00 0.00 0.00 0.00 0.00 0.00 0.00 0.00 0.00 0.00 
 0.00 0.00 0.00 0.00 0.33 1.00 1.00 0.11 0.00 0.18 0.49 0.62 0.55 0.29 0.03 0.00 0.00 0.00 0.00 0.00 
 0.00 0.00 0.00 0.00 0.33 1.00 1.00 0.15 0.56 0.99 1.00 1.00 1.00 1.00 0.72 0.05 0.00 0.00 0.00 0.00 
 0.00 0.00 0.00 0.00 0.33 1.00 1.00 0.74 1.00 0.90 0.62 0.60 0.88 1.00 1.00 0.62 0.00 0.00 0.00 0.00 
 0.00 0.00 0.00 0.00 0.33 1.00 1.00 1.00 0.72 0.07 0.00 0.00 0.09 0.85 1.00 0.95 0.07 0.00 0.00 0.00 
 0.00 0.00 0.00 0.00 0.33 1.00 1.00 0.71 0.02 0.00 0.00 0.00 0.00 0.37 1.00 1.00 0.30 0.00 0.00 0.00 
 0.00 0.00 0.00 0.00 0.33 1.00 1.00 0.14 0.00 0.00 0.00 0.00 0.00 0.15 1.00 1.00 0.41 0.00 0.00 0.00 
 0.00 0.00 0.00 0.00 0.33 1.00 1.00 0.11 0.00 0.00 0.00 0.00 0.00 0.11 1.00 1.00 0.45 0.00 0.00 0.00 
 0.00 0.00 0.00 0.00 0.33 1.00 1.00 0.11 0.00 0.00 0.00 0.00 0.00 0.11 1.00 1.00 0.45 0.00 0.00 0.00 
 0.00 0.00 0.00 0.00 0.33 1.00 1.00 0.11 0.00 0.00 0.00 0.00 0.00 0.11 1.00 1.00 0.45 0.00 0.00 0.00 
 0.00 0.00 0.00 0.00 0.33 1.00 1.00 0.11 0.00 0.00 0.00 0.00 0.00 0.11 1.00 1.00 0.45 0.00 0.00 0.00 
 0.00 0.00 0.00 0.00 0.33 1.00 1.00 0.11 0.00 0.00 0.00 0.00 0.00 0.11 1.00 1.00 0.45 0.00 0.00 0.00 
 0.00 0.00 0.00 0.00 0.33 1.00 1.00 0.11 0.00 0.00 0.00 0.00 0.00 0.11 1.00 1.00 0.45 0.00 0.00 0.00 
 0.00 0.00 0.00 0.00 0.33 1.00 1.00 0.11 0.00 0.00 0.00 0.00 0.00 0.11 1.00 1.00 0.45 0.00 0.00 0.00 
 0.00 0.00 0.00 0.00 0.33 1.00 1.00 0.11 0.00 0.00 0.00 0.00 0.00 0.11 1.00 1.00 0.45 0.00 0.00 0.00 
 