0.00 0.00 0.00 0.00 0.64 0.89 0.99 0.11 0.00 0.00 0.00 0.00 0.00 0.00 0.00 0.00 0.00 0.00 0.00 0.00 
 0.00 0.00 0.00 0.00 0.64 1.00 1.00 0.11 0.00 0.00 0.00 0.00 0.00 0.00 0.00 0.00 0.00 0.00 0.00 0.00 
 0.00 0.00 0.00 0.00 0.56 1.00 0.99 0.10 0.00 0.00 0.00 0.00 0.00 0.00 0.00 0.00 0.00 0.00 0.00 0.00 
 0.00 0.00 0.00 0.00 0.49 1.00 0.89 0.00 0.00 0.00 0.00 0.00 0.00 0.00 0.00 0.00 0.00 0.00 0.00 0.00 
 0.00 0.00 0.00 0.00 0.45 1.00 0.89 0.00 0.00 0.00 0.00 0.00 0.00 0.00 0.00 0.00 0.00 0.00 0.00 0.00 
 0.00 0.00 0.00 0.00 0.45 1.00 0.89 0.00 0.00 0.00 0.00 0.00 0.00 0.00 0.00 0.00 0.00 0.00 0.00 0.00 
 0.00 0.00 0.00 0.00 0.35 1.00 0.89 0.00 0.00 0.06 0.26 0.42 0.45 0.32 0.13 0.00 0.00 0.00 0.00 0.00 
 0.00 0.00 0.00 0.00 0.33 1.00 0.89 0.05 0.48 0.93 1.00 1.00 1.00 1.00 0.99 0.58 0.04 0.00 0.00 0.00 
 0.00 0.00 0.00 0.00 0.33 1.00 0.94 0.79 1.00 0.89 0.73 0.67 0.82 0.98 1.00 1.00 0.57 0.00 0.00 0.00 
 0.00 0.00 0.00 0.00 0.33 1.00 1.00 0.85 0.36 0.02 0.00 0.00 0.00 0.30 0.96 1.00 0.93 0.04 0.00 0.00 
 0.00 0.00 0.00 0.00 0.33 1.00 1.00 0.15 0.00 0.00 0.00 0.00 0.00 0.00 0.57 1.00 1.00 0.19 0.00 0.00 
 0.00 0.00 0.00 0.00 0.33 1.00 1.00 0.11 0.00 0.00 0.00 0.00 0.00 0.00 0.32 1.00 1.00 0.22 0.00 0.00 
 0.00 0.00 0.00 0.00 0.33 1.00 1.00 0.11 0.00 0.00 0.00 0.00 0.00 0.00 0.22 1.00 1.00 0.22 0.00 0.00 
 0.00 0.00 0.00 0.00 0.33 1.00 1.00 0.11 0.00 0.00 0.00 0.00 0.00 0.00 0.22 1.00 1.00 0.22 0.00 0.00 
 0.00 0.00 0.00 0.00 0.33 1.00 1.00 0.11 0.00 0.00 0.00 0.00 0.00 0.00 0.22 1.00 1.00 0.22 0.00 0.00 
 0.00 0.00 0.00 0.00 0.33 1.00 1.00 0.11 0.00 0.00 0.00 0.00 0.00 0.00 0.22 1.00 1.00 0.22 0.00 0.00 
 0.00 0.00 0.00 0.00 0.33 1.00 1.00 0.11 0.00 0.00 0.00 0.00 0.00 0.00 0.29 1.00 1.00 0.22 0.00 0.00 
 0.00 0.00 0.00 0.00 0.36 1.00 1.00 0.11 0.00 0.00 0.00 0.00 0.00 0.00 0.33 1.00 1.00 0.22 0.00 0.00 
 0.00 0.00 0.00 0.00 0.45 1.00 1.00 0.11 0.00 0.00 0.00 0.00 0.00 0.00 0.33 1.00 1.00 0.22 0.00 0.00 
 0.00 0.00 0.00 0.00 0.45 1.00 1.00 0.11 0.00 0.00 0.00 0.00 0.00 0.00 0.44 1.00 1.00 0.22 0.00 0.00 
 