0.00 0.17 0.97 1.00 1.00 0.88 0.00 0.00 0.00 0.00 0.00 0.00 0.00 0.00 0.00 0.00 0.00 0.00 0.00 0.00 
 0.00 0.03 0.35 0.38 0.61 0.88 0.00 0.00 0.00 0.00 0.00 0.00 0.00 0.00 0.00 0.00 0.00 0.00 0.00 0.00 
 0.00 0.00 0.00 0.00 0.38 0.88 0.00 0.00 0.00 0.00 0.00 0.00 0.00 0.00 0.00 0.00 0.00 0.00 0.00 0.00 
 0.00 0.00 0.00 0.00 0.38 0.88 0.00 0.00 0.00 0.00 0.00 0.00 0.00 0.00 0.00 0.00 0.00 0.00 0.00 0.00 
 0.00 0.00 0.00 0.00 0.38 0.88 0.00 0.00 0.00 0.00 0.00 0.00 0.00 0.00 0.00 0.00 0.00 0.00 0.00 0.00 
 0.00 0.00 0.00 0.00 0.38 0.88 0.00 0.00 0.00 0.00 0.00 0.00 0.00 0.00 0.00 0.00 0.00 0.00 0.00 0.00 
 0.00 0.00 0.00 0.00 0.38 0.88 0.00 0.00 0.17 0.56 0.82 0.88 0.80 0.56 0.16 0.00 0.00 0.00 0.00 0.00 
 0.00 0.00 0.00 0.00 0.38 0.88 0.03 0.50 0.97 0.80 0.56 0.50 0.61 0.88 0.96 0.35 0.00 0.00 0.00 0.00 
 0.00 0.00 0.00 0.00 0.38 0.91 0.67 0.96 0.39 0.00 0.00 0.00 0.00 0.05 0.58 0.96 0.19 0.00 0.00 0.00 
 0.00 0.00 0.00 0.00 0.38 1.00 0.96 0.33 0.00 0.00 0.00 0.00 0.00 0.00 0.03 0.77 0.69 0.00 0.00 0.00 
 0.00 0.00 0.00 0.00 0.38 0.99 0.36 0.00 0.00 0.00 0.00 0.00 0.00 0.00 0.00 0.44 0.88 0.00 0.00 0.00 
 0.00 0.00 0.00 0.00 0.38 0.88 0.00 0.00 0.00 0.00 0.00 0.00 0.00 0.00 0.00 0.38 0.88 0.00 0.00 0.00 
 0.00 0.00 0.00 0.00 0.38 0.88 0.00 0.00 0.00 0.00 0.00 0.00 0.00 0.00 0.00 0.38 0.88 0.00 0.00 0.00 
 0.00 0.00 0.00 0.00 0.38 0.88 0.00 0.00 0.00 0.00 0.00 0.00 0.00 0.00 0.00 0.38 0.88 0.00 0.00 0.00 
 0.00 0.00 0.00 0.00 0.38 0.88 0.00 0.00 0.00 0.00 0.00 0.00 0.00 0.00 0.00 0.38 0.88 0.00 0.00 0.00 
 0.00 0.00 0.00 0.00 0.38 0.88 0.00 0.00 0.00 0.00 0.00 0.00 0.00 0.00 0.00 0.38 0.88 0.00 0.00 0.00 
 0.00 0.00 0.00 0.00 0.38 0.88 0.00 0.00 0.00 0.00 0.00 0.00 0.00 0.00 0.00 0.38 0.88 0.00 0.00 0.00 
 0.00 0.00 0.00 0.00 0.38 0.88 0.00 0.00 0.00 0.00 0.00 0.00 0.00 0.00 0.00 0.38 0.88 0.00 0.00 0.00 
 0.00 0.00 0.00 0.00 0.38 0.88 0.00 0.00 0.00 0.00 0.00 0.00 0.00 0.00 0.00 0.38 0.88 0.00 0.00 0.00 
 0.00 0.00 0.00 0.00 0.38 0.88 0.00 0.00 0.00 0.00 0.00 0.00 0.00 0.00 0.00 0.38 0.88 0.00 0.00 0.00 
 