0.00 0.00 0.00 0.06 0.33 0.75 0.92 0.09 0.00 0.00 0.00 0.00 0.00 0.00 0.00 0.00 0.00 0.00 0.00 0.00 
 0.00 0.00 0.00 0.39 0.95 1.00 1.00 0.17 0.00 0.00 0.00 0.00 0.00 0.00 0.00 0.00 0.00 0.00 0.00 0.00 
 0.00 0.00 0.00 0.00 0.28 1.00 1.00 0.17 0.00 0.00 0.00 0.00 0.00 0.00 0.00 0.00 0.00 0.00 0.00 0.00 
 0.00 0.00 0.00 0.00 0.17 1.00 1.00 0.17 0.00 0.00 0.00 0.00 0.00 0.00 0.00 0.00 0.00 0.00 0.00 0.00 
 0.00 0.00 0.00 0.00 0.17 1.00 1.00 0.17 0.00 0.00 0.00 0.00 0.00 0.00 0.00 0.00 0.00 0.00 0.00 0.00 
 0.00 0.00 0.00 0.00 0.17 1.00 1.00 0.17 0.00 0.00 0.00 0.00 0.00 0.00 0.00 0.00 0.00 0.00 0.00 0.00 
 0.00 0.00 0.00 0.00 0.17 1.00 1.00 0.17 0.00 0.00 0.00 0.00 0.00 0.00 0.00 0.00 0.00 0.00 0.00 0.00 
 0.00 0.00 0.00 0.00 0.17 1.00 1.00 0.17 0.00 0.00 0.03 0.17 0.14 0.00 0.00 0.00 0.00 0.00 0.00 0.00 
 0.00 0.00 0.00 0.00 0.17 1.00 1.00 0.17 0.14 0.58 0.86 1.00 0.97 0.73 0.31 0.00 0.00 0.00 0.00 0.00 
 0.00 0.00 0.00 0.00 0.17 1.00 1.00 0.56 0.95 0.89 0.75 0.67 0.78 0.97 0.97 0.53 0.00 0.00 0.00 0.00 
 0.00 0.00 0.00 0.00 0.17 1.00 1.00 0.92 0.47 0.06 0.00 0.00 0.00 0.33 0.95 0.97 0.25 0.00 0.00 0.00 
 0.00 0.00 0.00 0.00 0.17 1.00 1.00 0.28 0.00 0.00 0.00 0.00 0.00 0.00 0.53 1.00 0.61 0.00 0.00 0.00 
 0.00 0.00 0.00 0.00 0.17 1.00 1.00 0.17 0.00 0.00 0.00 0.00 0.00 0.00 0.33 1.00 0.81 0.00 0.00 0.00 
 0.00 0.00 0.00 0.00 0.17 1.00 1.00 0.17 0.00 0.00 0.00 0.00 0.00 0.00 0.33 1.00 0.84 0.00 0.00 0.00 
 0.00 0.00 0.00 0.00 0.17 1.00 1.00 0.17 0.00 0.00 0.00 0.00 0.00 0.00 0.33 1.00 0.84 0.00 0.00 0.00 
 0.00 0.00 0.00 0.00 0.17 1.00 1.00 0.17 0.00 0.00 0.00 0.00 0.00 0.00 0.33 1.00 0.84 0.00 0.00 0.00 
 0.00 0.00 0.00 0.00 0.17 1.00 1.00 0.17 0.00 0.00 0.00 0.00 0.00 0.00 0.33 1.00 0.84 0.00 0.00 0.00 
 0.00 0.00 0.00 0.00 0.17 1.00 1.00 0.17 0.00 0.00 0.00 0.00 0.00 0.00 0.33 1.00 0.84 0.00 0.00 0.00 
 0.00 0.00 0.00 0.00 0.17 1.00 1.00 0.17 0.00 0.00 0.00 0.00 0.00 0.00 0.33 1.00 0.84 0.00 0.00 0.00 
 0.00 0.00 0.00 0.00 0.17 1.00 1.00 0.22 0.00 0.00 0.00 0.00 0.00 0.00 0.39 1.00 0.84 0.00 0.00 0.00 
 