0.00 0.00 0.00 0.00 0.89 1.00 0.56 0.00 0.00 0.00 0.00 0.00 0.00 0.00 0.00 0.00 0.00 0.00 0.00 0.00 
 0.00 0.00 0.00 0.00 0.89 1.00 0.56 0.00 0.00 0.00 0.00 0.00 0.00 0.00 0.00 0.00 0.00 0.00 0.00 0.00 
 0.00 0.00 0.00 0.00 0.89 1.00 0.56 0.00 0.00 0.00 0.00 0.00 0.00 0.00 0.00 0.00 0.00 0.00 0.00 0.00 
 0.00 0.00 0.00 0.00 0.89 1.00 0.56 0.00 0.00 0.00 0.00 0.00 0.00 0.00 0.00 0.00 0.00 0.00 0.00 0.00 
 0.00 0.00 0.00 0.00 0.89 1.00 0.56 0.00 0.00 0.00 0.00 0.00 0.00 0.00 0.00 0.00 0.00 0.00 0.00 0.00 
 0.00 0.00 0.00 0.00 0.89 1.00 0.56 0.05 0.42 0.74 0.89 0.88 0.72 0.38 0.03 0.00 0.00 0.00 0.00 0.00 
 0.00 0.00 0.00 0.00 0.89 1.00 0.68 0.80 1.00 1.00 1.00 1.00 1.00 1.00 0.67 0.02 0.00 0.00 0.00 0.00 
 0.00 0.00 0.00 0.00 0.89 1.00 1.00 0.98 0.60 0.22 0.11 0.27 0.78 1.00 1.00 0.36 0.00 0.00 0.00 0.00 
 0.00 0.00 0.00 0.00 0.89 1.00 1.00 0.42 0.00 0.00 0.00 0.00 0.10 0.94 1.00 0.68 0.00 0.00 0.00 0.00 
 0.00 0.00 0.00 0.00 0.89 1.00 0.87 0.02 0.00 0.00 0.00 0.00 0.00 0.67 1.00 0.83 0.00 0.00 0.00 0.00 
 0.00 0.00 0.00 0.00 0.89 1.00 0.65 0.00 0.00 0.00 0.00 0.00 0.00 0.56 1.00 0.89 0.00 0.00 0.00 0.00 
 0.00 0.00 0.00 0.00 0.89 1.00 0.56 0.00 0.00 0.00 0.00 0.00 0.00 0.56 1.00 0.89 0.00 0.00 0.00 0.00 
 0.00 0.00 0.00 0.00 0.89 1.00 0.56 0.00 0.00 0.00 0.00 0.00 0.00 0.56 1.00 0.89 0.00 0.00 0.00 0.00 
 0.00 0.00 0.00 0.00 0.89 1.00 0.56 0.00 0.00 0.00 0.00 0.00 0.00 0.56 1.00 0.89 0.00 0.00 0.00 0.00 
 0.00 0.00 0.00 0.00 0.89 1.00 0.56 0.00 0.00 0.00 0.00 0.00 0.00 0.56 1.00 0.89 0.00 0.00 0.00 0.00 
 0.00 0.00 0.00 0.00 0.89 1.00 0.56 0.00 0.00 0.00 0.00 0.00 0.00 0.56 1.00 0.89 0.00 0.00 0.00 0.00 
 0.00 0.00 0.00 0.00 0.89 1.00 0.56 0.00 0.00 0.00 0.00 0.00 0.00 0.56 1.00 0.89 0.00 0.00 0.00 0.00 
 0.00 0.00 0.00 0.00 0.89 1.00 0.56 0.00 0.00 0.00 0.00 0.00 0.00 0.56 1.00 0.89 0.00 0.00 0.00 0.00 
 0.00 0.00 0.00 0.00 0.89 1.00 0.56 0.00 0.00 0.00 0.00 0.00 0.00 0.56 1.00 0.89 0.00 0.00 0.00 0.00 
 0.00 0.00 0.00 0.00 0.89 1.00 0.56 0.00 0.00 0.00 0.00 0.00 0.00 0.56 1.00 0.89 0.00 0.00 0.00 0.00 
 