0.00 0.00 0.00 0.00 0.13 0.89 0.80 0.02 0.00 0.00 0.00 0.00 0.00 0.00 0.00 0.00 0.00 0.00 0.00 0.00 
 0.00 0.00 0.00 0.00 0.33 1.00 1.00 0.18 0.00 0.00 0.00 0.00 0.00 0.00 0.00 0.00 0.00 0.00 0.00 0.00 
 0.00 0.00 0.00 0.00 0.20 1.00 1.00 0.27 0.00 0.00 0.00 0.00 0.00 0.00 0.00 0.00 0.00 0.00 0.00 0.00 
 0.00 0.00 0.00 0.00 0.09 1.00 1.00 0.27 0.00 0.00 0.00 0.00 0.00 0.00 0.00 0.00 0.00 0.00 0.00 0.00 
 0.00 0.00 0.00 0.00 0.12 1.00 1.00 0.27 0.00 0.00 0.00 0.00 0.00 0.00 0.00 0.00 0.00 0.00 0.00 0.00 
 0.00 0.00 0.00 0.00 0.18 1.00 1.00 0.27 0.00 0.00 0.00 0.00 0.00 0.00 0.00 0.00 0.00 0.00 0.00 0.00 
 0.00 0.00 0.00 0.00 0.18 1.00 1.00 0.19 0.00 0.00 0.00 0.00 0.00 0.00 0.00 0.00 0.00 0.00 0.00 0.00 
 0.00 0.00 0.00 0.00 0.18 1.00 1.00 0.18 0.01 0.30 0.71 0.89 0.86 0.57 0.06 0.00 0.00 0.00 0.00 0.00 
 0.00 0.00 0.00 0.00 0.18 1.00 1.00 0.21 0.60 1.00 1.00 1.00 1.00 1.00 0.67 0.00 0.00 0.00 0.00 0.00 
 0.00 0.00 0.00 0.00 0.18 1.00 1.00 0.75 1.00 1.00 0.83 0.57 0.81 1.00 0.95 0.05 0.00 0.00 0.00 0.00 
 0.00 0.00 0.00 0.00 0.18 1.00 1.00 1.00 0.99 0.49 0.01 0.00 0.18 1.00 1.00 0.20 0.00 0.00 0.00 0.00 
 0.00 0.00 0.00 0.00 0.18 1.00 1.00 1.00 0.61 0.00 0.00 0.00 0.09 1.00 1.00 0.27 0.00 0.00 0.00 0.00 
 0.00 0.00 0.00 0.00 0.18 1.00 1.00 0.89 0.06 0.00 0.00 0.00 0.09 1.00 1.00 0.30 0.00 0.00 0.00 0.00 
 0.00 0.00 0.00 0.00 0.18 1.00 1.00 0.42 0.00 0.00 0.00 0.00 0.09 1.00 1.00 0.36 0.00 0.00 0.00 0.00 
 0.00 0.00 0.00 0.00 0.18 1.00 1.00 0.27 0.00 0.00 0.00 0.00 0.09 1.00 1.00 0.42 0.00 0.00 0.00 0.00 
 0.00 0.00 0.00 0.00 0.26 1.00 1.00 0.27 0.00 0.00 0.00 0.00 0.07 0.98 1.00 0.52 0.00 0.00 0.00 0.00 
 0.00 0.00 0.00 0.00 0.27 1.00 1.00 0.24 0.00 0.00 0.00 0.00 0.00 0.89 1.00 0.62 0.00 0.00 0.00 0.00 
 0.00 0.00 0.00 0.00 0.28 1.00 1.00 0.18 0.00 0.00 0.00 0.00 0.00 0.77 1.00 0.76 0.00 0.00 0.00 0.00 
 0.00 0.00 0.00 0.00 0.42 1.00 0.98 0.09 0.00 0.00 0.00 0.00 0.00 0.61 1.00 0.89 0.00 0.00 0.00 0.00 
 0.00 0.00 0.00 0.00 0.34 1.00 0.80 0.00 0.00 0.00 0.00 0.00 0.00 0.41 1.00 0.98 0.07 0.00 0.00 0.00 
 