0.00 0.00 0.00 0.00 0.00 0.00 0.27 0.99 1.00 1.00 1.00 1.00 1.00 1.00 1.00 1.00 1.00 1.00 0.91 0.06 
 0.00 0.00 0.00 0.00 0.00 0.00 0.05 0.36 0.38 0.38 0.38 0.38 0.38 0.85 0.77 0.38 0.38 0.38 0.30 0.00 
 0.00 0.00 0.00 0.00 0.00 0.00 0.00 0.00 0.00 0.00 0.00 0.00 0.00 0.75 0.63 0.00 0.00 0.00 0.00 0.00 
 0.00 0.00 0.00 0.00 0.00 0.00 0.00 0.00 0.00 0.00 0.00 0.00 0.00 0.75 0.63 0.00 0.00 0.00 0.00 0.00 
 0.00 0.00 0.00 0.00 0.00 0.00 0.00 0.00 0.00 0.00 0.00 0.00 0.00 0.75 0.63 0.00 0.00 0.00 0.00 0.00 
 0.00 0.00 0.00 0.00 0.00 0.00 0.00 0.00 0.00 0.00 0.00 0.00 0.00 0.75 0.63 0.00 0.00 0.00 0.00 0.00 
 0.00 0.00 0.00 0.00 0.00 0.00 0.00 0.00 0.00 0.00 0.00 0.00 0.00 0.75 0.63 0.00 0.00 0.00 0.00 0.00 
 0.00 0.00 0.00 0.00 0.00 0.00 0.00 0.00 0.00 0.00 0.00 0.00 0.00 0.75 0.63 0.00 0.00 0.00 0.00 0.00 
 0.00 0.00 0.00 0.00 0.00 0.00 0.00 0.00 0.00 0.00 0.00 0.00 0.00 0.75 0.63 0.00 0.00 0.00 0.00 0.00 
 0.00 0.00 0.00 0.00 0.00 0.00 0.00 0.00 0.00 0.00 0.00 0.00 0.00 0.75 0.63 0.00 0.00 0.00 0.00 0.00 
 0.00 0.00 0.00 0.00 0.00 0.00 0.00 0.00 0.00 0.00 0.00 0.00 0.00 0.75 0.63 0.00 0.00 0.00 0.00 0.00 
 0.00 0.44 0.55 0.00 0.00 0.00 0.00 0.00 0.00 0.00 0.00 0.00 0.00 0.75 0.63 0.00 0.00 0.00 0.00 0.00 
 0.00 0.63 0.75 0.00 0.00 0.00 0.00 0.00 0.00 0.00 0.00 0.00 0.00 0.75 0.63 0.00 0.00 0.00 0.00 0.00 
 0.00 0.63 0.75 0.00 0.00 0.00 0.00 0.00 0.00 0.00 0.00 0.00 0.00 0.75 0.63 0.00 0.00 0.00 0.00 0.00 
 0.00 0.63 0.75 0.00 0.00 0.00 0.00 0.00 0.00 0.00 0.00 0.00 0.00 0.77 0.61 0.00 0.00 0.00 0.00 0.00 
 0.00 0.63 0.75 0.00 0.00 0.00 0.00 0.00 0.00 0.00 0.00 0.00 0.06 0.94 0.44 0.00 0.00 0.00 0.00 0.00 
 0.00 0.63 0.80 0.02 0.00 0.00 0.00 0.00 0.00 0.00 0.00 0.00 0.41 0.96 0.13 0.00 0.00 0.00 0.00 0.00 
 0.00 0.39 0.97 0.63 0.08 0.00 0.00 0.00 0.00 0.00 0.00 0.22 0.96 0.56 0.00 0.00 0.00 0.00 0.00 0.00 
 0.00 0.00 0.30 0.89 0.89 0.44 0.14 0.02 0.02 0.14 0.45 0.96 0.72 0.03 0.00 0.00 0.00 0.00 0.00 0.00 
 0.00 0.00 0.00 0.09 0.58 0.97 1.00 0.89 0.89 1.00 0.96 0.52 0.02 0.00 0.00 0.00 0.00 0.00 0.00 0.00 
 