-1.00 -1.00 -1.00 0.53 1.00 1.00 0.71 -1.00 -1.00 -1.00 -1.00 -1.00 -1.00 -1.00 -1.00 -1.00 -1.00 -1.00 -1.00 -1.00 
 -1.00 -1.00 -1.00 0.53 1.00 1.00 0.71 -1.00 -1.00 -1.00 -1.00 -1.00 -1.00 -1.00 -1.00 -1.00 -1.00 -1.00 -1.00 -1.00 
 -1.00 -1.00 -1.00 0.53 1.00 1.00 0.71 -1.00 -1.00 -1.00 -1.00 -1.00 -1.00 -1.00 -1.00 -1.00 -1.00 -1.00 -1.00 -1.00 
 -1.00 -1.00 -1.00 0.53 1.00 1.00 0.71 -1.00 -1.00 -1.00 -1.00 -1.00 -1.00 -1.00 -1.00 -1.00 -1.00 -1.00 -1.00 -1.00 
 -1.00 -1.00 -1.00 0.53 1.00 1.00 0.71 -1.00 -1.00 -1.00 -1.00 -1.00 -1.00 -1.00 -1.00 -1.00 -1.00 -1.00 -1.00 -1.00 
 -1.00 -1.00 -1.00 0.53 1.00 1.00 0.71 -1.00 -1.00 -1.00 -0.99 0.36 0.96 0.96 0.96 0.20 -1.00 -1.00 -1.00 -1.00 
 -1.00 -1.00 -1.00 0.53 1.00 1.00 0.71 -1.00 -1.00 -1.00 -0.27 1.00 1.00 1.00 0.69 -0.91 -1.00 -1.00 -1.00 -1.00 
 -1.00 -1.00 -1.00 0.53 1.00 1.00 0.71 -1.00 -1.00 -0.79 0.87 1.00 1.00 0.95 -0.62 -1.00 -1.00 -1.00 -1.00 -1.00 
 -1.00 -1.00 -1.00 0.53 1.00 1.00 0.71 -1.00 -0.99 0.44 1.00 1.00 1.00 -0.15 -1.00 -1.00 -1.00 -1.00 -1.00 -1.00 
 -1.00 -1.00 -1.00 0.53 1.00 1.00 0.71 -1.00 -0.21 1.00 1.00 1.00 0.39 -0.99 -1.00 -1.00 -1.00 -1.00 -1.00 -1.00 
 -1.00 -1.00 -1.00 0.53 1.00 1.00 0.71 -0.75 0.90 1.00 1.00 0.79 -0.84 -1.00 -1.00 -1.00 -1.00 -1.00 -1.00 -1.00 
 -1.00 -1.00 -1.00 0.53 1.00 1.00 0.73 0.49 1.00 1.00 0.98 -0.51 -1.00 -1.00 -1.00 -1.00 -1.00 -1.00 -1.00 -1.00 
 -1.00 -1.00 -1.00 0.53 1.00 1.00 1.00 1.00 1.00 1.00 0.60 -0.98 -1.00 -1.00 -1.00 -1.00 -1.00 -1.00 -1.00 -1.00 
 -1.00 -1.00 -1.00 0.53 1.00 1.00 0.76 0.59 1.00 1.00 1.00 0.01 -1.00 -1.00 -1.00 -1.00 -1.00 -1.00 -1.00 -1.00 
 -1.00 -1.00 -1.00 0.53 1.00 1.00 0.71 -0.71 0.90 1.00 1.00 0.99 -0.36 -1.00 -1.00 -1.00 -1.00 -1.00 -1.00 -1.00 
 -1.00 -1.00 -1.00 0.53 1.00 1.00 0.71 -1.00 -0.28 1.00 1.00 1.00 0.91 -0.65 -1.00 -1.00 -1.00 -1.00 -1.00 -1.00 
 -1.00 -1.00 -1.00 0.53 1.00 1.00 0.71 -1.00 -1.00 0.26 1.00 1.00 1.00 0.73 -0.85 -1.00 -1.00 -1.00 -1.00 -1.00 
 -1.00 -1.00 -1.00 0.53 1.00 1.00 0.71 -1.00 -1.00 -0.90 0.71 1.00 1.00 1.00 0.47 -0.97 -1.00 -1.00 -1.00 -1.00 
 -1.00 -1.00 -1.00 0.53 1.00 1.00 0.71 -1.00 -1.00 -1.00 -0.60 0.95 1.00 1.00 1.00 0.13 -1.00 -1.00 -1.00 -1.00 
 -1.00 -1.00 -1.00 0.53 1.00 1.00 0.71 -1.00 -1.00 -1.00 -1.00 -0.11 1.00 1.00 1.00 1.00 -0.24 -1.00 -1.00 -1.00 
 