-1.00 -1.00 -1.00 -0.90 -0.34 0.27 0.85 0.69 -1.00 -1.00 -1.00 -1.00 -1.00 -1.00 -1.00 -1.00 -1.00 -1.00 -1.00 -1.00 
 -1.00 -1.00 -0.23 0.95 1.00 1.00 1.00 0.69 -1.00 -1.00 -1.00 -1.00 -1.00 -1.00 -1.00 -1.00 -1.00 -1.00 -1.00 -1.00 
 -1.00 -1.00 -0.66 -0.31 0.35 1.00 1.00 0.69 -1.00 -1.00 -1.00 -1.00 -1.00 -1.00 -1.00 -1.00 -1.00 -1.00 -1.00 -1.00 
 -1.00 -1.00 -1.00 -1.00 0.00 1.00 1.00 0.69 -1.00 -1.00 -1.00 -1.00 -1.00 -1.00 -1.00 -1.00 -1.00 -1.00 -1.00 -1.00 
 -1.00 -1.00 -1.00 -1.00 0.00 1.00 1.00 0.69 -1.00 -1.00 -1.00 -1.00 -1.00 -1.00 -1.00 -1.00 -1.00 -1.00 -1.00 -1.00 
 -1.00 -1.00 -1.00 -1.00 0.00 1.00 1.00 0.69 -1.00 -1.00 -1.00 -1.00 -1.00 -1.00 -1.00 -1.00 -1.00 -1.00 -1.00 -1.00 
 -1.00 -1.00 -1.00 -1.00 0.00 1.00 1.00 0.69 -1.00 -1.00 -0.98 -0.73 -0.73 -0.73 -0.73 -0.73 -0.87 -1.00 -1.00 -1.00 
 -1.00 -1.00 -1.00 -1.00 0.00 1.00 1.00 0.69 -1.00 -1.00 -0.86 1.00 1.00 1.00 1.00 1.00 -0.06 -1.00 -1.00 -1.00 
 -1.00 -1.00 -1.00 -1.00 0.00 1.00 1.00 0.69 -1.00 -1.00 -0.98 -0.71 0.76 1.00 0.11 -0.62 -0.91 -1.00 -1.00 -1.00 
 -1.00 -1.00 -1.00 -1.00 0.00 1.00 1.00 0.69 -1.00 -1.00 -1.00 0.10 1.00 0.23 -0.99 -1.00 -1.00 -1.00 -1.00 -1.00 
 -1.00 -1.00 -1.00 -1.00 0.00 1.00 1.00 0.69 -1.00 -1.00 -0.19 1.00 0.41 -0.97 -1.00 -1.00 -1.00 -1.00 -1.00 -1.00 
 -1.00 -1.00 -1.00 -1.00 0.00 1.00 1.00 0.69 -1.00 -0.44 0.97 0.68 -0.91 -1.00 -1.00 -1.00 -1.00 -1.00 -1.00 -1.00 
 -1.00 -1.00 -1.00 -1.00 0.00 1.00 1.00 0.69 -0.65 0.89 1.00 0.93 -0.73 -1.00 -1.00 -1.00 -1.00 -1.00 -1.00 -1.00 
 -1.00 -1.00 -1.00 -1.00 0.00 1.00 1.00 0.98 0.84 0.98 1.00 1.00 0.42 -0.99 -1.00 -1.00 -1.00 -1.00 -1.00 -1.00 
 -1.00 -1.00 -1.00 -1.00 0.00 1.00 1.00 0.69 -1.00 -0.04 1.00 1.00 1.00 -0.35 -1.00 -1.00 -1.00 -1.00 -1.00 -1.00 
 -1.00 -1.00 -1.00 -1.00 0.00 1.00 1.00 0.69 -1.00 -0.95 0.68 1.00 1.00 0.78 -0.90 -1.00 -1.00 -1.00 -1.00 -1.00 
 -1.00 -1.00 -1.00 -1.00 0.00 1.00 1.00 0.69 -1.00 -1.00 -0.51 0.99 1.00 1.00 0.11 -1.00 -1.00 -1.00 -1.00 -1.00 
 -1.00 -1.00 -1.00 -1.00 0.00 1.00 1.00 0.69 -1.00 -1.00 -1.00 0.25 1.00 1.00 0.98 -0.62 -1.00 -1.00 -1.00 -1.00 
 -1.00 -1.00 -0.91 -0.57 0.43 1.00 1.00 0.86 -0.51 -0.82 -1.00 -0.84 0.85 1.00 1.00 0.57 -0.55 -0.83 -1.00 -1.00 
 -1.00 -1.00 -0.43 1.00 1.00 1.00 1.00 1.00 1.00 0.10 -1.00 -1.00 0.37 1.00 1.00 1.00 1.00 0.06 -1.00 -1.00 
 