-1.00 -1.00 -1.00 -0.97 -0.65 -0.14 0.47 0.13 -1.00 -1.00 -1.00 -1.00 -1.00 -1.00 -1.00 -1.00 -1.00 -1.00 -1.00 -1.00 
 -1.00 -1.00 0.66 0.96 1.00 1.00 1.00 0.20 -1.00 -1.00 -1.00 -1.00 -1.00 -1.00 -1.00 -1.00 -1.00 -1.00 -1.00 -1.00 
 -1.00 -1.00 -0.58 -0.40 0.89 1.00 1.00 0.20 -1.00 -1.00 -1.00 -1.00 -1.00 -1.00 -1.00 -1.00 -1.00 -1.00 -1.00 -1.00 
 -1.00 -1.00 -1.00 -1.00 0.59 1.00 1.00 0.20 -1.00 -1.00 -1.00 -1.00 -1.00 -1.00 -1.00 -1.00 -1.00 -1.00 -1.00 -1.00 
 -1.00 -1.00 -1.00 -1.00 0.56 1.00 1.00 0.20 -1.00 -1.00 -1.00 -1.00 -1.00 -1.00 -1.00 -1.00 -1.00 -1.00 -1.00 -1.00 
 -1.00 -1.00 -1.00 -1.00 0.56 1.00 1.00 0.20 -1.00 -1.00 -1.00 -1.00 -1.00 -1.00 -1.00 -1.00 -1.00 -1.00 -1.00 -1.00 
 -1.00 -1.00 -1.00 -1.00 0.56 1.00 1.00 0.20 -1.00 -1.00 -1.00 -1.00 -1.00 -1.00 -1.00 -1.00 -1.00 -1.00 -1.00 -1.00 
 -1.00 -1.00 -1.00 -1.00 0.56 1.00 1.00 0.20 -1.00 -1.00 -1.00 -1.00 -0.93 0.31 0.56 0.56 0.56 -0.86 -1.00 -1.00 
 -1.00 -1.00 -1.00 -1.00 0.56 1.00 1.00 0.20 -1.00 -1.00 -1.00 -0.95 0.41 1.00 0.89 -0.07 -0.44 -0.95 -1.00 -1.00 
 -1.00 -1.00 -1.00 -1.00 0.56 1.00 1.00 0.20 -1.00 -1.00 -0.98 0.32 1.00 0.57 -0.73 -1.00 -1.00 -1.00 -1.00 -1.00 
 -1.00 -1.00 -1.00 -1.00 0.56 1.00 1.00 0.20 -1.00 -0.98 0.23 1.00 0.21 -0.96 -1.00 -1.00 -1.00 -1.00 -1.00 -1.00 
 -1.00 -1.00 -1.00 -1.00 0.56 1.00 1.00 0.20 -0.95 0.29 1.00 0.11 -0.99 -1.00 -1.00 -1.00 -1.00 -1.00 -1.00 -1.00 
 -1.00 -1.00 -1.00 -1.00 0.56 1.00 1.00 0.32 0.46 1.00 1.00 -0.06 -1.00 -1.00 -1.00 -1.00 -1.00 -1.00 -1.00 -1.00 
 -1.00 -1.00 -1.00 -1.00 0.56 1.00 1.00 0.76 0.98 1.00 1.00 0.99 -0.27 -1.00 -1.00 -1.00 -1.00 -1.00 -1.00 -1.00 
 -1.00 -1.00 -1.00 -1.00 0.56 1.00 1.00 0.20 -0.19 1.00 1.00 1.00 0.96 -0.45 -1.00 -1.00 -1.00 -1.00 -1.00 -1.00 
 -1.00 -1.00 -1.00 -1.00 0.56 1.00 1.00 0.20 -1.00 0.04 1.00 1.00 1.00 0.90 -0.61 -1.00 -1.00 -1.00 -1.00 -1.00 
 -1.00 -1.00 -1.00 -1.00 0.56 1.00 1.00 0.20 -1.00 -0.99 0.27 1.00 1.00 1.00 0.81 -0.74 -1.00 -1.00 -1.00 -1.00 
 -1.00 -1.00 -1.00 -1.00 0.58 1.00 1.00 0.22 -1.00 -1.00 -0.95 0.51 1.00 1.00 1.00 0.69 -0.84 -1.00 -1.00 -1.00 
 -1.00 -1.00 -0.95 -0.74 0.84 1.00 1.00 0.58 -0.81 -0.96 -1.00 -0.84 0.74 1.00 1.00 1.00 0.59 -0.70 -1.00 -1.00 
 -1.00 -1.00 0.48 0.98 0.93 0.89 0.89 0.93 0.98 0.15 -1.00 -1.00 -0.63 0.81 0.87 0.87 0.87 0.83 -1.00 -1.00 
 