-1.00 -1.00 -1.00 -1.00 -1.00 -0.91 -0.38 -0.09 0.25 0.65 -0.32 -1.00 -1.00 -1.00 -1.00 -1.00 -1.00 -1.00 -1.00 -1.00 
 -1.00 -1.00 -1.00 -1.00 -1.00 -0.91 -0.47 0.19 1.00 1.00 -0.79 -1.00 -1.00 -1.00 -1.00 -1.00 -1.00 -1.00 -1.00 -1.00 
 -1.00 -1.00 -1.00 -1.00 -1.00 -1.00 -1.00 -0.34 1.00 0.69 -1.00 -1.00 -1.00 -1.00 -1.00 -1.00 -1.00 -1.00 -1.00 -1.00 
 -1.00 -1.00 -1.00 -1.00 -1.00 -1.00 -1.00 0.15 1.00 0.16 -1.00 -1.00 -1.00 -1.00 -1.00 -1.00 -1.00 -1.00 -1.00 -1.00 
 -1.00 -1.00 -1.00 -1.00 -1.00 -1.00 -1.00 0.70 1.00 -0.36 -1.00 -1.00 -1.00 -1.00 -1.00 -1.00 -1.00 -1.00 -1.00 -1.00 
 -1.00 -1.00 -1.00 -1.00 -1.00 -1.00 -0.76 1.00 0.98 -0.87 -1.00 -1.00 -1.00 -1.00 -1.00 -1.00 -1.00 -1.00 -1.00 -1.00 
 -1.00 -1.00 -1.00 -1.00 -1.00 -1.00 -0.25 1.00 0.58 -1.00 -1.00 -1.00 -1.00 -1.00 -1.00 -1.00 -1.00 -1.00 -1.00 -1.00 
 -1.00 -1.00 -1.00 -1.00 -1.00 -1.00 0.28 1.00 0.06 -1.00 -0.78 -0.00 0.29 0.29 0.29 0.11 -0.96 -1.00 -1.00 -1.00 
 -1.00 -1.00 -1.00 -1.00 -1.00 -0.99 0.80 1.00 -0.46 -1.00 -1.00 -1.00 0.51 0.75 -0.41 -0.99 -1.00 -1.00 -1.00 -1.00 
 -1.00 -1.00 -1.00 -1.00 -1.00 -0.67 1.00 0.95 -0.93 -1.00 -1.00 -0.15 0.42 -0.87 -1.00 -1.00 -1.00 -1.00 -1.00 -1.00 
 -1.00 -1.00 -1.00 -1.00 -1.00 -0.15 1.00 0.49 -1.00 -0.99 -0.05 0.12 -0.98 -1.00 -1.00 -1.00 -1.00 -1.00 -1.00 -1.00 
 -1.00 -1.00 -1.00 -1.00 -1.00 0.38 1.00 -0.04 -0.93 0.24 -0.13 -1.00 -1.00 -1.00 -1.00 -1.00 -1.00 -1.00 -1.00 -1.00 
 -1.00 -1.00 -1.00 -1.00 -0.97 0.88 1.00 -0.31 0.62 0.45 -1.00 -1.00 -1.00 -1.00 -1.00 -1.00 -1.00 -1.00 -1.00 -1.00 
 -1.00 -1.00 -1.00 -1.00 -0.57 1.00 1.00 0.63 0.99 0.97 -0.77 -1.00 -1.00 -1.00 -1.00 -1.00 -1.00 -1.00 -1.00 -1.00 
 -1.00 -1.00 -1.00 -1.00 -0.04 1.00 0.59 -0.88 0.48 1.00 0.03 -1.00 -1.00 -1.00 -1.00 -1.00 -1.00 -1.00 -1.00 -1.00 
 -1.00 -1.00 -1.00 -1.00 0.48 1.00 -0.10 -1.00 -0.33 1.00 0.80 -0.95 -1.00 -1.00 -1.00 -1.00 -1.00 -1.00 -1.00 -1.00 
 -1.00 -1.00 -1.00 -0.93 0.94 1.00 -0.63 -1.00 -0.96 0.76 1.00 -0.26 -1.00 -1.00 -0.66 -0.96 -1.00 -1.00 -1.00 -1.00 
 -1.00 -1.00 -1.00 -0.47 1.00 0.83 -0.98 -1.00 -1.00 -0.14 1.00 0.72 -0.94 -0.94 0.25 -0.99 -1.00 -1.00 -1.00 -1.00 
 -1.00 -1.00 -1.00 0.06 1.00 0.30 -1.00 -1.00 -1.00 -0.94 0.74 1.00 0.45 0.41 -0.63 -1.00 -1.00 -1.00 -1.00 -1.00 
 -1.00 -1.00 -1.00 0.05 0.40 -0.40 -1.00 -1.00 -1.00 -1.00 -0.55 0.85 0.84 -0.35 -1.00 -1.00 -1.00 -1.00 -1.00 -1.00 
 