0.00 0.00 0.17 1.00 1.00 1.00 1.00 1.00 0.17 0.00 0.00 0.00 0.00 0.00 0.00 0.00 0.00 0.00 0.00 0.00 
 0.00 0.00 0.17 1.00 1.00 1.00 1.00 1.00 0.17 0.00 0.00 0.00 0.00 0.00 0.00 0.00 0.00 0.00 0.00 0.00 
 0.00 0.00 0.14 0.84 0.89 1.00 1.00 1.00 0.17 0.00 0.00 0.00 0.00 0.00 0.00 0.00 0.00 0.00 0.00 0.00 
 0.00 0.00 0.00 0.00 0.33 1.00 1.00 1.00 0.17 0.00 0.00 0.00 0.00 0.00 0.00 0.00 0.00 0.00 0.00 0.00 
 0.00 0.00 0.00 0.00 0.33 1.00 1.00 1.00 0.17 0.00 0.00 0.00 0.00 0.00 0.00 0.00 0.00 0.00 0.00 0.00 
 0.00 0.00 0.00 0.00 0.33 1.00 1.00 1.00 0.17 0.00 0.00 0.00 0.00 0.00 0.00 0.00 0.00 0.00 0.00 0.00 
 0.00 0.00 0.00 0.00 0.33 1.00 1.00 1.00 0.17 0.00 0.70 0.84 0.84 0.84 0.84 0.84 0.84 0.14 0.00 0.00 
 0.00 0.00 0.00 0.00 0.33 1.00 1.00 1.00 0.17 0.00 0.84 1.00 1.00 1.00 1.00 1.00 1.00 0.17 0.00 0.00 
 0.00 0.00 0.00 0.00 0.33 1.00 1.00 1.00 0.17 0.00 0.70 0.86 1.00 1.00 1.00 0.97 0.84 0.14 0.00 0.00 
 0.00 0.00 0.00 0.00 0.33 1.00 1.00 1.00 0.17 0.00 0.03 0.58 1.00 1.00 0.92 0.39 0.00 0.00 0.00 0.00 
 0.00 0.00 0.00 0.00 0.33 1.00 1.00 1.00 0.17 0.09 0.67 1.00 1.00 0.89 0.28 0.00 0.00 0.00 0.00 0.00 
 0.00 0.00 0.00 0.00 0.33 1.00 1.00 1.00 0.25 0.73 1.00 1.00 0.95 0.20 0.00 0.00 0.00 0.00 0.00 0.00 
 0.00 0.00 0.00 0.00 0.33 1.00 1.00 1.00 0.89 1.00 1.00 1.00 1.00 0.39 0.00 0.00 0.00 0.00 0.00 0.00 
 0.00 0.00 0.00 0.00 0.33 1.00 1.00 1.00 1.00 1.00 0.97 1.00 1.00 0.84 0.06 0.00 0.00 0.00 0.00 0.00 
 0.00 0.00 0.00 0.00 0.33 1.00 1.00 1.00 1.00 0.75 0.42 1.00 1.00 1.00 0.53 0.00 0.00 0.00 0.00 0.00 
 0.00 0.00 0.00 0.00 0.33 1.00 1.00 1.00 0.67 0.03 0.03 0.75 1.00 1.00 0.92 0.11 0.00 0.00 0.00 0.00 
 0.00 0.00 0.00 0.00 0.33 1.00 1.00 1.00 0.17 0.00 0.00 0.25 0.97 1.00 1.00 0.58 0.00 0.00 0.00 0.00 
 0.00 0.00 0.03 0.17 0.45 1.00 1.00 1.00 0.31 0.11 0.00 0.14 0.75 1.00 1.00 0.95 0.28 0.14 0.00 0.00 
 0.00 0.00 0.17 1.00 1.00 1.00 1.00 1.00 1.00 0.67 0.00 0.84 1.00 1.00 1.00 1.00 1.00 0.84 0.00 0.00 
 0.00 0.00 0.17 1.00 1.00 1.00 1.00 1.00 1.00 0.67 0.00 0.84 1.00 1.00 1.00 1.00 1.00 0.84 0.00 0.00 
 