0.14 0.97 1.00 1.00 1.00 1.00 0.70 0.00 0.00 0.00 0.00 0.00 0.42 1.00 1.00 1.00 1.00 1.00 0.61 0.00 
 0.03 0.36 0.84 1.00 1.00 0.73 0.17 0.00 0.00 0.00 0.00 0.00 0.09 0.56 1.00 1.00 0.97 0.58 0.11 0.00 
 0.00 0.00 0.50 1.00 1.00 0.20 0.00 0.00 0.00 0.00 0.00 0.00 0.00 0.22 1.00 0.97 0.42 0.00 0.00 0.00 
 0.00 0.00 0.50 1.00 1.00 0.17 0.00 0.00 0.00 0.00 0.00 0.00 0.09 0.75 0.97 0.42 0.00 0.00 0.00 0.00 
 0.00 0.00 0.50 1.00 1.00 0.17 0.00 0.00 0.00 0.00 0.00 0.09 0.73 0.97 0.53 0.00 0.00 0.00 0.00 0.00 
 0.00 0.00 0.50 1.00 1.00 0.17 0.00 0.00 0.00 0.00 0.03 0.70 0.97 0.53 0.00 0.00 0.00 0.00 0.00 0.00 
 0.00 0.00 0.50 1.00 1.00 0.17 0.00 0.00 0.00 0.03 0.58 1.00 0.58 0.00 0.00 0.00 0.00 0.00 0.00 0.00 
 0.00 0.00 0.50 1.00 1.00 0.17 0.00 0.00 0.09 0.61 1.00 0.67 0.03 0.00 0.00 0.00 0.00 0.00 0.00 0.00 
 0.00 0.00 0.50 1.00 1.00 0.17 0.00 0.09 0.73 1.00 0.89 0.09 0.00 0.00 0.00 0.00 0.00 0.00 0.00 0.00 
 0.00 0.00 0.50 1.00 1.00 0.17 0.09 0.73 1.00 1.00 1.00 0.70 0.03 0.00 0.00 0.00 0.00 0.00 0.00 0.00 
 0.00 0.00 0.50 1.00 1.00 0.28 0.73 0.97 0.56 0.58 1.00 1.00 0.58 0.03 0.00 0.00 0.00 0.00 0.00 0.00 
 0.00 0.00 0.50 1.00 1.00 0.92 0.97 0.53 0.00 0.06 0.73 1.00 1.00 0.47 0.00 0.00 0.00 0.00 0.00 0.00 
 0.00 0.00 0.50 1.00 1.00 0.97 0.42 0.00 0.00 0.00 0.11 0.84 1.00 0.97 0.33 0.00 0.00 0.00 0.00 0.00 
 0.00 0.00 0.50 1.00 1.00 0.45 0.00 0.00 0.00 0.00 0.00 0.22 0.95 1.00 0.92 0.17 0.00 0.00 0.00 0.00 
 0.00 0.00 0.50 1.00 1.00 0.17 0.00 0.00 0.00 0.00 0.00 0.00 0.39 1.00 1.00 0.78 0.03 0.00 0.00 0.00 
 0.00 0.00 0.50 1.00 1.00 0.17 0.00 0.00 0.00 0.00 0.00 0.00 0.03 0.64 1.00 1.00 0.50 0.00 0.00 0.00 
 0.00 0.00 0.50 1.00 1.00 0.17 0.00 0.00 0.00 0.00 0.00 0.00 0.00 0.09 0.89 1.00 0.92 0.11 0.00 0.00 
 0.00 0.00 0.50 1.00 1.00 0.17 0.00 0.00 0.00 0.00 0.00 0.00 0.00 0.00 0.36 1.00 1.00 0.61 0.00 0.00 
 0.00 0.00 0.50 1.00 1.00 0.17 0.00 0.00 0.00 0.00 0.00 0.00 0.00 0.00 0.09 0.92 1.00 0.92 0.14 0.00 
 0.00 0.22 0.81 1.00 1.00 0.50 0.09 0.00 0.00 0.00 0.00 0.00 0.00 0.00 0.11 0.89 1.00 1.00 0.81 0.22 
 