0.00 0.00 0.00 0.67 1.00 0.89 0.00 0.00 0.00 0.00 0.00 0.00 0.00 0.05 0.74 1.00 0.99 0.45 0.00 0.00 
 0.00 0.00 0.00 0.67 1.00 0.89 0.00 0.00 0.00 0.00 0.00 0.00 0.02 0.62 1.00 0.99 0.53 0.00 0.00 0.00 
 0.00 0.00 0.00 0.67 1.00 0.89 0.00 0.00 0.00 0.00 0.00 0.02 0.49 1.00 1.00 0.62 0.00 0.00 0.00 0.00 
 0.00 0.00 0.00 0.67 1.00 0.89 0.00 0.00 0.00 0.00 0.00 0.37 1.00 1.00 0.71 0.02 0.00 0.00 0.00 0.00 
 0.00 0.00 0.00 0.67 1.00 0.89 0.00 0.00 0.00 0.00 0.25 0.96 1.00 0.78 0.04 0.00 0.00 0.00 0.00 0.00 
 0.00 0.00 0.00 0.67 1.00 0.89 0.00 0.00 0.00 0.16 0.93 1.00 0.84 0.07 0.00 0.00 0.00 0.00 0.00 0.00 
 0.00 0.00 0.00 0.67 1.00 0.89 0.00 0.00 0.09 0.84 1.00 0.88 0.13 0.00 0.00 0.00 0.00 0.00 0.00 0.00 
 0.00 0.00 0.00 0.67 1.00 0.89 0.00 0.05 0.74 1.00 0.91 0.19 0.00 0.00 0.00 0.00 0.00 0.00 0.00 0.00 
 0.00 0.00 0.00 0.67 1.00 0.89 0.02 0.62 1.00 0.95 0.26 0.00 0.00 0.00 0.00 0.00 0.00 0.00 0.00 0.00 
 0.00 0.00 0.00 0.67 1.00 0.89 0.48 1.00 0.96 0.35 0.00 0.00 0.00 0.00 0.00 0.00 0.00 0.00 0.00 0.00 
 0.00 0.00 0.00 0.67 1.00 0.99 0.99 1.00 0.71 0.00 0.00 0.00 0.00 0.00 0.00 0.00 0.00 0.00 0.00 0.00 
 0.00 0.00 0.00 0.67 1.00 0.91 0.71 1.00 0.99 0.41 0.00 0.00 0.00 0.00 0.00 0.00 0.00 0.00 0.00 0.00 
 0.00 0.00 0.00 0.67 1.00 0.89 0.07 0.83 1.00 0.98 0.31 0.00 0.00 0.00 0.00 0.00 0.00 0.00 0.00 0.00 
 0.00 0.00 0.00 0.67 1.00 0.89 0.00 0.15 0.91 1.00 0.95 0.21 0.00 0.00 0.00 0.00 0.00 0.00 0.00 0.00 
 0.00 0.00 0.00 0.67 1.00 0.89 0.00 0.00 0.26 0.96 1.00 0.90 0.14 0.00 0.00 0.00 0.00 0.00 0.00 0.00 
 0.00 0.00 0.00 0.67 1.00 0.89 0.00 0.00 0.00 0.38 0.99 1.00 0.84 0.09 0.00 0.00 0.00 0.00 0.00 0.00 
 0.00 0.00 0.00 0.67 1.00 0.89 0.00 0.00 0.00 0.00 0.53 1.00 1.00 0.76 0.05 0.00 0.00 0.00 0.00 0.00 
 0.00 0.00 0.00 0.67 1.00 0.89 0.00 0.00 0.00 0.00 0.03 0.68 1.00 1.00 0.65 0.03 0.00 0.00 0.00 0.00 
 0.00 0.00 0.00 0.67 1.00 0.89 0.00 0.00 0.00 0.00 0.00 0.06 0.82 1.00 1.00 0.56 0.00 0.00 0.00 0.00 
 0.00 0.00 0.00 0.67 1.00 0.89 0.00 0.00 0.00 0.00 0.00 0.00 0.14 0.91 1.00 0.99 0.44 0.00 0.00 0.00 
 