0.00 0.00 0.00 0.00 0.00 0.00 0.30 1.00 1.00 0.90 0.00 0.00 0.00 0.00 0.00 0.00 0.00 0.00 0.00 0.00 
 0.00 0.00 0.00 0.00 0.00 0.00 0.47 1.00 1.00 0.78 0.00 0.00 0.00 0.00 0.00 0.00 0.00 0.00 0.00 0.00 
 0.00 0.00 0.00 0.00 0.00 0.00 0.64 1.00 1.00 0.62 0.00 0.00 0.00 0.00 0.00 0.00 0.00 0.00 0.00 0.00 
 0.00 0.00 0.00 0.00 0.00 0.00 0.80 1.00 1.00 0.45 0.00 0.00 0.00 0.00 0.00 0.00 0.00 0.00 0.00 0.00 
 0.00 0.00 0.00 0.00 0.00 0.06 0.96 1.00 1.00 0.28 0.00 0.00 0.00 0.00 0.00 0.00 0.00 0.00 0.00 0.00 
 0.00 0.00 0.00 0.00 0.00 0.15 1.00 1.00 0.98 0.10 0.00 0.04 0.47 0.50 0.50 0.49 0.14 0.00 0.00 0.00 
 0.00 0.00 0.00 0.00 0.00 0.32 1.00 1.00 0.89 0.00 0.01 0.62 1.00 1.00 1.00 0.57 0.00 0.00 0.00 0.00 
 0.00 0.00 0.00 0.00 0.00 0.48 1.00 1.00 0.76 0.00 0.49 1.00 1.00 1.00 0.66 0.01 0.00 0.00 0.00 0.00 
 0.00 0.00 0.00 0.00 0.00 0.65 1.00 1.00 0.60 0.35 0.99 1.00 1.00 0.73 0.03 0.00 0.00 0.00 0.00 0.00 
 0.00 0.00 0.00 0.00 0.00 0.82 1.00 1.00 0.66 0.97 1.00 1.00 0.80 0.06 0.00 0.00 0.00 0.00 0.00 0.00 
 0.00 0.00 0.00 0.00 0.07 0.97 1.00 1.00 0.99 1.00 1.00 0.94 0.10 0.00 0.00 0.00 0.00 0.00 0.00 0.00 
 0.00 0.00 0.00 0.00 0.17 1.00 1.00 1.00 1.00 1.00 1.00 0.99 0.15 0.00 0.00 0.00 0.00 0.00 0.00 0.00 
 0.00 0.00 0.00 0.00 0.34 1.00 1.00 1.00 1.00 1.00 1.00 1.00 0.42 0.00 0.00 0.00 0.00 0.00 0.00 0.00 
 0.00 0.00 0.00 0.00 0.50 1.00 1.00 1.00 0.96 0.70 1.00 1.00 0.68 0.00 0.00 0.00 0.00 0.00 0.00 0.00 
 0.00 0.00 0.00 0.00 0.67 1.00 1.00 0.98 0.36 0.22 1.00 1.00 0.89 0.01 0.00 0.00 0.00 0.00 0.00 0.00 
 0.00 0.00 0.00 0.00 0.84 1.00 1.00 0.54 0.00 0.06 0.96 1.00 1.00 0.21 0.00 0.00 0.00 0.00 0.00 0.00 
 0.00 0.00 0.00 0.08 0.98 1.00 1.00 0.23 0.00 0.00 0.75 1.00 1.00 0.48 0.00 0.00 0.00 0.00 0.00 0.00 
 0.00 0.00 0.00 0.18 1.00 1.00 0.96 0.06 0.00 0.00 0.50 1.00 1.00 0.73 0.00 0.00 0.00 0.00 0.00 0.00 
 0.00 0.00 0.00 0.35 1.00 1.00 0.88 0.00 0.00 0.00 0.25 1.00 1.00 0.93 0.03 0.00 0.00 0.00 0.00 0.00 
 0.00 0.00 0.00 0.52 1.00 1.00 0.74 0.00 0.00 0.00 0.08 0.98 1.00 1.00 0.26 0.00 0.00 0.00 0.00 0.00 
 