0.00 0.33 1.00 1.00 0.33 0.00 0.00 0.00 0.00 0.00 0.00 0.00 0.00 0.25 0.93 1.00 0.99 0.45 0.00 0.00 
 0.00 0.33 1.00 1.00 0.33 0.00 0.00 0.00 0.00 0.00 0.00 0.00 0.29 0.96 1.00 0.96 0.40 0.00 0.00 0.00 
 0.00 0.33 1.00 1.00 0.33 0.00 0.00 0.00 0.00 0.00 0.00 0.29 0.96 1.00 0.96 0.35 0.00 0.00 0.00 0.00 
 0.00 0.33 1.00 1.00 0.33 0.00 0.00 0.00 0.00 0.00 0.29 0.96 1.00 0.95 0.35 0.00 0.00 0.00 0.00 0.00 
 0.00 0.33 1.00 1.00 0.33 0.00 0.00 0.00 0.00 0.29 0.96 1.00 0.94 0.26 0.00 0.00 0.00 0.00 0.00 0.00 
 0.00 0.33 1.00 1.00 0.33 0.00 0.00 0.00 0.29 0.96 1.00 0.94 0.26 0.00 0.00 0.00 0.00 0.00 0.00 0.00 
 0.00 0.33 1.00 1.00 0.33 0.00 0.00 0.29 0.96 1.00 0.90 0.25 0.00 0.00 0.00 0.00 0.00 0.00 0.00 0.00 
 0.00 0.33 1.00 1.00 0.33 0.00 0.29 0.96 1.00 0.90 0.19 0.00 0.00 0.00 0.00 0.00 0.00 0.00 0.00 0.00 
 0.00 0.33 1.00 1.00 0.33 0.29 0.96 1.00 1.00 0.77 0.03 0.00 0.00 0.00 0.00 0.00 0.00 0.00 0.00 0.00 
 0.00 0.33 1.00 1.00 0.63 0.96 1.00 0.96 1.00 1.00 0.55 0.00 0.00 0.00 0.00 0.00 0.00 0.00 0.00 0.00 
 0.00 0.33 1.00 1.00 1.00 1.00 0.85 0.20 0.87 1.00 0.98 0.30 0.00 0.00 0.00 0.00 0.00 0.00 0.00 0.00 
 0.00 0.33 1.00 1.00 1.00 0.79 0.10 0.00 0.25 0.98 1.00 0.90 0.11 0.00 0.00 0.00 0.00 0.00 0.00 0.00 
 0.00 0.33 1.00 1.00 0.79 0.07 0.00 0.00 0.00 0.51 1.00 1.00 0.74 0.03 0.00 0.00 0.00 0.00 0.00 0.00 
 0.00 0.33 1.00 1.00 0.33 0.00 0.00 0.00 0.00 0.04 0.79 1.00 1.00 0.52 0.00 0.00 0.00 0.00 0.00 0.00 
 0.00 0.33 1.00 1.00 0.33 0.00 0.00 0.00 0.00 0.00 0.16 0.94 1.00 0.98 0.27 0.00 0.00 0.00 0.00 0.00 
 0.00 0.33 1.00 1.00 0.33 0.00 0.00 0.00 0.00 0.00 0.00 0.38 1.00 1.00 0.89 0.10 0.00 0.00 0.00 0.00 
 0.00 0.33 1.00 1.00 0.33 0.00 0.00 0.00 0.00 0.00 0.00 0.02 0.68 1.00 1.00 0.72 0.02 0.00 0.00 0.00 
 0.00 0.33 1.00 1.00 0.33 0.00 0.00 0.00 0.00 0.00 0.00 0.00 0.10 0.89 1.00 1.00 0.49 0.00 0.00 0.00 
 0.00 0.33 1.00 1.00 0.33 0.00 0.00 0.00 0.00 0.00 0.00 0.00 0.00 0.27 0.99 1.00 0.98 0.25 0.00 0.00 
 0.00 0.33 1.00 1.00 0.33 0.00 0.00 0.00 0.00 0.00 0.00 0.00 0.00 0.00 0.56 1.00 1.00 0.87 0.07 0.00 
 