0.00 0.00 0.00 0.00 0.00 0.03 0.91 1.00 1.00 0.90 0.01 0.00 0.00 0.00 0.00 0.00 0.00 0.00 0.00 0.00 
 0.00 0.00 0.00 0.00 0.00 0.14 1.00 1.00 1.00 0.74 0.00 0.00 0.00 0.00 0.00 0.00 0.00 0.00 0.00 0.00 
 0.00 0.00 0.00 0.00 0.00 0.33 1.00 1.00 1.00 0.54 0.00 0.00 0.00 0.00 0.00 0.00 0.00 0.00 0.00 0.00 
 0.00 0.00 0.00 0.00 0.00 0.55 1.00 1.00 1.00 0.33 0.00 0.00 0.00 0.00 0.00 0.00 0.00 0.00 0.00 0.00 
 0.00 0.00 0.00 0.00 0.00 0.76 1.00 1.00 0.99 0.13 0.00 0.00 0.00 0.00 0.00 0.00 0.00 0.00 0.00 0.00 
 0.00 0.00 0.00 0.00 0.05 0.95 1.00 1.00 0.88 0.00 0.00 0.00 0.08 0.49 0.50 0.50 0.50 0.42 0.01 0.00 
 0.00 0.00 0.00 0.00 0.17 1.00 1.00 1.00 0.71 0.00 0.00 0.08 0.79 1.00 1.00 1.00 0.88 0.20 0.00 0.00 
 0.00 0.00 0.00 0.00 0.37 1.00 1.00 1.00 0.51 0.00 0.12 0.81 1.00 1.00 1.00 0.83 0.14 0.00 0.00 0.00 
 0.00 0.00 0.00 0.00 0.59 1.00 1.00 1.00 0.29 0.12 0.85 1.00 1.00 1.00 0.77 0.09 0.00 0.00 0.00 0.00 
 0.00 0.00 0.00 0.00 0.79 1.00 1.00 0.97 0.26 0.87 1.00 1.00 1.00 0.71 0.06 0.00 0.00 0.00 0.00 0.00 
 0.00 0.00 0.00 0.07 0.97 1.00 1.00 0.96 0.90 1.00 1.00 1.00 0.71 0.03 0.00 0.00 0.00 0.00 0.00 0.00 
 0.00 0.00 0.00 0.21 1.00 1.00 1.00 1.00 1.00 1.00 1.00 1.00 0.72 0.00 0.00 0.00 0.00 0.00 0.00 0.00 
 0.00 0.00 0.00 0.41 1.00 1.00 1.00 1.00 1.00 1.00 1.00 1.00 0.95 0.07 0.00 0.00 0.00 0.00 0.00 0.00 
 0.00 0.00 0.00 0.63 1.00 1.00 1.00 1.00 0.96 0.69 1.00 1.00 1.00 0.36 0.00 0.00 0.00 0.00 0.00 0.00 
 0.00 0.00 0.00 0.83 1.00 1.00 1.00 0.94 0.28 0.13 0.99 1.00 1.00 0.69 0.00 0.00 0.00 0.00 0.00 0.00 
 0.00 0.00 0.10 0.99 1.00 1.00 0.93 0.21 0.00 0.00 0.81 1.00 1.00 0.94 0.05 0.00 0.00 0.00 0.00 0.00 
 0.00 0.00 0.26 1.00 1.00 1.00 0.63 0.00 0.00 0.00 0.53 1.00 1.00 1.00 0.34 0.00 0.00 0.00 0.00 0.00 
 0.00 0.00 0.46 1.00 1.00 1.00 0.42 0.00 0.00 0.00 0.24 1.00 1.00 1.00 0.65 0.00 0.00 0.00 0.00 0.00 
 0.00 0.00 0.67 1.00 1.00 1.00 0.21 0.00 0.00 0.00 0.05 0.93 1.00 1.00 0.92 0.04 0.00 0.00 0.00 0.00 
 0.00 0.01 0.87 1.00 1.00 0.93 0.03 0.00 0.00 0.00 0.00 0.66 1.00 1.00 1.00 0.32 0.00 0.00 0.00 0.00 
 