0.67 1.00 1.00 1.00 1.00 1.00 1.00 1.00 1.00 0.33 0.00 0.11 1.00 1.00 1.00 1.00 1.00 1.00 1.00 1.00 
 0.10 0.35 0.76 1.00 1.00 1.00 0.91 0.44 0.21 0.04 0.00 0.02 0.16 0.37 0.96 1.00 0.98 0.67 0.33 0.15 
 0.00 0.00 0.04 0.89 1.00 1.00 0.51 0.00 0.00 0.00 0.00 0.00 0.00 0.09 0.96 0.99 0.36 0.00 0.00 0.00 
 0.00 0.00 0.00 0.78 1.00 1.00 0.45 0.00 0.00 0.00 0.00 0.00 0.02 0.56 0.99 0.46 0.00 0.00 0.00 0.00 
 0.00 0.00 0.00 0.78 1.00 1.00 0.45 0.00 0.00 0.00 0.00 0.00 0.35 1.00 0.57 0.00 0.00 0.00 0.00 0.00 
 0.00 0.00 0.00 0.78 1.00 1.00 0.45 0.00 0.00 0.00 0.00 0.22 0.96 0.65 0.02 0.00 0.00 0.00 0.00 0.00 
 0.00 0.00 0.00 0.78 1.00 1.00 0.45 0.00 0.00 0.00 0.15 0.91 0.73 0.04 0.00 0.00 0.00 0.00 0.00 0.00 
 0.00 0.00 0.00 0.78 1.00 1.00 0.45 0.00 0.00 0.15 0.88 0.79 0.07 0.00 0.00 0.00 0.00 0.00 0.00 0.00 
 0.00 0.00 0.00 0.78 1.00 1.00 0.45 0.00 0.20 0.88 0.79 0.07 0.00 0.00 0.00 0.00 0.00 0.00 0.00 0.00 
 0.00 0.00 0.00 0.78 1.00 1.00 0.45 0.26 0.93 0.94 0.10 0.00 0.00 0.00 0.00 0.00 0.00 0.00 0.00 0.00 
 0.00 0.00 0.00 0.78 1.00 1.00 0.74 0.96 1.00 1.00 0.63 0.02 0.00 0.00 0.00 0.00 0.00 0.00 0.00 0.00 
 0.00 0.00 0.00 0.78 1.00 1.00 0.47 0.68 1.00 1.00 1.00 0.49 0.00 0.00 0.00 0.00 0.00 0.00 0.00 0.00 
 0.00 0.00 0.00 0.78 1.00 1.00 0.45 0.05 0.76 1.00 1.00 0.99 0.36 0.00 0.00 0.00 0.00 0.00 0.00 0.00 
 0.00 0.00 0.00 0.78 1.00 1.00 0.45 0.00 0.09 0.84 1.00 1.00 0.95 0.21 0.00 0.00 0.00 0.00 0.00 0.00 
 0.00 0.00 0.00 0.78 1.00 1.00 0.45 0.00 0.00 0.16 0.93 1.00 1.00 0.87 0.09 0.00 0.00 0.00 0.00 0.00 
 0.00 0.00 0.00 0.78 1.00 1.00 0.45 0.00 0.00 0.00 0.29 0.98 1.00 1.00 0.73 0.03 0.00 0.00 0.00 0.00 
 0.00 0.00 0.00 0.78 1.00 1.00 0.45 0.00 0.00 0.00 0.00 0.45 1.00 1.00 1.00 0.56 0.00 0.00 0.00 0.00 
 0.00 0.00 0.00 0.78 1.00 1.00 0.45 0.00 0.00 0.00 0.00 0.02 0.67 1.00 1.00 0.99 0.37 0.00 0.00 0.00 
 0.00 0.00 0.00 0.78 1.00 1.00 0.46 0.00 0.00 0.00 0.00 0.00 0.06 0.87 1.00 1.00 0.95 0.27 0.00 0.00 
 0.00 0.00 0.09 0.93 1.00 1.00 0.73 0.03 0.00 0.00 0.00 0.00 0.00 0.25 0.99 1.00 1.00 0.95 0.41 0.02 
 