0.00 0.00 0.00 0.00 0.11 0.39 0.78 0.84 0.00 0.00 0.00 0.00 0.00 0.00 0.00 0.00 0.00 0.00 0.00 0.00 
 0.00 0.00 0.03 0.47 0.84 1.00 1.00 0.84 0.00 0.00 0.00 0.00 0.00 0.00 0.00 0.00 0.00 0.00 0.00 0.00 
 0.00 0.00 0.00 0.06 0.14 0.95 1.00 0.84 0.00 0.00 0.00 0.00 0.00 0.00 0.00 0.00 0.00 0.00 0.00 0.00 
 0.00 0.00 0.00 0.00 0.00 0.75 1.00 0.84 0.00 0.00 0.00 0.00 0.00 0.00 0.00 0.00 0.00 0.00 0.00 0.00 
 0.00 0.00 0.00 0.00 0.00 0.67 1.00 0.84 0.00 0.00 0.00 0.00 0.00 0.00 0.00 0.00 0.00 0.00 0.00 0.00 
 0.00 0.00 0.00 0.00 0.00 0.67 1.00 0.84 0.00 0.00 0.00 0.00 0.00 0.00 0.00 0.00 0.00 0.00 0.00 0.00 
 0.00 0.00 0.00 0.00 0.00 0.67 1.00 0.84 0.00 0.00 0.00 0.00 0.00 0.00 0.00 0.00 0.00 0.00 0.00 0.00 
 0.00 0.00 0.00 0.00 0.00 0.67 1.00 0.84 0.00 0.00 0.00 0.11 0.47 0.50 0.50 0.50 0.47 0.22 0.00 0.00 
 0.00 0.00 0.00 0.00 0.00 0.67 1.00 0.84 0.00 0.00 0.00 0.00 0.45 1.00 0.89 0.50 0.17 0.00 0.00 0.00 
 0.00 0.00 0.00 0.00 0.00 0.67 1.00 0.84 0.00 0.00 0.00 0.09 0.73 0.78 0.11 0.00 0.00 0.00 0.00 0.00 
 0.00 0.00 0.00 0.00 0.00 0.67 1.00 0.84 0.00 0.00 0.09 0.73 0.73 0.09 0.00 0.00 0.00 0.00 0.00 0.00 
 0.00 0.00 0.00 0.00 0.00 0.67 1.00 0.84 0.00 0.14 0.78 0.67 0.03 0.00 0.00 0.00 0.00 0.00 0.00 0.00 
 0.00 0.00 0.00 0.00 0.00 0.67 1.00 0.84 0.14 0.84 0.70 0.03 0.00 0.00 0.00 0.00 0.00 0.00 0.00 0.00 
 0.00 0.00 0.00 0.00 0.00 0.67 1.00 0.92 0.86 1.00 0.78 0.06 0.00 0.00 0.00 0.00 0.00 0.00 0.00 0.00 
 0.00 0.00 0.00 0.00 0.00 0.67 1.00 0.84 0.50 1.00 1.00 0.58 0.00 0.00 0.00 0.00 0.00 0.00 0.00 0.00 
 0.00 0.00 0.00 0.00 0.00 0.67 1.00 0.84 0.06 0.73 1.00 0.97 0.39 0.00 0.00 0.00 0.00 0.00 0.00 0.00 
 0.00 0.00 0.00 0.00 0.00 0.67 1.00 0.84 0.00 0.11 0.86 1.00 0.95 0.22 0.00 0.00 0.00 0.00 0.00 0.00 
 0.00 0.00 0.00 0.00 0.00 0.67 1.00 0.84 0.00 0.00 0.22 0.95 1.00 0.84 0.09 0.00 0.00 0.00 0.00 0.00 
 0.00 0.00 0.00 0.00 0.00 0.67 1.00 0.84 0.00 0.00 0.00 0.42 1.00 1.00 0.70 0.03 0.00 0.00 0.00 0.00 
 0.00 0.00 0.00 0.00 0.00 0.75 1.00 0.84 0.00 0.00 0.00 0.03 0.70 1.00 1.00 0.56 0.00 0.00 0.00 0.00 
 