0.00 0.00 0.00 0.60 1.00 1.00 1.00 0.30 0.00 0.00 0.00 0.00 0.00 0.00 0.00 0.00 0.00 0.00 0.00 0.00 
 0.00 0.00 0.00 0.60 1.00 1.00 1.00 0.30 0.00 0.00 0.00 0.00 0.00 0.00 0.00 0.00 0.00 0.00 0.00 0.00 
 0.00 0.00 0.00 0.60 1.00 1.00 1.00 0.30 0.00 0.00 0.00 0.00 0.00 0.00 0.00 0.00 0.00 0.00 0.00 0.00 
 0.00 0.00 0.00 0.60 1.00 1.00 1.00 0.30 0.00 0.00 0.00 0.00 0.00 0.00 0.00 0.00 0.00 0.00 0.00 0.00 
 0.00 0.00 0.00 0.60 1.00 1.00 1.00 0.30 0.00 0.00 0.00 0.00 0.00 0.00 0.00 0.00 0.00 0.00 0.00 0.00 
 0.00 0.00 0.00 0.60 1.00 1.00 1.00 0.30 0.00 0.00 0.00 0.25 0.50 0.50 0.50 0.49 0.10 0.00 0.00 0.00 
 0.00 0.00 0.00 0.60 1.00 1.00 1.00 0.30 0.00 0.00 0.19 0.94 1.00 1.00 0.99 0.53 0.00 0.00 0.00 0.00 
 0.00 0.00 0.00 0.60 1.00 1.00 1.00 0.30 0.00 0.12 0.89 1.00 1.00 1.00 0.59 0.00 0.00 0.00 0.00 0.00 
 0.00 0.00 0.00 0.60 1.00 1.00 1.00 0.30 0.07 0.80 1.00 1.00 1.00 0.65 0.01 0.00 0.00 0.00 0.00 0.00 
 0.00 0.00 0.00 0.60 1.00 1.00 1.00 0.33 0.70 1.00 1.00 1.00 0.71 0.03 0.00 0.00 0.00 0.00 0.00 0.00 
 0.00 0.00 0.00 0.60 1.00 1.00 1.00 0.82 1.00 1.00 1.00 0.79 0.06 0.00 0.00 0.00 0.00 0.00 0.00 0.00 
 0.00 0.00 0.00 0.60 1.00 1.00 1.00 1.00 1.00 1.00 1.00 0.76 0.01 0.00 0.00 0.00 0.00 0.00 0.00 0.00 
 0.00 0.00 0.00 0.60 1.00 1.00 1.00 1.00 1.00 1.00 1.00 1.00 0.35 0.00 0.00 0.00 0.00 0.00 0.00 0.00 
 0.00 0.00 0.00 0.60 1.00 1.00 1.00 1.00 0.93 0.97 1.00 1.00 0.87 0.04 0.00 0.00 0.00 0.00 0.00 0.00 
 0.00 0.00 0.00 0.60 1.00 1.00 1.00 0.92 0.21 0.52 1.00 1.00 1.00 0.51 0.00 0.00 0.00 0.00 0.00 0.00 
 0.00 0.00 0.00 0.60 1.00 1.00 1.00 0.39 0.00 0.07 0.89 1.00 1.00 0.95 0.13 0.00 0.00 0.00 0.00 0.00 
 0.00 0.00 0.00 0.60 1.00 1.00 1.00 0.30 0.00 0.00 0.36 1.00 1.00 1.00 0.67 0.00 0.00 0.00 0.00 0.00 
 0.00 0.00 0.00 0.60 1.00 1.00 1.00 0.30 0.00 0.00 0.02 0.77 1.00 1.00 0.98 0.25 0.00 0.00 0.00 0.00 
 0.00 0.00 0.00 0.60 1.00 1.00 1.00 0.30 0.00 0.00 0.00 0.22 0.99 1.00 1.00 0.80 0.01 0.00 0.00 0.00 
 0.00 0.00 0.00 0.60 1.00 1.00 1.00 0.30 0.00 0.00 0.00 0.00 0.60 1.00 1.00 1.00 0.40 0.00 0.00 0.00 
 