0.00 0.15 1.00 1.00 0.57 0.00 0.00 0.00 0.00 0.00 0.00 0.00 0.16 0.62 0.90 0.98 0.72 0.00 0.00 0.00 
 0.00 0.15 1.00 1.00 0.57 0.00 0.00 0.00 0.00 0.00 0.00 0.31 0.94 0.96 0.59 0.18 0.00 0.00 0.00 0.00 
 0.00 0.15 1.00 1.00 0.57 0.00 0.00 0.00 0.00 0.00 0.35 0.98 0.90 0.29 0.00 0.00 0.00 0.00 0.00 0.00 
 0.00 0.15 1.00 1.00 0.57 0.00 0.00 0.00 0.00 0.27 0.98 0.90 0.21 0.00 0.00 0.00 0.00 0.00 0.00 0.00 
 0.00 0.15 1.00 1.00 0.57 0.00 0.00 0.00 0.21 0.94 0.90 0.21 0.00 0.00 0.00 0.00 0.00 0.00 0.00 0.00 
 0.00 0.15 1.00 1.00 0.57 0.00 0.00 0.15 0.88 0.94 0.23 0.00 0.00 0.00 0.00 0.00 0.00 0.00 0.00 0.00 
 0.00 0.15 1.00 1.00 0.57 0.00 0.08 0.80 0.94 0.31 0.00 0.00 0.00 0.00 0.00 0.00 0.00 0.00 0.00 0.00 
 0.00 0.15 1.00 1.00 0.57 0.04 0.69 1.00 0.51 0.00 0.00 0.00 0.00 0.00 0.00 0.00 0.00 0.00 0.00 0.00 
 0.00 0.15 1.00 1.00 0.59 0.55 1.00 1.00 0.76 0.02 0.00 0.00 0.00 0.00 0.00 0.00 0.00 0.00 0.00 0.00 
 0.00 0.15 1.00 1.00 0.90 0.98 0.88 1.00 1.00 0.35 0.00 0.00 0.00 0.00 0.00 0.00 0.00 0.00 0.00 0.00 
 0.00 0.15 1.00 1.00 0.98 0.47 0.21 0.98 1.00 0.84 0.04 0.00 0.00 0.00 0.00 0.00 0.00 0.00 0.00 0.00 
 0.00 0.15 1.00 1.00 0.67 0.00 0.00 0.59 1.00 1.00 0.51 0.00 0.00 0.00 0.00 0.00 0.00 0.00 0.00 0.00 
 0.00 0.15 1.00 1.00 0.57 0.00 0.00 0.13 0.94 1.00 0.94 0.15 0.00 0.00 0.00 0.00 0.00 0.00 0.00 0.00 
 0.00 0.15 1.00 1.00 0.57 0.00 0.00 0.00 0.45 1.00 1.00 0.74 0.02 0.00 0.00 0.00 0.00 0.00 0.00 0.00 
 0.00 0.15 1.00 1.00 0.57 0.00 0.00 0.00 0.06 0.84 1.00 1.00 0.45 0.00 0.00 0.00 0.00 0.00 0.00 0.00 
 0.00 0.15 1.00 1.00 0.57 0.00 0.00 0.00 0.00 0.27 0.98 1.00 0.94 0.21 0.00 0.00 0.00 0.00 0.00 0.00 
 0.00 0.15 1.00 1.00 0.57 0.00 0.00 0.00 0.00 0.00 0.55 1.00 1.00 0.86 0.15 0.00 0.00 0.00 0.00 0.00 
 0.00 0.15 1.00 1.00 0.57 0.00 0.00 0.00 0.00 0.00 0.06 0.78 1.00 1.00 0.86 0.16 0.00 0.00 0.00 0.00 
 0.00 0.15 1.00 1.00 0.57 0.00 0.00 0.00 0.00 0.00 0.00 0.11 0.84 1.00 1.00 0.94 0.41 0.15 0.04 0.00 
 0.00 0.15 1.00 1.00 0.57 0.00 0.00 0.00 0.00 0.00 0.00 0.00 0.08 0.67 1.00 1.00 1.00 1.00 0.29 0.00 
 