0.00 0.00 0.00 0.00 0.50 1.00 1.00 0.70 0.00 0.00 0.00 0.00 0.00 0.00 0.00 0.00 0.00 0.00 0.00 0.00 
 0.00 0.00 0.00 0.00 0.50 1.00 1.00 0.70 0.00 0.00 0.00 0.00 0.00 0.00 0.00 0.00 0.00 0.00 0.00 0.00 
 0.00 0.00 0.00 0.00 0.50 1.00 1.00 0.70 0.00 0.00 0.00 0.00 0.00 0.00 0.00 0.00 0.00 0.00 0.00 0.00 
 0.00 0.00 0.00 0.00 0.50 1.00 1.00 0.70 0.00 0.00 0.00 0.00 0.00 0.00 0.00 0.00 0.00 0.00 0.00 0.00 
 0.00 0.00 0.00 0.00 0.50 1.00 1.00 0.70 0.00 0.00 0.00 0.00 0.00 0.00 0.00 0.00 0.00 0.00 0.00 0.00 
 0.00 0.00 0.00 0.00 0.50 1.00 1.00 0.70 0.00 0.00 0.04 0.48 0.50 0.50 0.44 0.01 0.00 0.00 0.00 0.00 
 0.00 0.00 0.00 0.00 0.50 1.00 1.00 0.70 0.00 0.01 0.56 1.00 1.00 0.99 0.39 0.00 0.00 0.00 0.00 0.00 
 0.00 0.00 0.00 0.00 0.50 1.00 1.00 0.70 0.00 0.31 1.00 1.00 1.00 0.63 0.00 0.00 0.00 0.00 0.00 0.00 
 0.00 0.00 0.00 0.00 0.50 1.00 1.00 0.70 0.12 0.92 1.00 1.00 0.83 0.05 0.00 0.00 0.00 0.00 0.00 0.00 
 0.00 0.00 0.00 0.00 0.50 1.00 1.00 0.72 0.73 1.00 1.00 0.94 0.18 0.00 0.00 0.00 0.00 0.00 0.00 0.00 
 0.00 0.00 0.00 0.00 0.50 1.00 1.00 0.97 1.00 1.00 1.00 0.43 0.00 0.00 0.00 0.00 0.00 0.00 0.00 0.00 
 0.00 0.00 0.00 0.00 0.50 1.00 1.00 1.00 1.00 1.00 1.00 0.46 0.00 0.00 0.00 0.00 0.00 0.00 0.00 0.00 
 0.00 0.00 0.00 0.00 0.50 1.00 1.00 1.00 1.00 1.00 1.00 0.89 0.04 0.00 0.00 0.00 0.00 0.00 0.00 0.00 
 0.00 0.00 0.00 0.00 0.50 1.00 1.00 1.00 0.94 0.89 1.00 1.00 0.44 0.00 0.00 0.00 0.00 0.00 0.00 0.00 
 0.00 0.00 0.00 0.00 0.50 1.00 1.00 0.99 0.37 0.39 1.00 1.00 0.86 0.03 0.00 0.00 0.00 0.00 0.00 0.00 
 0.00 0.00 0.00 0.00 0.50 1.00 1.00 0.75 0.00 0.05 0.91 1.00 1.00 0.41 0.00 0.00 0.00 0.00 0.00 0.00 
 0.00 0.00 0.00 0.00 0.50 1.00 1.00 0.70 0.00 0.00 0.45 1.00 1.00 0.83 0.01 0.00 0.00 0.00 0.00 0.00 
 0.00 0.00 0.00 0.00 0.50 1.00 1.00 0.70 0.00 0.00 0.06 0.91 1.00 1.00 0.35 0.00 0.00 0.00 0.00 0.00 
 0.00 0.00 0.00 0.00 0.50 1.00 1.00 0.70 0.00 0.00 0.00 0.49 1.00 1.00 0.82 0.01 0.00 0.00 0.00 0.00 
 0.00 0.00 0.00 0.00 0.50 1.00 1.00 0.70 0.00 0.00 0.00 0.08 0.94 1.00 1.00 0.30 0.00 0.00 0.00 0.00 
 