0.00 0.00 0.90 1.00 0.90 0.00 0.00 0.00 0.00 0.00 0.00 0.00 0.01 0.48 1.00 1.00 0.88 0.15 0.00 0.00 
 0.00 0.00 0.90 1.00 0.90 0.00 0.00 0.00 0.00 0.00 0.00 0.01 0.55 1.00 1.00 0.84 0.15 0.00 0.00 0.00 
 0.00 0.00 0.90 1.00 0.90 0.00 0.00 0.00 0.00 0.00 0.03 0.60 1.00 1.00 0.83 0.10 0.00 0.00 0.00 0.00 
 0.00 0.00 0.90 1.00 0.90 0.00 0.00 0.00 0.00 0.03 0.64 1.00 1.00 0.77 0.07 0.00 0.00 0.00 0.00 0.00 
 0.00 0.00 0.90 1.00 0.90 0.00 0.00 0.00 0.05 0.71 1.00 1.00 0.74 0.06 0.00 0.00 0.00 0.00 0.00 0.00 
 0.00 0.00 0.90 1.00 0.90 0.00 0.00 0.07 0.72 1.00 1.00 0.70 0.03 0.00 0.00 0.00 0.00 0.00 0.00 0.00 
 0.00 0.00 0.90 1.00 0.90 0.00 0.08 0.79 1.00 1.00 0.63 0.03 0.00 0.00 0.00 0.00 0.00 0.00 0.00 0.00 
 0.00 0.00 0.90 1.00 0.90 0.12 0.82 1.00 0.99 0.60 0.01 0.00 0.00 0.00 0.00 0.00 0.00 0.00 0.00 0.00 
 0.00 0.00 0.90 1.00 0.95 0.85 1.00 0.99 0.53 0.00 0.00 0.00 0.00 0.00 0.00 0.00 0.00 0.00 0.00 0.00 
 0.00 0.00 0.90 1.00 1.00 1.00 1.00 0.73 0.00 0.00 0.00 0.00 0.00 0.00 0.00 0.00 0.00 0.00 0.00 0.00 
 0.00 0.00 0.90 1.00 0.97 0.93 1.00 0.99 0.45 0.00 0.00 0.00 0.00 0.00 0.00 0.00 0.00 0.00 0.00 0.00 
 0.00 0.00 0.90 1.00 0.90 0.22 0.93 1.00 0.99 0.45 0.00 0.00 0.00 0.00 0.00 0.00 0.00 0.00 0.00 0.00 
 0.00 0.00 0.90 1.00 0.90 0.00 0.22 0.93 1.00 0.99 0.45 0.00 0.00 0.00 0.00 0.00 0.00 0.00 0.00 0.00 
 0.00 0.00 0.90 1.00 0.90 0.00 0.00 0.22 0.93 1.00 0.99 0.45 0.00 0.00 0.00 0.00 0.00 0.00 0.00 0.00 
 0.00 0.00 0.90 1.00 0.90 0.00 0.00 0.00 0.22 0.93 1.00 0.99 0.45 0.00 0.00 0.00 0.00 0.00 0.00 0.00 
 0.00 0.00 0.90 1.00 0.90 0.00 0.00 0.00 0.00 0.26 0.96 1.00 0.99 0.45 0.00 0.00 0.00 0.00 0.00 0.00 
 0.00 0.00 0.90 1.00 0.90 0.00 0.00 0.00 0.00 0.00 0.29 0.96 1.00 0.99 0.45 0.00 0.00 0.00 0.00 0.00 
 0.00 0.00 0.90 1.00 0.90 0.00 0.00 0.00 0.00 0.00 0.00 0.29 0.96 1.00 0.99 0.45 0.00 0.00 0.00 0.00 
 0.00 0.00 0.90 1.00 0.90 0.00 0.00 0.00 0.00 0.00 0.00 0.00 0.29 0.96 1.00 0.99 0.45 0.00 0.00 0.00 
 0.00 0.00 0.90 1.00 0.90 0.00 0.00 0.00 0.00 0.00 0.00 0.00 0.00 0.29 0.97 1.00 0.99 0.45 0.00 0.00 
 