0.00 0.00 0.00 0.00 0.00 0.00 0.09 0.77 0.93 0.16 0.00 0.00 0.00 0.00 0.00 0.00 0.00 0.00 0.00 0.00 
 0.00 0.00 0.00 0.00 0.00 0.00 0.57 1.00 1.00 0.45 0.00 0.00 0.00 0.00 0.00 0.00 0.00 0.00 0.00 0.00 
 0.00 0.00 0.00 0.00 0.00 0.00 0.82 1.00 1.00 0.35 0.00 0.00 0.00 0.00 0.00 0.00 0.00 0.00 0.00 0.00 
 0.00 0.00 0.00 0.00 0.00 0.07 0.98 1.00 1.00 0.19 0.00 0.00 0.00 0.00 0.00 0.00 0.00 0.00 0.00 0.00 
 0.00 0.00 0.00 0.00 0.00 0.14 1.00 1.00 0.95 0.04 0.00 0.00 0.00 0.00 0.00 0.00 0.00 0.00 0.00 0.00 
 0.00 0.00 0.00 0.00 0.00 0.27 1.00 1.00 0.84 0.00 0.00 0.00 0.00 0.00 0.00 0.00 0.00 0.00 0.00 0.00 
 0.00 0.00 0.00 0.00 0.00 0.40 1.00 1.00 0.65 0.00 0.00 0.00 0.00 0.00 0.00 0.00 0.00 0.00 0.00 0.00 
 0.00 0.00 0.00 0.00 0.00 0.51 1.00 1.00 0.45 0.00 0.00 0.00 0.00 0.01 0.28 0.61 0.42 0.00 0.00 0.00 
 0.00 0.00 0.00 0.00 0.00 0.61 1.00 1.00 0.27 0.00 0.00 0.00 0.06 0.64 1.00 1.00 0.91 0.00 0.00 0.00 
 0.00 0.00 0.00 0.00 0.00 0.73 1.00 0.99 0.11 0.00 0.00 0.10 0.80 1.00 1.00 1.00 0.69 0.00 0.00 0.00 
 0.00 0.00 0.00 0.00 0.00 0.83 1.00 0.91 0.00 0.00 0.14 0.84 1.00 1.00 0.95 0.50 0.04 0.00 0.00 0.00 
 0.00 0.00 0.00 0.00 0.01 0.92 1.00 0.80 0.00 0.19 0.89 1.00 1.00 0.78 0.16 0.00 0.00 0.00 0.00 0.00 
 0.00 0.00 0.00 0.00 0.09 1.00 1.00 0.67 0.26 0.95 1.00 0.99 0.57 0.03 0.00 0.00 0.00 0.00 0.00 0.00 
 0.00 0.00 0.00 0.00 0.11 1.00 1.00 0.81 0.98 1.00 0.99 0.45 0.00 0.00 0.00 0.00 0.00 0.00 0.00 0.00 
 0.00 0.00 0.00 0.00 0.22 1.00 1.00 1.00 1.00 1.00 0.98 0.24 0.00 0.00 0.00 0.00 0.00 0.00 0.00 0.00 
 0.00 0.00 0.00 0.00 0.35 1.00 1.00 1.00 0.89 1.00 1.00 0.91 0.18 0.00 0.00 0.00 0.00 0.00 0.00 0.00 
 0.00 0.00 0.00 0.00 0.50 1.00 1.00 0.70 0.04 0.76 1.00 1.00 0.87 0.13 0.00 0.00 0.00 0.00 0.00 0.00 
 0.00 0.00 0.00 0.00 0.65 1.00 1.00 0.31 0.00 0.10 0.88 1.00 1.00 0.90 0.19 0.00 0.00 0.00 0.00 0.00 
 0.00 0.00 0.00 0.00 0.84 1.00 1.00 0.20 0.00 0.00 0.20 0.95 1.00 1.00 0.95 0.49 0.27 0.12 0.00 0.00 
 0.00 0.00 0.00 0.07 0.98 1.00 1.00 0.18 0.00 0.00 0.00 0.30 0.98 1.00 1.00 1.00 1.00 0.60 0.00 0.00 
 