0.17 0.97 1.00 1.00 1.00 1.00 1.00 1.00 0.50 0.00 0.00 0.00 0.50 1.00 1.00 1.00 1.00 0.99 0.38 0.00 
 0.03 0.35 0.38 0.61 0.93 0.38 0.38 0.38 0.13 0.00 0.00 0.00 0.13 0.38 0.63 1.00 0.75 0.36 0.08 0.00 
 0.00 0.00 0.00 0.38 0.88 0.00 0.00 0.00 0.00 0.00 0.00 0.00 0.00 0.35 0.96 0.66 0.05 0.00 0.00 0.00 
 0.00 0.00 0.00 0.38 0.88 0.00 0.00 0.00 0.00 0.00 0.00 0.02 0.44 0.97 0.55 0.02 0.00 0.00 0.00 0.00 
 0.00 0.00 0.00 0.38 0.88 0.00 0.00 0.00 0.00 0.00 0.02 0.53 0.97 0.44 0.00 0.00 0.00 0.00 0.00 0.00 
 0.00 0.00 0.00 0.38 0.88 0.00 0.00 0.00 0.00 0.05 0.64 0.94 0.33 0.00 0.00 0.00 0.00 0.00 0.00 0.00 
 0.00 0.00 0.00 0.38 0.88 0.00 0.00 0.00 0.08 0.74 0.89 0.24 0.00 0.00 0.00 0.00 0.00 0.00 0.00 0.00 
 0.00 0.00 0.00 0.38 0.88 0.00 0.00 0.13 0.82 0.83 0.16 0.00 0.00 0.00 0.00 0.00 0.00 0.00 0.00 0.00 
 0.00 0.00 0.00 0.38 0.88 0.00 0.19 0.88 1.00 0.47 0.05 0.00 0.00 0.00 0.00 0.00 0.00 0.00 0.00 0.00 
 0.00 0.00 0.00 0.38 0.88 0.27 0.93 0.78 0.72 0.97 0.82 0.17 0.00 0.00 0.00 0.00 0.00 0.00 0.00 0.00 
 0.00 0.00 0.00 0.38 0.97 0.96 0.72 0.05 0.00 0.24 0.83 0.93 0.22 0.00 0.00 0.00 0.00 0.00 0.00 0.00 
 0.00 0.00 0.00 0.38 1.00 0.64 0.02 0.00 0.00 0.00 0.06 0.75 0.88 0.09 0.00 0.00 0.00 0.00 0.00 0.00 
 0.00 0.00 0.00 0.38 0.89 0.02 0.00 0.00 0.00 0.00 0.00 0.09 0.88 0.69 0.00 0.00 0.00 0.00 0.00 0.00 
 0.00 0.00 0.00 0.38 0.88 0.00 0.00 0.00 0.00 0.00 0.00 0.00 0.28 0.99 0.28 0.00 0.00 0.00 0.00 0.00 
 0.00 0.00 0.00 0.38 0.88 0.00 0.00 0.00 0.00 0.00 0.00 0.00 0.02 0.72 0.74 0.00 0.00 0.00 0.00 0.00 
 0.00 0.00 0.00 0.38 0.88 0.00 0.00 0.00 0.00 0.00 0.00 0.00 0.00 0.27 0.97 0.19 0.00 0.00 0.00 0.00 
 0.00 0.00 0.00 0.38 0.88 0.00 0.00 0.00 0.00 0.00 0.00 0.00 0.00 0.03 0.83 0.61 0.00 0.00 0.00 0.00 
 0.00 0.00 0.00 0.38 0.88 0.00 0.00 0.00 0.00 0.00 0.00 0.00 0.00 0.00 0.45 0.93 0.06 0.00 0.00 0.00 
 0.05 0.35 0.38 0.61 0.93 0.38 0.38 0.38 0.14 0.00 0.00 0.00 0.00 0.00 0.13 0.99 0.60 0.38 0.33 0.03 
 0.19 0.97 1.00 1.00 1.00 1.00 1.00 1.00 0.52 0.00 0.00 0.00 0.00 0.00 0.00 0.69 1.00 1.00 0.96 0.17 
 