0.00 0.00 0.00 0.00 0.00 0.00 0.05 0.94 1.00 1.00 0.78 0.00 0.00 0.00 0.00 0.00 0.00 0.00 0.00 0.00 
 0.00 0.00 0.00 0.00 0.00 0.00 0.15 1.00 1.00 1.00 0.58 0.00 0.00 0.00 0.00 0.00 0.00 0.00 0.00 0.00 
 0.00 0.00 0.00 0.00 0.00 0.00 0.33 1.00 1.00 1.00 0.37 0.00 0.00 0.00 0.00 0.00 0.00 0.00 0.00 0.00 
 0.00 0.00 0.00 0.00 0.00 0.00 0.53 1.00 1.00 1.00 0.19 0.00 0.00 0.00 0.00 0.00 0.00 0.00 0.00 0.00 
 0.00 0.00 0.00 0.00 0.00 0.00 0.74 1.00 1.00 0.91 0.03 0.00 0.00 0.00 0.00 0.00 0.00 0.00 0.00 0.00 
 0.00 0.00 0.00 0.00 0.00 0.05 0.94 1.00 1.00 0.77 0.00 0.03 0.18 0.32 0.30 0.15 0.02 0.00 0.00 0.00 
 0.00 0.00 0.00 0.00 0.00 0.15 1.00 1.00 1.00 0.42 0.35 0.84 1.00 1.00 1.00 1.00 0.74 0.14 0.00 0.00 
 0.00 0.00 0.00 0.00 0.00 0.33 1.00 1.00 0.96 0.56 1.00 1.00 1.00 1.00 1.00 1.00 1.00 0.85 0.05 0.00 
 0.00 0.00 0.00 0.00 0.00 0.53 1.00 1.00 0.99 1.00 1.00 0.94 0.67 0.64 0.94 1.00 1.00 1.00 0.37 0.00 
 0.00 0.00 0.00 0.00 0.00 0.74 1.00 1.00 1.00 1.00 0.80 0.15 0.00 0.00 0.33 1.00 1.00 1.00 0.55 0.00 
 0.00 0.00 0.00 0.00 0.05 0.94 1.00 1.00 1.00 0.84 0.07 0.00 0.00 0.00 0.24 1.00 1.00 1.00 0.48 0.00 
 0.00 0.00 0.00 0.00 0.15 1.00 1.00 1.00 0.96 0.20 0.00 0.00 0.00 0.02 0.63 1.00 1.00 0.99 0.24 0.00 
 0.00 0.00 0.00 0.00 0.31 1.00 1.00 1.00 0.63 0.00 0.00 0.04 0.24 0.72 1.00 1.00 1.00 0.76 0.00 0.00 
 0.00 0.00 0.00 0.00 0.52 1.00 1.00 1.00 0.37 0.48 0.67 0.90 1.00 1.00 1.00 1.00 0.83 0.13 0.00 0.00 
 0.00 0.00 0.00 0.00 0.72 1.00 1.00 0.90 0.13 0.94 1.00 1.00 1.00 1.00 0.91 0.52 0.05 0.00 0.00 0.00 
 0.00 0.00 0.00 0.04 0.91 1.00 1.00 0.78 0.00 0.46 1.00 1.00 1.00 0.68 0.04 0.00 0.00 0.00 0.00 0.00 
 0.00 0.00 0.00 0.14 1.00 1.00 1.00 0.58 0.00 0.05 0.87 1.00 1.00 0.96 0.19 0.00 0.00 0.00 0.00 0.00 
 0.00 0.00 0.00 0.31 1.00 1.00 1.00 0.37 0.00 0.00 0.35 1.00 1.00 1.00 0.77 0.02 0.00 0.00 0.00 0.00 
 0.00 0.00 0.00 0.52 1.00 1.00 1.00 0.18 0.00 0.00 0.03 0.77 1.00 1.00 1.00 0.45 0.00 0.00 0.00 0.00 
 0.00 0.00 0.00 0.72 1.00 1.00 0.90 0.02 0.00 0.00 0.00 0.25 1.00 1.00 1.00 0.94 0.13 0.00 0.00 0.00 
 