0.00 0.00 0.00 0.01 0.69 0.94 0.20 0.00 0.00 0.00 0.00 0.00 0.00 0.24 0.78 0.34 0.00 0.00 0.00 0.00 
 0.00 0.00 0.00 0.09 1.00 1.00 0.45 0.00 0.00 0.00 0.00 0.00 0.18 0.93 1.00 0.78 0.00 0.00 0.00 0.00 
 0.00 0.00 0.00 0.09 1.00 1.00 0.45 0.00 0.00 0.00 0.00 0.10 0.87 1.00 0.99 0.33 0.00 0.00 0.00 0.00 
 0.00 0.00 0.00 0.09 1.00 1.00 0.41 0.00 0.00 0.00 0.05 0.78 1.00 1.00 0.60 0.00 0.00 0.00 0.00 0.00 
 0.00 0.00 0.00 0.09 1.00 1.00 0.36 0.00 0.00 0.03 0.67 1.00 1.00 0.75 0.03 0.00 0.00 0.00 0.00 0.00 
 0.00 0.00 0.00 0.09 1.00 1.00 0.36 0.00 0.01 0.56 1.00 1.00 0.83 0.09 0.00 0.00 0.00 0.00 0.00 0.00 
 0.00 0.00 0.00 0.09 1.00 1.00 0.28 0.01 0.47 1.00 1.00 0.87 0.13 0.00 0.00 0.00 0.00 0.00 0.00 0.00 
 0.00 0.00 0.00 0.09 1.00 1.00 0.28 0.47 1.00 1.00 0.90 0.18 0.00 0.00 0.00 0.00 0.00 0.00 0.00 0.00 
 0.00 0.00 0.00 0.09 1.00 1.00 0.71 1.00 1.00 0.90 0.18 0.00 0.00 0.00 0.00 0.00 0.00 0.00 0.00 0.00 
 0.00 0.00 0.00 0.11 1.00 1.00 1.00 1.00 0.94 0.22 0.00 0.00 0.00 0.00 0.00 0.00 0.00 0.00 0.00 0.00 
 0.00 0.00 0.00 0.18 1.00 1.00 1.00 1.00 0.33 0.00 0.00 0.00 0.00 0.00 0.00 0.00 0.00 0.00 0.00 0.00 
 0.00 0.00 0.00 0.18 1.00 1.00 1.00 1.00 0.82 0.09 0.00 0.00 0.00 0.00 0.00 0.00 0.00 0.00 0.00 0.00 
 0.00 0.00 0.00 0.18 1.00 1.00 0.87 1.00 1.00 0.82 0.11 0.00 0.00 0.00 0.00 0.00 0.00 0.00 0.00 0.00 
 0.00 0.00 0.00 0.18 1.00 1.00 0.31 0.70 1.00 1.00 0.87 0.13 0.00 0.00 0.00 0.00 0.00 0.00 0.00 0.00 
 0.00 0.00 0.00 0.26 1.00 1.00 0.27 0.04 0.70 1.00 1.00 0.89 0.18 0.00 0.00 0.00 0.00 0.00 0.00 0.00 
 0.00 0.00 0.00 0.27 1.00 1.00 0.27 0.00 0.04 0.70 1.00 1.00 0.93 0.27 0.00 0.00 0.00 0.00 0.00 0.00 
 0.00 0.00 0.00 0.27 1.00 1.00 0.27 0.00 0.00 0.04 0.66 1.00 1.00 0.98 0.48 0.07 0.00 0.00 0.00 0.00 
 0.00 0.00 0.00 0.27 1.00 1.00 0.27 0.00 0.00 0.00 0.02 0.54 0.98 1.00 1.00 0.95 0.26 0.00 0.00 0.00 
 0.00 0.00 0.00 0.27 1.00 1.00 0.27 0.00 0.00 0.00 0.00 0.00 0.30 0.88 1.00 1.00 0.49 0.00 0.00 0.00 
 0.00 0.00 0.00 0.11 0.95 1.00 0.22 0.00 0.00 0.00 0.00 0.00 0.00 0.04 0.38 0.51 0.07 0.00 0.00 0.00 
 