0.00 0.00 0.00 0.04 0.18 0.37 0.59 0.78 0.06 0.00 0.00 0.00 0.00 0.00 0.00 0.00 0.00 0.00 0.00 0.00 
 0.00 0.00 0.00 0.16 0.72 0.92 1.00 0.86 0.00 0.00 0.00 0.00 0.00 0.00 0.00 0.00 0.00 0.00 0.00 0.00 
 0.00 0.00 0.00 0.00 0.00 0.25 1.00 0.86 0.00 0.00 0.00 0.00 0.00 0.00 0.00 0.00 0.00 0.00 0.00 0.00 
 0.00 0.00 0.00 0.00 0.00 0.15 1.00 0.86 0.00 0.00 0.00 0.00 0.00 0.00 0.00 0.00 0.00 0.00 0.00 0.00 
 0.00 0.00 0.00 0.00 0.00 0.15 1.00 0.86 0.00 0.00 0.00 0.00 0.00 0.00 0.00 0.00 0.00 0.00 0.00 0.00 
 0.00 0.00 0.00 0.00 0.00 0.15 1.00 0.86 0.00 0.00 0.00 0.00 0.00 0.00 0.00 0.00 0.00 0.00 0.00 0.00 
 0.00 0.00 0.00 0.00 0.00 0.15 1.00 0.86 0.00 0.00 0.00 0.00 0.00 0.00 0.00 0.00 0.00 0.00 0.00 0.00 
 0.00 0.00 0.00 0.00 0.00 0.15 1.00 0.86 0.00 0.00 0.00 0.00 0.00 0.00 0.00 0.00 0.00 0.00 0.00 0.00 
 0.00 0.00 0.00 0.00 0.00 0.15 1.00 0.86 0.00 0.00 0.00 0.00 0.00 0.00 0.00 0.00 0.00 0.00 0.00 0.00 
 0.00 0.00 0.00 0.00 0.00 0.15 1.00 0.86 0.00 0.00 0.04 0.15 0.15 0.15 0.15 0.15 0.04 0.00 0.00 0.00 
 0.00 0.00 0.00 0.00 0.00 0.15 1.00 0.86 0.00 0.00 0.16 0.76 1.00 1.00 0.86 0.69 0.16 0.00 0.00 0.00 
 0.00 0.00 0.00 0.00 0.00 0.15 1.00 0.86 0.00 0.00 0.00 0.25 0.98 0.51 0.02 0.00 0.00 0.00 0.00 0.00 
 0.00 0.00 0.00 0.00 0.00 0.15 1.00 0.86 0.00 0.00 0.13 0.86 0.43 0.00 0.00 0.00 0.00 0.00 0.00 0.00 
 0.00 0.00 0.00 0.00 0.00 0.15 1.00 0.86 0.00 0.11 0.78 0.43 0.00 0.00 0.00 0.00 0.00 0.00 0.00 0.00 
 0.00 0.00 0.00 0.00 0.00 0.15 1.00 0.90 0.35 0.82 0.84 0.02 0.00 0.00 0.00 0.00 0.00 0.00 0.00 0.00 
 0.00 0.00 0.00 0.00 0.00 0.15 1.00 0.92 0.49 0.94 1.00 0.51 0.00 0.00 0.00 0.00 0.00 0.00 0.00 0.00 
 0.00 0.00 0.00 0.00 0.00 0.15 1.00 0.86 0.00 0.33 0.98 0.98 0.39 0.00 0.00 0.00 0.00 0.00 0.00 0.00 
 0.00 0.00 0.00 0.00 0.00 0.15 1.00 0.86 0.00 0.00 0.45 1.00 0.96 0.25 0.00 0.00 0.00 0.00 0.00 0.00 
 0.00 0.00 0.00 0.00 0.00 0.15 1.00 0.86 0.00 0.00 0.02 0.59 1.00 0.90 0.15 0.00 0.00 0.00 0.00 0.00 
 0.00 0.00 0.00 0.00 0.00 0.27 1.00 0.86 0.00 0.00 0.00 0.04 0.76 1.00 0.86 0.13 0.00 0.00 0.00 0.00 
 