0.00 0.00 0.00 0.00 0.02 0.23 0.62 0.96 0.15 0.00 0.00 0.00 0.00 0.00 0.00 0.00 0.00 0.00 0.00 0.00 
 0.00 0.00 0.00 0.33 0.76 1.00 1.00 1.00 0.15 0.00 0.00 0.00 0.00 0.00 0.00 0.00 0.00 0.00 0.00 0.00 
 0.00 0.00 0.00 0.15 0.13 0.78 1.00 1.00 0.15 0.00 0.00 0.00 0.00 0.00 0.00 0.00 0.00 0.00 0.00 0.00 
 0.00 0.00 0.00 0.00 0.00 0.47 1.00 1.00 0.15 0.00 0.00 0.00 0.00 0.00 0.00 0.00 0.00 0.00 0.00 0.00 
 0.00 0.00 0.00 0.00 0.00 0.43 1.00 1.00 0.15 0.00 0.00 0.00 0.00 0.00 0.00 0.00 0.00 0.00 0.00 0.00 
 0.00 0.00 0.00 0.00 0.00 0.43 1.00 1.00 0.15 0.00 0.00 0.00 0.00 0.00 0.00 0.00 0.00 0.00 0.00 0.00 
 0.00 0.00 0.00 0.00 0.00 0.43 1.00 1.00 0.15 0.00 0.00 0.00 0.00 0.00 0.00 0.00 0.00 0.00 0.00 0.00 
 0.00 0.00 0.00 0.00 0.00 0.43 1.00 1.00 0.15 0.00 0.00 0.00 0.13 0.15 0.15 0.15 0.15 0.15 0.06 0.00 
 0.00 0.00 0.00 0.00 0.00 0.43 1.00 1.00 0.15 0.00 0.00 0.00 0.51 0.96 1.00 0.98 0.78 0.57 0.23 0.00 
 0.00 0.00 0.00 0.00 0.00 0.43 1.00 1.00 0.15 0.00 0.00 0.00 0.06 0.82 0.90 0.29 0.00 0.00 0.00 0.00 
 0.00 0.00 0.00 0.00 0.00 0.43 1.00 1.00 0.15 0.00 0.00 0.06 0.69 0.84 0.15 0.00 0.00 0.00 0.00 0.00 
 0.00 0.00 0.00 0.00 0.00 0.43 1.00 1.00 0.15 0.00 0.08 0.69 0.82 0.13 0.00 0.00 0.00 0.00 0.00 0.00 
 0.00 0.00 0.00 0.00 0.00 0.43 1.00 1.00 0.15 0.11 0.80 0.76 0.06 0.00 0.00 0.00 0.00 0.00 0.00 0.00 
 0.00 0.00 0.00 0.00 0.00 0.43 1.00 1.00 0.31 0.84 0.88 0.08 0.00 0.00 0.00 0.00 0.00 0.00 0.00 0.00 
 0.00 0.00 0.00 0.00 0.00 0.43 1.00 1.00 0.76 1.00 1.00 0.45 0.00 0.00 0.00 0.00 0.00 0.00 0.00 0.00 
 0.00 0.00 0.00 0.00 0.00 0.43 1.00 1.00 0.25 0.88 1.00 0.96 0.27 0.00 0.00 0.00 0.00 0.00 0.00 0.00 
 0.00 0.00 0.00 0.00 0.00 0.43 1.00 1.00 0.15 0.25 0.96 1.00 0.88 0.13 0.00 0.00 0.00 0.00 0.00 0.00 
 0.00 0.00 0.00 0.00 0.00 0.43 1.00 1.00 0.15 0.00 0.41 1.00 1.00 0.74 0.04 0.00 0.00 0.00 0.00 0.00 
 0.00 0.00 0.00 0.00 0.00 0.43 1.00 1.00 0.15 0.00 0.02 0.64 1.00 1.00 0.57 0.00 0.00 0.00 0.00 0.00 
 0.00 0.00 0.00 0.00 0.00 0.43 1.00 1.00 0.15 0.00 0.00 0.06 0.84 1.00 0.98 0.37 0.00 0.00 0.00 0.00 
 