0.00 0.00 0.00 0.33 1.00 1.00 0.45 0.00 0.00 0.00 0.00 0.00 0.10 0.88 1.00 0.99 0.32 0.00 0.00 0.00 
 0.00 0.00 0.00 0.33 1.00 1.00 0.45 0.00 0.00 0.00 0.00 0.03 0.72 1.00 1.00 0.52 0.00 0.00 0.00 0.00 
 0.00 0.00 0.00 0.33 1.00 1.00 0.45 0.00 0.00 0.00 0.00 0.49 1.00 1.00 0.71 0.02 0.00 0.00 0.00 0.00 
 0.00 0.00 0.00 0.33 1.00 1.00 0.45 0.00 0.00 0.00 0.30 0.99 1.00 0.85 0.07 0.00 0.00 0.00 0.00 0.00 
 0.00 0.00 0.00 0.33 1.00 1.00 0.45 0.00 0.00 0.15 0.93 1.00 0.94 0.20 0.00 0.00 0.00 0.00 0.00 0.00 
 0.00 0.00 0.00 0.33 1.00 1.00 0.45 0.00 0.05 0.78 1.00 0.99 0.37 0.00 0.00 0.00 0.00 0.00 0.00 0.00 
 0.00 0.00 0.00 0.33 1.00 1.00 0.45 0.02 0.58 1.00 1.00 0.57 0.00 0.00 0.00 0.00 0.00 0.00 0.00 0.00 
 0.00 0.00 0.00 0.33 1.00 1.00 0.45 0.37 1.00 1.00 0.73 0.02 0.00 0.00 0.00 0.00 0.00 0.00 0.00 0.00 
 0.00 0.00 0.00 0.33 1.00 1.00 0.63 0.95 1.00 1.00 0.42 0.00 0.00 0.00 0.00 0.00 0.00 0.00 0.00 0.00 
 0.00 0.00 0.00 0.33 1.00 1.00 1.00 1.00 1.00 1.00 0.88 0.05 0.00 0.00 0.00 0.00 0.00 0.00 0.00 0.00 
 0.00 0.00 0.00 0.33 1.00 1.00 1.00 0.99 0.83 1.00 1.00 0.49 0.00 0.00 0.00 0.00 0.00 0.00 0.00 0.00 
 0.00 0.00 0.00 0.33 1.00 1.00 1.00 0.63 0.13 0.95 1.00 0.93 0.09 0.00 0.00 0.00 0.00 0.00 0.00 0.00 
 0.00 0.00 0.00 0.33 1.00 1.00 0.83 0.05 0.00 0.52 1.00 1.00 0.60 0.00 0.00 0.00 0.00 0.00 0.00 0.00 
 0.00 0.00 0.00 0.33 1.00 1.00 0.45 0.00 0.00 0.07 0.91 1.00 0.96 0.16 0.00 0.00 0.00 0.00 0.00 0.00 
 0.00 0.00 0.00 0.33 1.00 1.00 0.45 0.00 0.00 0.00 0.41 1.00 1.00 0.69 0.00 0.00 0.00 0.00 0.00 0.00 
 0.00 0.00 0.00 0.33 1.00 1.00 0.45 0.00 0.00 0.00 0.05 0.85 1.00 0.98 0.25 0.00 0.00 0.00 0.00 0.00 
 0.00 0.00 0.00 0.33 1.00 1.00 0.45 0.00 0.00 0.00 0.00 0.35 1.00 1.00 0.77 0.02 0.00 0.00 0.00 0.00 
 0.00 0.00 0.00 0.33 1.00 1.00 0.45 0.00 0.00 0.00 0.00 0.03 0.80 1.00 1.00 0.35 0.00 0.00 0.00 0.00 
 0.00 0.00 0.00 0.33 1.00 1.00 0.45 0.00 0.00 0.00 0.00 0.00 0.27 1.00 1.00 0.84 0.04 0.00 0.00 0.00 
 0.00 0.00 0.00 0.33 1.00 1.00 0.45 0.00 0.00 0.00 0.00 0.00 0.02 0.73 1.00 1.00 0.42 0.00 0.00 0.00 
 