0.00 0.19 0.53 0.74 0.88 0.82 0.20 0.00 0.00 0.00 0.00 0.00 0.00 0.09 0.58 0.96 0.93 0.25 0.00 0.00 
 0.00 0.20 0.38 0.42 0.94 1.00 0.50 0.00 0.00 0.00 0.00 0.00 0.13 0.85 1.00 1.00 1.00 0.49 0.00 0.00 
 0.00 0.00 0.00 0.00 0.75 1.00 0.50 0.00 0.00 0.00 0.00 0.09 0.85 0.88 0.39 0.27 0.56 0.13 0.00 0.00 
 0.00 0.00 0.00 0.00 0.75 1.00 0.50 0.00 0.00 0.00 0.05 0.74 0.82 0.09 0.00 0.00 0.00 0.00 0.00 0.00 
 0.00 0.00 0.00 0.00 0.75 1.00 0.50 0.00 0.00 0.02 0.55 0.82 0.09 0.00 0.00 0.00 0.00 0.00 0.00 0.00 
 0.00 0.00 0.00 0.00 0.75 1.00 0.50 0.00 0.00 0.31 0.89 0.14 0.00 0.00 0.00 0.00 0.00 0.00 0.00 0.00 
 0.00 0.00 0.00 0.00 0.75 1.00 0.47 0.00 0.13 0.88 0.28 0.00 0.00 0.00 0.00 0.00 0.00 0.00 0.00 0.00 
 0.00 0.00 0.00 0.00 0.75 1.00 0.38 0.02 0.71 0.52 0.00 0.00 0.00 0.00 0.00 0.00 0.00 0.00 0.00 0.00 
 0.00 0.00 0.00 0.00 0.75 1.00 0.38 0.44 0.77 0.02 0.00 0.00 0.00 0.00 0.00 0.00 0.00 0.00 0.00 0.00 
 0.00 0.00 0.00 0.00 0.75 1.00 0.52 0.97 0.78 0.02 0.00 0.00 0.00 0.00 0.00 0.00 0.00 0.00 0.00 0.00 
 0.00 0.00 0.00 0.00 0.77 1.00 0.44 0.89 1.00 0.42 0.00 0.00 0.00 0.00 0.00 0.00 0.00 0.00 0.00 0.00 
 0.00 0.00 0.00 0.00 0.88 1.00 0.25 0.36 1.00 0.91 0.09 0.00 0.00 0.00 0.00 0.00 0.00 0.00 0.00 0.00 
 0.00 0.00 0.00 0.00 0.88 1.00 0.25 0.03 0.75 1.00 0.66 0.00 0.00 0.00 0.00 0.00 0.00 0.00 0.00 0.00 
 0.00 0.00 0.00 0.00 0.88 1.00 0.25 0.00 0.20 0.97 0.99 0.35 0.00 0.00 0.00 0.00 0.00 0.00 0.00 0.00 
 0.00 0.00 0.00 0.02 0.89 1.00 0.25 0.00 0.00 0.49 1.00 0.89 0.09 0.00 0.00 0.00 0.00 0.00 0.00 0.00 
 0.00 0.00 0.00 0.13 1.00 1.00 0.14 0.00 0.00 0.05 0.82 1.00 0.72 0.03 0.00 0.00 0.00 0.00 0.00 0.00 
 0.00 0.00 0.00 0.13 1.00 1.00 0.13 0.00 0.00 0.00 0.20 0.96 1.00 0.58 0.02 0.00 0.00 0.00 0.00 0.00 
 0.00 0.00 0.00 0.13 1.00 1.00 0.13 0.00 0.00 0.00 0.00 0.39 0.99 1.00 0.56 0.02 0.00 0.00 0.00 0.00 
 0.00 0.00 0.00 0.13 1.00 1.00 0.13 0.00 0.00 0.00 0.00 0.00 0.55 1.00 1.00 0.69 0.31 0.38 0.27 0.00 
 0.00 0.00 0.00 0.13 0.96 0.74 0.02 0.00 0.00 0.00 0.00 0.00 0.02 0.50 0.97 1.00 0.89 0.55 0.14 0.00 
 