0.00 0.39 0.71 0.98 0.98 0.71 0.40 0.00 0.00 0.00 0.00 0.00 0.00 0.00 0.47 0.99 0.98 0.75 0.16 0.00 
 0.00 0.00 0.00 0.74 0.75 0.00 0.00 0.00 0.00 0.00 0.00 0.00 0.00 0.00 0.14 0.81 0.17 0.00 0.00 0.00 
 0.00 0.00 0.00 0.71 0.73 0.00 0.00 0.00 0.00 0.00 0.00 0.00 0.00 0.02 0.47 0.05 0.00 0.00 0.00 0.00 
 0.00 0.00 0.00 0.71 0.73 0.00 0.00 0.00 0.00 0.00 0.00 0.00 0.02 0.46 0.05 0.00 0.00 0.00 0.00 0.00 
 0.00 0.00 0.00 0.71 0.73 0.00 0.00 0.00 0.00 0.00 0.00 0.02 0.45 0.06 0.00 0.00 0.00 0.00 0.00 0.00 
 0.00 0.00 0.00 0.71 0.73 0.00 0.00 0.00 0.00 0.00 0.01 0.45 0.07 0.00 0.00 0.00 0.00 0.00 0.00 0.00 
 0.00 0.00 0.00 0.71 0.73 0.00 0.00 0.00 0.00 0.01 0.44 0.09 0.00 0.00 0.00 0.00 0.00 0.00 0.00 0.00 
 0.00 0.00 0.00 0.71 0.73 0.00 0.00 0.00 0.00 0.48 0.10 0.00 0.00 0.00 0.00 0.00 0.00 0.00 0.00 0.00 
 0.00 0.00 0.00 0.71 0.73 0.00 0.00 0.00 0.50 0.99 0.20 0.00 0.00 0.00 0.00 0.00 0.00 0.00 0.00 0.00 
 0.00 0.00 0.00 0.71 0.73 0.00 0.00 0.40 0.14 0.79 0.81 0.02 0.00 0.00 0.00 0.00 0.00 0.00 0.00 0.00 
 0.00 0.00 0.00 0.71 0.73 0.00 0.39 0.14 0.00 0.18 0.98 0.47 0.00 0.00 0.00 0.00 0.00 0.00 0.00 0.00 
 0.00 0.00 0.00 0.71 0.73 0.37 0.16 0.00 0.00 0.00 0.52 0.96 0.14 0.00 0.00 0.00 0.00 0.00 0.00 0.00 
 0.00 0.00 0.00 0.71 0.87 0.18 0.00 0.00 0.00 0.00 0.04 0.85 0.74 0.00 0.00 0.00 0.00 0.00 0.00 0.00 
 0.00 0.00 0.00 0.71 0.73 0.00 0.00 0.00 0.00 0.00 0.00 0.25 1.00 0.38 0.00 0.00 0.00 0.00 0.00 0.00 
 0.00 0.00 0.00 0.71 0.73 0.00 0.00 0.00 0.00 0.00 0.00 0.00 0.61 0.93 0.09 0.00 0.00 0.00 0.00 0.00 
 0.00 0.00 0.00 0.71 0.73 0.00 0.00 0.00 0.00 0.00 0.00 0.00 0.07 0.91 0.66 0.00 0.00 0.00 0.00 0.00 
 0.00 0.00 0.00 0.71 0.73 0.00 0.00 0.00 0.00 0.00 0.00 0.00 0.00 0.33 1.00 0.30 0.00 0.00 0.00 0.00 
 0.00 0.00 0.00 0.71 0.73 0.00 0.00 0.00 0.00 0.00 0.00 0.00 0.00 0.00 0.69 0.89 0.05 0.00 0.00 0.00 
 0.00 0.00 0.00 0.73 0.75 0.00 0.00 0.00 0.00 0.00 0.00 0.00 0.00 0.00 0.21 1.00 0.63 0.00 0.00 0.00 
 0.00 0.37 0.68 0.98 0.98 0.69 0.38 0.00 0.00 0.00 0.00 0.00 0.00 0.00 0.76 1.00 1.00 0.80 0.38 0.00 
 