-1.00 -1.00 -1.00 -1.00 -1.00 -0.96 -0.51 0.05 0.62 0.99 -0.71 -1.00 -1.00 -1.00 -1.00 -1.00 -1.00 -1.00 -1.00 -1.00 
 -1.00 -1.00 -1.00 -1.00 -1.00 -0.32 0.71 0.82 1.00 0.94 -0.98 -1.00 -1.00 -1.00 -1.00 -1.00 -1.00 -1.00 -1.00 -1.00 
 -1.00 -1.00 -1.00 -1.00 -1.00 -1.00 -1.00 -0.05 1.00 0.62 -1.00 -1.00 -1.00 -1.00 -1.00 -1.00 -1.00 -1.00 -1.00 -1.00 
 -1.00 -1.00 -1.00 -1.00 -1.00 -1.00 -1.00 0.29 1.00 0.29 -1.00 -1.00 -1.00 -1.00 -1.00 -1.00 -1.00 -1.00 -1.00 -1.00 
 -1.00 -1.00 -1.00 -1.00 -1.00 -1.00 -1.00 0.62 1.00 -0.05 -1.00 -1.00 -1.00 -1.00 -1.00 -1.00 -1.00 -1.00 -1.00 -1.00 
 -1.00 -1.00 -1.00 -1.00 -1.00 -1.00 -0.98 0.93 1.00 -0.38 -1.00 -1.00 -1.00 -1.00 -1.00 -1.00 -1.00 -1.00 -1.00 -1.00 
 -1.00 -1.00 -1.00 -1.00 -1.00 -1.00 -0.72 1.00 1.00 -0.72 -1.00 -1.00 -0.98 -0.98 -0.98 -0.98 -0.98 -0.98 -1.00 -1.00 
 -1.00 -1.00 -1.00 -1.00 -1.00 -1.00 -0.38 1.00 0.93 -0.98 -1.00 -1.00 0.51 1.00 1.00 1.00 1.00 -0.09 -1.00 -1.00 
 -1.00 -1.00 -1.00 -1.00 -1.00 -1.00 -0.05 1.00 0.62 -1.00 -1.00 -1.00 -0.91 0.42 0.94 -0.25 -0.76 -0.97 -1.00 -1.00 
 -1.00 -1.00 -1.00 -1.00 -1.00 -1.00 0.29 1.00 0.28 -1.00 -1.00 -0.99 0.11 0.87 -0.51 -1.00 -1.00 -1.00 -1.00 -1.00 
 -1.00 -1.00 -1.00 -1.00 -1.00 -1.00 0.62 1.00 -0.05 -1.00 -0.98 0.22 0.79 -0.65 -1.00 -1.00 -1.00 -1.00 -1.00 -1.00 
 -1.00 -1.00 -1.00 -1.00 -1.00 -0.98 0.94 1.00 -0.39 -0.95 0.32 0.68 -0.76 -1.00 -1.00 -1.00 -1.00 -1.00 -1.00 -1.00 
 -1.00 -1.00 -1.00 -1.00 -1.00 -0.71 1.00 1.00 -0.65 0.41 1.00 -0.26 -1.00 -1.00 -1.00 -1.00 -1.00 -1.00 -1.00 -1.00 
 -1.00 -1.00 -1.00 -1.00 -1.00 -0.37 1.00 0.99 0.70 0.97 1.00 0.71 -0.96 -1.00 -1.00 -1.00 -1.00 -1.00 -1.00 -1.00 
 -1.00 -1.00 -1.00 -1.00 -1.00 -0.04 1.00 0.61 -1.00 -0.51 1.00 1.00 -0.17 -1.00 -1.00 -1.00 -1.00 -1.00 -1.00 -1.00 
 -1.00 -1.00 -1.00 -1.00 -1.00 0.29 1.00 0.27 -1.00 -1.00 0.44 1.00 0.82 -0.91 -1.00 -1.00 -1.00 -1.00 -1.00 -1.00 
 -1.00 -1.00 -1.00 -1.00 -1.00 0.63 1.00 -0.06 -1.00 -1.00 -0.61 0.99 1.00 -0.00 -1.00 -1.00 -1.00 -1.00 -1.00 -1.00 
 -1.00 -1.00 -1.00 -1.00 -0.97 0.94 1.00 -0.40 -1.00 -1.00 -1.00 0.33 1.00 0.91 -0.82 -1.00 -1.00 -1.00 -1.00 -1.00 
 -1.00 -1.00 -1.00 -1.00 -0.55 1.00 1.00 -0.56 -1.00 -1.00 -1.00 -0.69 0.97 1.00 0.17 -1.00 -1.00 -1.00 -1.00 -1.00 
 -1.00 -1.00 -0.55 0.76 0.96 1.00 1.00 0.93 0.25 -1.00 -1.00 -1.00 0.58 1.00 1.00 0.91 -0.10 -1.00 -1.00 -1.00 
 