-1.00 -1.00 -1.00 -1.00 -1.00 -1.00 -0.16 1.00 0.20 -1.00 -1.00 -1.00 -1.00 -1.00 -1.00 -1.00 -1.00 -1.00 -1.00 -1.00 
 -1.00 -1.00 -1.00 -1.00 -1.00 -1.00 0.21 1.00 -0.17 -1.00 -1.00 -1.00 -1.00 -1.00 -1.00 -1.00 -1.00 -1.00 -1.00 -1.00 
 -1.00 -1.00 -1.00 -1.00 -1.00 -1.00 0.58 1.00 -0.54 -1.00 -1.00 -1.00 -1.00 -1.00 -1.00 -1.00 -1.00 -1.00 -1.00 -1.00 
 -1.00 -1.00 -1.00 -1.00 -1.00 -0.97 0.93 0.99 -0.90 -1.00 -1.00 -1.00 -1.00 -1.00 -1.00 -1.00 -1.00 -1.00 -1.00 -1.00 
 -1.00 -1.00 -1.00 -1.00 -1.00 -0.68 1.00 0.72 -1.00 -1.00 -1.00 -1.00 -1.00 -1.00 -1.00 -1.00 -1.00 -1.00 -1.00 -1.00 
 -1.00 -1.00 -1.00 -1.00 -1.00 -0.31 1.00 0.35 -1.00 -1.00 -1.00 -1.00 -1.00 -0.98 0.18 0.57 0.12 -0.98 -1.00 -1.00 
 -1.00 -1.00 -1.00 -1.00 -1.00 0.07 1.00 -0.02 -1.00 -1.00 -1.00 -1.00 -0.99 0.21 1.00 0.61 -0.87 -1.00 -1.00 -1.00 
 -1.00 -1.00 -1.00 -1.00 -1.00 0.44 1.00 -0.39 -1.00 -1.00 -1.00 -0.99 0.11 1.00 0.66 -0.84 -1.00 -1.00 -1.00 -1.00 
 -1.00 -1.00 -1.00 -1.00 -1.00 0.80 1.00 -0.76 -1.00 -1.00 -1.00 0.02 1.00 0.71 -0.80 -1.00 -1.00 -1.00 -1.00 -1.00 
 -1.00 -1.00 -1.00 -1.00 -0.83 1.00 0.87 -0.99 -1.00 -1.00 -0.07 1.00 0.75 -0.77 -1.00 -1.00 -1.00 -1.00 -1.00 -1.00 
 -1.00 -1.00 -1.00 -1.00 -0.46 1.00 0.50 -1.00 -1.00 -0.17 1.00 0.79 -0.73 -1.00 -1.00 -1.00 -1.00 -1.00 -1.00 -1.00 
 -1.00 -1.00 -1.00 -1.00 -0.08 1.00 0.13 -1.00 -0.26 0.99 0.83 -0.68 -1.00 -1.00 -1.00 -1.00 -1.00 -1.00 -1.00 -1.00 
 -1.00 -1.00 -1.00 -1.00 0.29 1.00 -0.24 -0.34 0.98 0.99 -0.60 -1.00 -1.00 -1.00 -1.00 -1.00 -1.00 -1.00 -1.00 -1.00 
 -1.00 -1.00 -1.00 -1.00 0.65 1.00 -0.04 0.95 1.00 1.00 -0.05 -1.00 -1.00 -1.00 -1.00 -1.00 -1.00 -1.00 -1.00 -1.00 
 -1.00 -1.00 -1.00 -0.94 0.97 1.00 0.97 0.79 -0.04 1.00 0.94 -0.69 -1.00 -1.00 -1.00 -1.00 -1.00 -1.00 -1.00 -1.00 
 -1.00 -1.00 -1.00 -0.60 1.00 1.00 0.79 -0.71 -0.99 0.40 1.00 0.54 -0.98 -1.00 -1.00 -1.00 -1.00 -1.00 -1.00 -1.00 
 -1.00 -1.00 -1.00 -0.23 1.00 0.79 -0.71 -1.00 -1.00 -0.77 0.90 1.00 -0.15 -1.00 -1.00 -1.00 -1.00 -1.00 -1.00 -1.00 
 -1.00 -1.00 -1.00 0.14 1.00 -0.10 -1.00 -1.00 -1.00 -1.00 -0.17 1.00 0.91 -0.75 -1.00 -1.00 -1.00 -1.00 -1.00 -1.00 
 -1.00 -1.00 -1.00 0.51 1.00 -0.47 -1.00 -1.00 -1.00 -1.00 -0.98 0.54 1.00 0.45 -0.99 -1.00 -1.00 -1.00 -1.00 -1.00 
 -1.00 -1.00 -0.99 0.87 1.00 -0.84 -1.00 -1.00 -1.00 -1.00 -1.00 -0.68 0.95 1.00 -0.25 -1.00 -1.00 -1.00 -1.00 -1.00 
 