-1.00 -1.00 -1.00 -1.00 -1.00 -1.00 -0.86 -0.36 0.19 0.65 -0.99 -1.00 -1.00 -1.00 -1.00 -1.00 -1.00 -1.00 -1.00 -1.00 
 -1.00 -1.00 -1.00 -1.00 -1.00 -0.00 0.60 1.00 1.00 0.58 -1.00 -1.00 -1.00 -1.00 -1.00 -1.00 -1.00 -1.00 -1.00 -1.00 
 -1.00 -1.00 -1.00 -1.00 -1.00 -1.00 -0.98 0.94 1.00 0.24 -1.00 -1.00 -1.00 -1.00 -1.00 -1.00 -1.00 -1.00 -1.00 -1.00 
 -1.00 -1.00 -1.00 -1.00 -1.00 -1.00 -0.92 0.99 1.00 -0.10 -1.00 -1.00 -1.00 -1.00 -1.00 -1.00 -1.00 -1.00 -1.00 -1.00 
 -1.00 -1.00 -1.00 -1.00 -1.00 -1.00 -0.61 1.00 1.00 -0.43 -1.00 -1.00 -1.00 -1.00 -1.00 -1.00 -1.00 -1.00 -1.00 -1.00 
 -1.00 -1.00 -1.00 -1.00 -1.00 -1.00 -0.27 1.00 1.00 -0.76 -1.00 -1.00 -1.00 -1.00 -1.00 -1.00 -1.00 -1.00 -1.00 -1.00 
 -1.00 -1.00 -1.00 -1.00 -1.00 -1.00 0.07 1.00 0.89 -0.99 -1.00 -1.00 -0.75 -0.72 -0.72 -0.72 -0.72 -0.72 -0.97 -1.00 
 -1.00 -1.00 -1.00 -1.00 -1.00 -1.00 0.40 1.00 0.57 -1.00 -1.00 -1.00 -0.42 0.55 1.00 0.75 -0.03 -0.34 -0.95 -1.00 
 -1.00 -1.00 -1.00 -1.00 -1.00 -1.00 0.73 1.00 0.23 -1.00 -1.00 -1.00 -0.67 0.78 0.00 -0.94 -1.00 -1.00 -1.00 -1.00 
 -1.00 -1.00 -1.00 -1.00 -1.00 -0.91 0.98 1.00 -0.10 -1.00 -1.00 -0.33 0.62 -0.59 -1.00 -1.00 -1.00 -1.00 -1.00 -1.00 
 -1.00 -1.00 -1.00 -1.00 -1.00 -0.60 1.00 1.00 -0.44 -0.96 0.11 0.36 -0.88 -1.00 -1.00 -1.00 -1.00 -1.00 -1.00 -1.00 
 -1.00 -1.00 -1.00 -1.00 -1.00 -0.26 1.00 1.00 -0.58 0.52 0.03 -0.98 -1.00 -1.00 -1.00 -1.00 -1.00 -1.00 -1.00 -1.00 
 -1.00 -1.00 -1.00 -1.00 -1.00 0.07 1.00 0.95 0.81 1.00 0.04 -1.00 -1.00 -1.00 -1.00 -1.00 -1.00 -1.00 -1.00 -1.00 
 -1.00 -1.00 -1.00 -1.00 -1.00 0.40 1.00 0.56 0.31 1.00 0.95 -0.67 -1.00 -1.00 -1.00 -1.00 -1.00 -1.00 -1.00 -1.00 
 -1.00 -1.00 -1.00 -1.00 -1.00 0.74 1.00 0.22 -0.76 0.92 1.00 0.51 -0.99 -1.00 -1.00 -1.00 -1.00 -1.00 -1.00 -1.00 
 -1.00 -1.00 -1.00 -1.00 -0.91 0.99 1.00 -0.11 -1.00 -0.01 1.00 1.00 -0.24 -1.00 -1.00 -1.00 -1.00 -1.00 -1.00 -1.00 
 -1.00 -1.00 -1.00 -1.00 -0.59 1.00 1.00 -0.44 -1.00 -0.92 0.76 1.00 0.84 -0.84 -1.00 -1.00 -1.00 -1.00 -1.00 -1.00 
 -1.00 -1.00 -1.00 -1.00 -0.25 1.00 1.00 -0.77 -1.00 -1.00 -0.33 1.00 1.00 0.25 -1.00 -1.00 -1.00 -1.00 -1.00 -1.00 
 -1.00 -1.00 -1.00 -1.00 0.18 1.00 0.96 -0.99 -1.00 -1.00 -0.99 0.51 1.00 1.00 -0.22 -1.00 -1.00 -1.00 -1.00 -1.00 
 -1.00 -1.00 -0.22 0.26 0.97 1.00 1.00 0.16 -0.34 -1.00 -0.51 0.41 1.00 1.00 0.99 0.29 -0.48 -1.00 -1.00 -1.00 
 