-1.00 -1.00 -1.00 -1.00 -1.00 -0.97 -0.70 -0.34 0.11 0.71 -0.87 -1.00 -1.00 -1.00 -1.00 -1.00 -1.00 -1.00 -1.00 -1.00 
 -1.00 -1.00 -1.00 -1.00 -1.00 -0.15 0.55 0.88 1.00 0.84 -1.00 -1.00 -1.00 -1.00 -1.00 -1.00 -1.00 -1.00 -1.00 -1.00 
 -1.00 -1.00 -1.00 -1.00 -1.00 -1.00 -1.00 0.15 1.00 0.51 -1.00 -1.00 -1.00 -1.00 -1.00 -1.00 -1.00 -1.00 -1.00 -1.00 
 -1.00 -1.00 -1.00 -1.00 -1.00 -1.00 -1.00 0.41 1.00 0.17 -1.00 -1.00 -1.00 -1.00 -1.00 -1.00 -1.00 -1.00 -1.00 -1.00 
 -1.00 -1.00 -1.00 -1.00 -1.00 -1.00 -1.00 0.74 1.00 -0.17 -1.00 -1.00 -1.00 -1.00 -1.00 -1.00 -1.00 -1.00 -1.00 -1.00 
 -1.00 -1.00 -1.00 -1.00 -1.00 -1.00 -0.91 0.99 1.00 -0.50 -1.00 -1.00 -1.00 -1.00 -1.00 -1.00 -1.00 -1.00 -1.00 -1.00 
 -1.00 -1.00 -1.00 -1.00 -1.00 -1.00 -0.58 1.00 1.00 -0.84 -1.00 -1.00 -1.00 -1.00 -1.00 -1.00 -1.00 -1.00 -1.00 -1.00 
 -1.00 -1.00 -1.00 -1.00 -1.00 -1.00 -0.25 1.00 0.83 -1.00 -1.00 -1.00 -1.00 -1.00 -0.32 0.51 0.51 -0.02 -1.00 -1.00 
 -1.00 -1.00 -1.00 -1.00 -1.00 -1.00 0.08 1.00 0.50 -1.00 -1.00 -1.00 -0.99 -0.01 0.99 0.36 -0.53 -0.91 -1.00 -1.00 
 -1.00 -1.00 -1.00 -1.00 -1.00 -1.00 0.42 1.00 0.16 -1.00 -1.00 -0.91 0.33 0.82 -0.40 -1.00 -1.00 -1.00 -1.00 -1.00 
 -1.00 -1.00 -1.00 -1.00 -1.00 -1.00 0.75 1.00 -0.18 -1.00 -0.66 0.67 0.36 -0.84 -1.00 -1.00 -1.00 -1.00 -1.00 -1.00 
 -1.00 -1.00 -1.00 -1.00 -1.00 -0.91 0.99 1.00 -0.50 -0.17 0.82 -0.25 -0.99 -1.00 -1.00 -1.00 -1.00 -1.00 -1.00 -1.00 
 -1.00 -1.00 -1.00 -1.00 -1.00 -0.58 1.00 1.00 0.54 1.00 0.54 -0.97 -1.00 -1.00 -1.00 -1.00 -1.00 -1.00 -1.00 -1.00 
 -1.00 -1.00 -1.00 -1.00 -1.00 -0.25 1.00 0.84 0.51 1.00 1.00 0.10 -1.00 -1.00 -1.00 -1.00 -1.00 -1.00 -1.00 -1.00 
 -1.00 -1.00 -1.00 -1.00 -1.00 0.08 1.00 0.49 -0.87 0.67 1.00 1.00 -0.22 -1.00 -1.00 -1.00 -1.00 -1.00 -1.00 -1.00 
 -1.00 -1.00 -1.00 -1.00 -1.00 0.42 1.00 0.15 -1.00 -0.76 0.80 1.00 0.96 -0.50 -1.00 -1.00 -1.00 -1.00 -1.00 -1.00 
 -1.00 -1.00 -1.00 -1.00 -1.00 0.76 1.00 -0.18 -1.00 -1.00 -0.62 0.90 1.00 0.85 -0.72 -1.00 -1.00 -1.00 -1.00 -1.00 
 -1.00 -1.00 -1.00 -1.00 -0.88 0.99 1.00 -0.50 -1.00 -1.00 -1.00 -0.46 0.96 1.00 0.69 -0.83 -1.00 -1.00 -1.00 -1.00 
 -1.00 -1.00 -0.95 -0.80 -0.08 1.00 1.00 -0.29 -0.84 -0.98 -1.00 -1.00 -0.26 1.00 1.00 0.77 -0.25 -1.00 -1.00 -1.00 
 -1.00 -1.00 -0.04 0.51 0.46 0.42 0.44 0.48 0.55 -0.80 -1.00 -1.00 -1.00 -0.04 0.78 0.21 -0.47 -1.00 -1.00 -1.00 
 