-1.00 -1.00 -1.00 -1.00 -0.80 0.48 0.60 0.72 0.84 0.76 -1.00 -1.00 -1.00 -1.00 -1.00 -1.00 -1.00 -1.00 -1.00 -1.00 
 -1.00 -1.00 -1.00 -1.00 -0.76 -0.06 0.07 1.00 1.00 0.47 -1.00 -1.00 -1.00 -1.00 -1.00 -1.00 -1.00 -1.00 -1.00 -1.00 
 -1.00 -1.00 -1.00 -1.00 -1.00 -1.00 -0.96 0.98 1.00 0.14 -1.00 -1.00 -1.00 -1.00 -1.00 -1.00 -1.00 -1.00 -1.00 -1.00 
 -1.00 -1.00 -1.00 -1.00 -1.00 -1.00 -0.69 1.00 1.00 -0.19 -1.00 -1.00 -1.00 -1.00 -1.00 -1.00 -1.00 -1.00 -1.00 -1.00 
 -1.00 -1.00 -1.00 -1.00 -1.00 -1.00 -0.35 1.00 1.00 -0.53 -1.00 -1.00 -1.00 -1.00 -1.00 -1.00 -1.00 -1.00 -1.00 -1.00 
 -1.00 -1.00 -1.00 -1.00 -1.00 -1.00 -0.01 1.00 1.00 -0.87 -1.00 -1.00 -1.00 -1.00 -1.00 -1.00 -1.00 -1.00 -1.00 -1.00 
 -1.00 -1.00 -1.00 -1.00 -1.00 -1.00 0.32 1.00 0.80 -1.00 -1.00 -1.00 -1.00 -1.00 -1.00 -1.00 -1.00 -1.00 -1.00 -1.00 
 -1.00 -1.00 -1.00 -1.00 -1.00 -1.00 0.65 1.00 0.47 -1.00 -0.82 0.29 0.29 0.29 0.29 0.29 0.29 0.28 -0.98 -1.00 
 -1.00 -1.00 -1.00 -1.00 -1.00 -0.96 0.95 1.00 0.13 -1.00 -0.85 -0.33 0.14 1.00 1.00 0.86 0.22 -0.27 -1.00 -1.00 
 -1.00 -1.00 -1.00 -1.00 -1.00 -0.68 1.00 1.00 -0.20 -1.00 -1.00 -0.98 0.25 0.97 0.03 -0.91 -1.00 -1.00 -1.00 -1.00 
 -1.00 -1.00 -1.00 -1.00 -1.00 -0.34 1.00 1.00 -0.54 -1.00 -0.90 0.39 0.84 -0.52 -1.00 -1.00 -1.00 -1.00 -1.00 -1.00 
 -1.00 -1.00 -1.00 -1.00 -1.00 -0.01 1.00 1.00 -0.87 -0.75 0.65 0.69 -0.74 -1.00 -1.00 -1.00 -1.00 -1.00 -1.00 -1.00 
 -1.00 -1.00 -1.00 -1.00 -1.00 0.33 1.00 0.80 -0.53 0.84 1.00 0.65 -0.97 -1.00 -1.00 -1.00 -1.00 -1.00 -1.00 -1.00 
 -1.00 -1.00 -1.00 -1.00 -1.00 0.65 1.00 0.87 0.93 0.67 1.00 1.00 -0.18 -1.00 -1.00 -1.00 -1.00 -1.00 -1.00 -1.00 
 -1.00 -1.00 -1.00 -1.00 -0.96 0.96 1.00 0.87 -0.44 -0.72 0.96 1.00 0.83 -0.88 -1.00 -1.00 -1.00 -1.00 -1.00 -1.00 
 -1.00 -1.00 -1.00 -1.00 -0.67 1.00 1.00 -0.19 -1.00 -1.00 0.15 1.00 1.00 0.07 -1.00 -1.00 -1.00 -1.00 -1.00 -1.00 
 -1.00 -1.00 -1.00 -1.00 -0.34 1.00 1.00 -0.55 -1.00 -1.00 -0.84 0.89 1.00 0.95 -0.74 -1.00 -1.00 -1.00 -1.00 -1.00 
 -1.00 -1.00 -1.00 -1.00 -0.00 1.00 1.00 -0.87 -1.00 -1.00 -1.00 -0.04 1.00 1.00 0.39 -0.99 -1.00 -1.00 -1.00 -1.00 
 -1.00 -1.00 -0.99 -0.83 0.61 1.00 0.98 -0.74 -0.99 -1.00 -1.00 -0.68 1.00 1.00 1.00 0.18 -0.77 -0.99 -1.00 -1.00 
 -1.00 -0.98 0.91 1.00 1.00 1.00 1.00 1.00 0.76 -0.99 0.82 1.00 1.00 1.00 1.00 1.00 1.00 -0.52 -1.00 -1.00 
 