0.00 0.00 0.00 0.00 0.01 0.00 0.00 0.00 0.00 0.00 0.00 0.00 0.00 0.00 0.00 0.00 0.00 0.00 0.00 0.01 
 0.00 0.00 0.00 0.30 0.98 0.80 0.00 0.00 0.00 0.00 0.00 0.00 0.00 0.00 0.00 0.00 0.00 0.12 0.70 0.99 
 0.00 0.00 0.00 0.64 1.00 0.75 0.00 0.00 0.00 0.00 0.00 0.00 0.00 0.00 0.00 0.00 0.39 0.95 1.00 0.69 
 0.00 0.00 0.00 0.85 1.00 0.53 0.00 0.00 0.00 0.00 0.00 0.00 0.00 0.00 0.11 0.72 1.00 0.93 0.35 0.00 
 0.00 0.00 0.07 1.00 1.00 0.32 0.00 0.00 0.00 0.00 0.00 0.00 0.00 0.39 0.95 1.00 0.68 0.09 0.00 0.00 
 0.00 0.00 0.27 1.00 1.00 0.11 0.00 0.00 0.00 0.00 0.00 0.11 0.72 1.00 0.92 0.35 0.00 0.00 0.00 0.00 
 0.00 0.00 0.49 1.00 0.89 0.00 0.00 0.00 0.00 0.00 0.38 0.94 1.00 0.67 0.09 0.00 0.00 0.00 0.00 0.00 
 0.00 0.00 0.70 1.00 0.68 0.00 0.00 0.00 0.11 0.71 1.00 0.92 0.34 0.00 0.00 0.00 0.00 0.00 0.00 0.00 
 0.00 0.00 0.91 1.00 0.47 0.00 0.00 0.38 0.94 1.00 0.94 0.10 0.00 0.00 0.00 0.00 0.00 0.00 0.00 0.00 
 0.00 0.13 1.00 1.00 0.25 0.11 0.71 1.00 0.99 1.00 1.00 0.45 0.00 0.00 0.00 0.00 0.00 0.00 0.00 0.00 
 0.00 0.34 1.00 0.99 0.42 0.94 1.00 0.67 0.13 0.85 1.00 0.97 0.17 0.00 0.00 0.00 0.00 0.00 0.00 0.00 
 0.00 0.55 1.00 1.00 1.00 0.92 0.34 0.00 0.00 0.22 0.99 1.00 0.80 0.02 0.00 0.00 0.00 0.00 0.00 0.00 
 0.00 0.76 1.00 1.00 0.67 0.09 0.00 0.00 0.00 0.00 0.52 1.00 1.00 0.51 0.00 0.00 0.00 0.00 0.00 0.00 
 0.02 0.96 1.00 0.50 0.00 0.00 0.00 0.00 0.00 0.00 0.02 0.81 1.00 0.98 0.21 0.00 0.00 0.00 0.00 0.00 
 0.19 1.00 1.00 0.19 0.00 0.00 0.00 0.00 0.00 0.00 0.00 0.17 0.97 1.00 0.84 0.04 0.00 0.00 0.00 0.00 
 0.40 1.00 0.96 0.02 0.00 0.00 0.00 0.00 0.00 0.00 0.00 0.00 0.45 1.00 1.00 0.56 0.00 0.00 0.00 0.00 
 0.62 1.00 0.76 0.00 0.00 0.00 0.00 0.00 0.00 0.00 0.00 0.00 0.01 0.76 1.00 1.00 0.25 0.00 0.00 0.00 
 0.83 1.00 0.55 0.00 0.00 0.00 0.00 0.00 0.00 0.00 0.00 0.00 0.00 0.13 0.95 1.00 0.88 0.05 0.00 0.00 
 0.97 1.00 0.28 0.00 0.00 0.00 0.00 0.00 0.00 0.00 0.00 0.00 0.00 0.00 0.38 1.00 1.00 0.49 0.00 0.00 
 0.13 0.15 0.00 0.00 0.00 0.00 0.00 0.00 0.00 0.00 0.00 0.00 0.00 0.00 0.00 0.16 0.19 0.05 0.00 0.00 
 