-1.00 -1.00 -0.83 0.93 1.00 1.00 -0.03 -1.00 -1.00 -1.00 -1.00 -1.00 -1.00 -1.00 -1.00 -1.00 -1.00 -1.00 -1.00 -1.00 
 -1.00 -1.00 -0.95 -0.05 0.03 0.73 0.15 -1.00 -1.00 -1.00 -1.00 -1.00 -1.00 -1.00 -1.00 -1.00 -1.00 -1.00 -1.00 -1.00 
 -1.00 -1.00 -1.00 -1.00 -1.00 0.44 0.15 -1.00 -1.00 -1.00 -1.00 -1.00 -1.00 -1.00 -1.00 -1.00 -1.00 -1.00 -1.00 -1.00 
 -1.00 -1.00 -1.00 -1.00 -1.00 0.44 0.15 -1.00 -1.00 -1.00 -1.00 -1.00 -1.00 -1.00 -1.00 -1.00 -1.00 -1.00 -1.00 -1.00 
 -1.00 -1.00 -1.00 -1.00 -1.00 0.44 0.15 -1.00 -1.00 -1.00 -1.00 -1.00 -1.00 -1.00 -1.00 -1.00 -1.00 -1.00 -1.00 -1.00 
 -1.00 -1.00 -1.00 -1.00 -1.00 0.44 0.15 -1.00 -1.00 -1.00 -0.96 -0.83 -0.83 -0.83 -0.83 -0.83 -0.98 -1.00 -1.00 -1.00 
 -1.00 -1.00 -1.00 -1.00 -1.00 0.44 0.15 -1.00 -1.00 -1.00 0.15 1.00 1.00 1.00 1.00 1.00 -0.10 -1.00 -1.00 -1.00 
 -1.00 -1.00 -1.00 -1.00 -1.00 0.44 0.15 -1.00 -1.00 -1.00 -0.64 -0.16 0.62 0.98 0.04 -0.16 -0.74 -1.00 -1.00 -1.00 
 -1.00 -1.00 -1.00 -1.00 -1.00 0.44 0.15 -1.00 -1.00 -1.00 -1.00 -0.04 0.98 -0.24 -1.00 -1.00 -1.00 -1.00 -1.00 -1.00 
 -1.00 -1.00 -1.00 -1.00 -1.00 0.44 0.15 -1.00 -1.00 -0.99 -0.04 0.98 -0.26 -1.00 -1.00 -1.00 -1.00 -1.00 -1.00 -1.00 
 -1.00 -1.00 -1.00 -1.00 -1.00 0.44 0.15 -1.00 -0.99 -0.01 0.98 -0.28 -1.00 -1.00 -1.00 -1.00 -1.00 -1.00 -1.00 -1.00 
 -1.00 -1.00 -1.00 -1.00 -1.00 0.44 0.15 -0.99 0.00 1.00 0.03 -1.00 -1.00 -1.00 -1.00 -1.00 -1.00 -1.00 -1.00 -1.00 
 -1.00 -1.00 -1.00 -1.00 -1.00 0.44 0.15 0.02 0.98 0.57 0.77 -0.86 -1.00 -1.00 -1.00 -1.00 -1.00 -1.00 -1.00 -1.00 
 -1.00 -1.00 -1.00 -1.00 -1.00 0.44 0.84 0.97 -0.32 -0.89 0.74 0.33 -0.99 -1.00 -1.00 -1.00 -1.00 -1.00 -1.00 -1.00 
 -1.00 -1.00 -1.00 -1.00 -1.00 0.44 0.97 -0.34 -1.00 -1.00 -0.55 0.98 -0.24 -1.00 -1.00 -1.00 -1.00 -1.00 -1.00 -1.00 
 -1.00 -1.00 -1.00 -1.00 -1.00 0.44 0.20 -1.00 -1.00 -1.00 -1.00 -0.00 0.91 -0.72 -1.00 -1.00 -1.00 -1.00 -1.00 -1.00 
 -1.00 -1.00 -1.00 -1.00 -1.00 0.44 0.15 -1.00 -1.00 -1.00 -1.00 -0.97 0.55 0.58 -0.96 -1.00 -1.00 -1.00 -1.00 -1.00 
 -1.00 -1.00 -1.00 -1.00 -1.00 0.44 0.15 -1.00 -1.00 -1.00 -1.00 -1.00 -0.74 0.89 0.04 -1.00 -1.00 -1.00 -1.00 -1.00 
 -1.00 -1.00 -0.97 -0.16 -0.09 0.69 0.54 -0.09 -0.27 -1.00 -1.00 -1.00 -0.27 0.47 0.98 0.00 -0.15 -0.95 -1.00 -1.00 
 -1.00 -1.00 -0.82 0.96 1.00 1.00 1.00 1.00 0.85 -1.00 -1.00 -1.00 0.84 1.00 1.00 1.00 0.98 -0.76 -1.00 -1.00 
 