0.00 0.00 0.00 0.00 0.06 0.28 0.73 0.84 0.00 0.00 0.00 0.00 0.00 0.00 0.00 0.00 0.00 0.00 0.00 0.00 
 0.00 0.00 0.00 0.39 0.81 1.00 1.00 0.84 0.00 0.00 0.00 0.00 0.00 0.00 0.00 0.00 0.00 0.00 0.00 0.00 
 0.00 0.00 0.00 0.20 0.20 0.92 1.00 0.84 0.00 0.00 0.00 0.00 0.00 0.00 0.00 0.00 0.00 0.00 0.00 0.00 
 0.00 0.00 0.00 0.00 0.00 0.70 1.00 0.84 0.00 0.00 0.00 0.00 0.00 0.00 0.00 0.00 0.00 0.00 0.00 0.00 
 0.00 0.00 0.00 0.00 0.00 0.67 1.00 0.84 0.00 0.00 0.00 0.00 0.00 0.00 0.00 0.00 0.00 0.00 0.00 0.00 
 0.00 0.00 0.00 0.00 0.00 0.67 1.00 0.84 0.00 0.00 0.00 0.00 0.00 0.00 0.00 0.00 0.00 0.00 0.00 0.00 
 0.00 0.00 0.00 0.00 0.00 0.67 1.00 0.84 0.00 0.00 0.00 0.00 0.00 0.00 0.00 0.00 0.00 0.00 0.00 0.00 
 0.00 0.00 0.00 0.00 0.00 0.67 1.00 0.84 0.00 0.00 0.00 0.06 0.33 0.33 0.33 0.33 0.33 0.28 0.00 0.00 
 0.00 0.00 0.00 0.00 0.00 0.67 1.00 0.84 0.00 0.00 0.00 0.03 0.42 1.00 0.97 0.73 0.33 0.14 0.00 0.00 
 0.00 0.00 0.00 0.00 0.00 0.67 1.00 0.84 0.00 0.00 0.00 0.00 0.36 0.97 0.42 0.00 0.00 0.00 0.00 0.00 
 0.00 0.00 0.00 0.00 0.00 0.67 1.00 0.84 0.00 0.00 0.03 0.42 0.89 0.31 0.00 0.00 0.00 0.00 0.00 0.00 
 0.00 0.00 0.00 0.00 0.00 0.67 1.00 0.84 0.00 0.03 0.53 0.89 0.28 0.00 0.00 0.00 0.00 0.00 0.00 0.00 
 0.00 0.00 0.00 0.00 0.00 0.67 1.00 0.84 0.09 0.61 0.86 0.17 0.00 0.00 0.00 0.00 0.00 0.00 0.00 0.00 
 0.00 0.00 0.00 0.00 0.00 0.67 1.00 0.89 0.73 1.00 0.73 0.03 0.00 0.00 0.00 0.00 0.00 0.00 0.00 0.00 
 0.00 0.00 0.00 0.00 0.00 0.67 1.00 0.86 0.67 1.00 1.00 0.56 0.00 0.00 0.00 0.00 0.00 0.00 0.00 0.00 
 0.00 0.00 0.00 0.00 0.00 0.67 1.00 0.84 0.09 0.81 1.00 0.97 0.39 0.00 0.00 0.00 0.00 0.00 0.00 0.00 
 0.00 0.00 0.00 0.00 0.00 0.67 1.00 0.84 0.00 0.14 0.89 1.00 0.95 0.22 0.00 0.00 0.00 0.00 0.00 0.00 
 0.00 0.00 0.00 0.00 0.00 0.67 1.00 0.84 0.00 0.00 0.28 0.95 1.00 0.86 0.11 0.00 0.00 0.00 0.00 0.00 
 0.00 0.00 0.00 0.00 0.00 0.67 1.00 0.84 0.00 0.00 0.00 0.42 1.00 1.00 0.73 0.03 0.00 0.00 0.00 0.00 
 0.00 0.00 0.00 0.00 0.00 0.70 1.00 0.84 0.00 0.00 0.00 0.03 0.61 1.00 1.00 0.56 0.00 0.00 0.00 0.00 
 