0.00 0.00 0.01 0.10 0.22 0.43 0.70 0.62 0.00 0.00 0.00 0.00 0.00 0.00 0.00 0.00 0.00 0.00 0.00 0.00 
 0.00 0.00 0.08 0.80 0.85 1.00 1.00 0.60 0.00 0.00 0.00 0.00 0.00 0.00 0.00 0.00 0.00 0.00 0.00 0.00 
 0.00 0.00 0.00 0.00 0.06 0.96 1.00 0.55 0.00 0.00 0.00 0.00 0.00 0.00 0.00 0.00 0.00 0.00 0.00 0.00 
 0.00 0.00 0.00 0.00 0.00 0.90 1.00 0.50 0.00 0.00 0.00 0.00 0.00 0.00 0.00 0.00 0.00 0.00 0.00 0.00 
 0.00 0.00 0.00 0.00 0.00 0.89 1.00 0.50 0.00 0.00 0.00 0.00 0.00 0.00 0.00 0.00 0.00 0.00 0.00 0.00 
 0.00 0.00 0.00 0.00 0.00 0.80 1.00 0.50 0.00 0.00 0.00 0.00 0.00 0.00 0.00 0.00 0.00 0.00 0.00 0.00 
 0.00 0.00 0.00 0.00 0.00 0.80 1.00 0.50 0.00 0.00 0.00 0.00 0.00 0.00 0.00 0.00 0.00 0.00 0.00 0.00 
 0.00 0.00 0.00 0.00 0.00 0.80 1.00 0.50 0.00 0.00 0.00 0.00 0.00 0.34 0.53 0.51 0.29 0.00 0.00 0.00 
 0.00 0.00 0.00 0.00 0.00 0.80 1.00 0.50 0.00 0.00 0.00 0.00 0.38 0.99 0.81 0.34 0.09 0.00 0.00 0.00 
 0.00 0.00 0.00 0.00 0.00 0.80 1.00 0.50 0.00 0.00 0.01 0.45 0.97 0.56 0.03 0.00 0.00 0.00 0.00 0.00 
 0.00 0.00 0.00 0.00 0.00 0.80 1.00 0.50 0.00 0.02 0.53 0.93 0.32 0.00 0.00 0.00 0.00 0.00 0.00 0.00 
 0.00 0.00 0.00 0.00 0.00 0.80 1.00 0.50 0.07 0.68 0.85 0.17 0.00 0.00 0.00 0.00 0.00 0.00 0.00 0.00 
 0.00 0.00 0.00 0.00 0.00 0.80 1.00 0.66 0.83 0.99 0.26 0.00 0.00 0.00 0.00 0.00 0.00 0.00 0.00 0.00 
 0.00 0.00 0.00 0.00 0.00 0.80 1.00 0.81 0.98 1.00 0.89 0.16 0.00 0.00 0.00 0.00 0.00 0.00 0.00 0.00 
 0.00 0.00 0.00 0.00 0.00 0.80 1.00 0.50 0.30 0.96 1.00 0.89 0.16 0.00 0.00 0.00 0.00 0.00 0.00 0.00 
 0.00 0.00 0.00 0.00 0.00 0.80 1.00 0.50 0.00 0.26 0.93 1.00 0.89 0.16 0.00 0.00 0.00 0.00 0.00 0.00 
 0.00 0.00 0.00 0.00 0.00 0.83 1.00 0.52 0.00 0.00 0.22 0.93 1.00 0.89 0.17 0.00 0.00 0.00 0.00 0.00 
 0.00 0.00 0.00 0.00 0.00 0.90 1.00 0.60 0.00 0.00 0.00 0.22 0.93 1.00 0.93 0.23 0.00 0.00 0.00 0.00 
 0.00 0.00 0.00 0.00 0.04 0.94 1.00 0.63 0.00 0.00 0.00 0.00 0.22 0.93 1.00 0.96 0.36 0.05 0.00 0.00 
 0.00 0.00 0.05 0.52 0.68 1.00 1.00 0.94 0.60 0.39 0.00 0.00 0.00 0.22 0.93 1.00 0.95 0.43 0.00 0.00 
 