0.00 0.00 0.00 0.00 0.40 1.00 1.00 0.80 0.00 0.00 0.00 0.00 0.00 0.00 0.00 0.00 0.00 0.00 0.00 0.00 
 0.00 0.00 0.00 0.00 0.40 1.00 1.00 0.80 0.00 0.00 0.00 0.00 0.00 0.00 0.00 0.00 0.00 0.00 0.00 0.00 
 0.00 0.00 0.00 0.00 0.40 1.00 1.00 0.80 0.00 0.00 0.00 0.00 0.00 0.00 0.00 0.00 0.00 0.00 0.00 0.00 
 0.00 0.00 0.00 0.00 0.40 1.00 1.00 0.80 0.00 0.00 0.00 0.00 0.00 0.00 0.00 0.00 0.00 0.00 0.00 0.00 
 0.00 0.00 0.00 0.00 0.40 1.00 1.00 0.80 0.00 0.00 0.00 0.00 0.00 0.00 0.00 0.00 0.00 0.00 0.00 0.00 
 0.00 0.00 0.00 0.00 0.40 1.00 1.00 0.80 0.00 0.00 0.00 0.06 0.49 0.50 0.50 0.16 0.00 0.00 0.00 0.00 
 0.00 0.00 0.00 0.00 0.40 1.00 1.00 0.80 0.00 0.00 0.01 0.59 1.00 1.00 0.74 0.01 0.00 0.00 0.00 0.00 
 0.00 0.00 0.00 0.00 0.40 1.00 1.00 0.80 0.00 0.00 0.32 1.00 1.00 0.91 0.12 0.00 0.00 0.00 0.00 0.00 
 0.00 0.00 0.00 0.00 0.40 1.00 1.00 0.80 0.00 0.11 0.91 1.00 0.98 0.30 0.00 0.00 0.00 0.00 0.00 0.00 
 0.00 0.00 0.00 0.00 0.40 1.00 1.00 0.80 0.01 0.70 1.00 1.00 0.56 0.00 0.00 0.00 0.00 0.00 0.00 0.00 
 0.00 0.00 0.00 0.00 0.40 1.00 1.00 0.80 0.42 1.00 1.00 0.78 0.03 0.00 0.00 0.00 0.00 0.00 0.00 0.00 
 0.00 0.00 0.00 0.00 0.40 1.00 1.00 0.91 0.96 1.00 1.00 0.27 0.00 0.00 0.00 0.00 0.00 0.00 0.00 0.00 
 0.00 0.00 0.00 0.00 0.40 1.00 1.00 1.00 1.00 1.00 1.00 0.65 0.00 0.00 0.00 0.00 0.00 0.00 0.00 0.00 
 0.00 0.00 0.00 0.00 0.40 1.00 1.00 1.00 0.93 0.93 1.00 0.97 0.16 0.00 0.00 0.00 0.00 0.00 0.00 0.00 
 0.00 0.00 0.00 0.00 0.40 1.00 1.00 0.92 0.19 0.45 1.00 1.00 0.65 0.00 0.00 0.00 0.00 0.00 0.00 0.00 
 0.00 0.00 0.00 0.00 0.40 1.00 1.00 0.80 0.00 0.06 0.91 1.00 0.97 0.20 0.00 0.00 0.00 0.00 0.00 0.00 
 0.00 0.00 0.00 0.00 0.40 1.00 1.00 0.80 0.00 0.00 0.49 1.00 1.00 0.70 0.00 0.00 0.00 0.00 0.00 0.00 
 0.00 0.00 0.00 0.00 0.40 1.00 1.00 0.80 0.00 0.00 0.08 0.93 1.00 0.98 0.21 0.00 0.00 0.00 0.00 0.00 
 0.00 0.00 0.00 0.00 0.40 1.00 1.00 0.80 0.00 0.00 0.00 0.50 1.00 1.00 0.70 0.00 0.00 0.00 0.00 0.00 
 0.00 0.00 0.00 0.00 0.40 1.00 1.00 0.80 0.00 0.00 0.00 0.11 0.96 1.00 0.98 0.20 0.00 0.00 0.00 0.00 
 