0.00 0.00 0.00 0.11 1.00 1.00 0.45 0.00 0.00 0.00 0.00 0.00 0.00 0.00 0.00 0.00 0.00 0.00 0.00 0.00 
 0.00 0.00 0.00 0.11 1.00 1.00 0.45 0.00 0.00 0.00 0.00 0.00 0.00 0.00 0.00 0.00 0.00 0.00 0.00 0.00 
 0.00 0.00 0.00 0.11 1.00 1.00 0.45 0.00 0.00 0.00 0.00 0.00 0.00 0.00 0.00 0.00 0.00 0.00 0.00 0.00 
 0.00 0.00 0.00 0.11 1.00 1.00 0.45 0.00 0.00 0.00 0.00 0.00 0.00 0.00 0.00 0.00 0.00 0.00 0.00 0.00 
 0.00 0.00 0.00 0.11 1.00 1.00 0.45 0.00 0.00 0.00 0.00 0.00 0.00 0.00 0.00 0.00 0.00 0.00 0.00 0.00 
 0.00 0.00 0.00 0.11 1.00 1.00 0.45 0.00 0.00 0.00 0.00 0.06 0.52 0.56 0.52 0.07 0.00 0.00 0.00 0.00 
 0.00 0.00 0.00 0.11 1.00 1.00 0.45 0.00 0.00 0.00 0.06 0.74 1.00 0.96 0.35 0.00 0.00 0.00 0.00 0.00 
 0.00 0.00 0.00 0.11 1.00 1.00 0.45 0.00 0.00 0.06 0.74 1.00 0.96 0.35 0.00 0.00 0.00 0.00 0.00 0.00 
 0.00 0.00 0.00 0.11 1.00 1.00 0.45 0.00 0.06 0.74 1.00 0.96 0.35 0.00 0.00 0.00 0.00 0.00 0.00 0.00 
 0.00 0.00 0.00 0.11 1.00 1.00 0.45 0.06 0.74 1.00 0.94 0.31 0.00 0.00 0.00 0.00 0.00 0.00 0.00 0.00 
 0.00 0.00 0.00 0.11 1.00 1.00 0.51 0.74 1.00 0.96 0.26 0.00 0.00 0.00 0.00 0.00 0.00 0.00 0.00 0.00 
 0.00 0.00 0.00 0.11 1.00 1.00 0.96 1.00 1.00 0.99 0.33 0.00 0.00 0.00 0.00 0.00 0.00 0.00 0.00 0.00 
 0.00 0.00 0.00 0.11 1.00 1.00 1.00 0.91 0.84 1.00 0.90 0.09 0.00 0.00 0.00 0.00 0.00 0.00 0.00 0.00 
 0.00 0.00 0.00 0.11 1.00 1.00 0.90 0.19 0.20 0.98 1.00 0.65 0.00 0.00 0.00 0.00 0.00 0.00 0.00 0.00 
 0.00 0.00 0.00 0.11 1.00 1.00 0.46 0.00 0.00 0.52 1.00 0.99 0.33 0.00 0.00 0.00 0.00 0.00 0.00 0.00 
 0.00 0.00 0.00 0.11 1.00 1.00 0.45 0.00 0.00 0.06 0.85 1.00 0.90 0.09 0.00 0.00 0.00 0.00 0.00 0.00 
 0.00 0.00 0.00 0.11 1.00 1.00 0.45 0.00 0.00 0.00 0.27 0.99 1.00 0.65 0.00 0.00 0.00 0.00 0.00 0.00 
 0.00 0.00 0.00 0.11 1.00 1.00 0.45 0.00 0.00 0.00 0.00 0.61 1.00 0.99 0.33 0.00 0.00 0.00 0.00 0.00 
 0.00 0.00 0.00 0.11 1.00 1.00 0.45 0.00 0.00 0.00 0.00 0.09 0.90 1.00 0.90 0.09 0.00 0.00 0.00 0.00 
 0.00 0.00 0.00 0.11 1.00 1.00 0.45 0.00 0.00 0.00 0.00 0.00 0.35 1.00 1.00 0.65 0.00 0.00 0.00 0.00 
 