0.00 0.00 0.00 0.30 1.00 1.00 0.30 0.00 0.00 0.00 0.00 0.00 0.00 0.00 0.00 0.00 0.00 0.00 0.00 0.00 
 0.00 0.00 0.00 0.30 1.00 1.00 0.30 0.00 0.00 0.00 0.00 0.00 0.00 0.00 0.00 0.00 0.00 0.00 0.00 0.00 
 0.00 0.00 0.00 0.30 1.00 1.00 0.30 0.00 0.00 0.00 0.00 0.00 0.00 0.00 0.00 0.00 0.00 0.00 0.00 0.00 
 0.00 0.00 0.00 0.30 1.00 1.00 0.30 0.00 0.00 0.00 0.00 0.00 0.00 0.00 0.00 0.00 0.00 0.00 0.00 0.00 
 0.00 0.00 0.00 0.30 1.00 1.00 0.30 0.00 0.00 0.00 0.00 0.00 0.00 0.00 0.00 0.00 0.00 0.00 0.00 0.00 
 0.00 0.00 0.00 0.30 1.00 1.00 0.30 0.00 0.00 0.00 0.00 0.00 0.00 0.04 0.10 0.10 0.09 0.00 0.00 0.00 
 0.00 0.00 0.00 0.30 1.00 1.00 0.30 0.00 0.00 0.00 0.00 0.00 0.05 0.76 1.00 0.99 0.46 0.00 0.00 0.00 
 0.00 0.00 0.00 0.30 1.00 1.00 0.30 0.00 0.00 0.00 0.00 0.05 0.72 1.00 0.99 0.45 0.00 0.00 0.00 0.00 
 0.00 0.00 0.00 0.30 1.00 1.00 0.30 0.00 0.00 0.00 0.05 0.72 1.00 0.99 0.45 0.00 0.00 0.00 0.00 0.00 
 0.00 0.00 0.00 0.30 1.00 1.00 0.30 0.00 0.00 0.04 0.72 1.00 0.99 0.45 0.00 0.00 0.00 0.00 0.00 0.00 
 0.00 0.00 0.00 0.30 1.00 1.00 0.30 0.00 0.03 0.64 1.00 0.99 0.45 0.00 0.00 0.00 0.00 0.00 0.00 0.00 
 0.00 0.00 0.00 0.30 1.00 1.00 0.30 0.03 0.64 1.00 0.99 0.45 0.00 0.00 0.00 0.00 0.00 0.00 0.00 0.00 
 0.00 0.00 0.00 0.30 1.00 1.00 0.33 0.64 1.00 0.99 0.45 0.00 0.00 0.00 0.00 0.00 0.00 0.00 0.00 0.00 
 0.00 0.00 0.00 0.30 1.00 1.00 0.84 1.00 1.00 0.97 0.29 0.00 0.00 0.00 0.00 0.00 0.00 0.00 0.00 0.00 
 0.00 0.00 0.00 0.30 1.00 1.00 1.00 0.91 0.97 1.00 0.96 0.24 0.00 0.00 0.00 0.00 0.00 0.00 0.00 0.00 
 0.00 0.00 0.00 0.30 1.00 1.00 0.87 0.15 0.37 0.98 1.00 0.93 0.21 0.00 0.00 0.00 0.00 0.00 0.00 0.00 
 0.00 0.00 0.00 0.30 1.00 1.00 0.31 0.00 0.00 0.44 0.99 1.00 0.89 0.16 0.00 0.00 0.00 0.00 0.00 0.00 
 0.00 0.00 0.00 0.30 1.00 1.00 0.30 0.00 0.00 0.00 0.53 1.00 1.00 0.86 0.11 0.00 0.00 0.00 0.00 0.00 
 0.00 0.00 0.00 0.30 1.00 1.00 0.30 0.00 0.00 0.00 0.01 0.60 1.00 1.00 0.83 0.07 0.00 0.00 0.00 0.00 
 0.00 0.00 0.00 0.30 1.00 1.00 0.30 0.00 0.00 0.00 0.00 0.02 0.68 1.00 1.00 0.78 0.05 0.00 0.00 0.00 
 