0.00 0.00 0.00 0.00 0.40 1.00 0.80 0.00 0.00 0.00 0.00 0.00 0.00 0.00 0.00 0.00 0.00 0.00 0.00 0.00 
 0.00 0.00 0.00 0.00 0.40 1.00 0.80 0.00 0.00 0.00 0.00 0.00 0.00 0.00 0.00 0.00 0.00 0.00 0.00 0.00 
 0.00 0.00 0.00 0.00 0.40 1.00 0.80 0.00 0.00 0.00 0.00 0.00 0.00 0.00 0.00 0.00 0.00 0.00 0.00 0.00 
 0.00 0.00 0.00 0.00 0.40 1.00 0.80 0.00 0.00 0.00 0.00 0.00 0.00 0.00 0.00 0.00 0.00 0.00 0.00 0.00 
 0.00 0.00 0.00 0.00 0.40 1.00 0.80 0.00 0.00 0.00 0.00 0.00 0.00 0.00 0.00 0.00 0.00 0.00 0.00 0.00 
 0.00 0.00 0.00 0.00 0.40 1.00 0.80 0.00 0.00 0.00 0.00 0.00 0.00 0.00 0.00 0.00 0.00 0.00 0.00 0.00 
 0.00 0.00 0.00 0.00 0.40 1.00 0.80 0.00 0.00 0.00 0.00 0.00 0.13 0.30 0.30 0.14 0.00 0.00 0.00 0.00 
 0.00 0.00 0.00 0.00 0.40 1.00 0.80 0.00 0.00 0.00 0.00 0.16 0.90 1.00 0.77 0.06 0.00 0.00 0.00 0.00 
 0.00 0.00 0.00 0.00 0.40 1.00 0.80 0.00 0.00 0.00 0.11 0.85 1.00 0.78 0.06 0.00 0.00 0.00 0.00 0.00 
 0.00 0.00 0.00 0.00 0.40 1.00 0.80 0.00 0.00 0.08 0.79 1.00 0.83 0.10 0.00 0.00 0.00 0.00 0.00 0.00 
 0.00 0.00 0.00 0.00 0.40 1.00 0.80 0.00 0.05 0.73 1.00 0.83 0.10 0.00 0.00 0.00 0.00 0.00 0.00 0.00 
 0.00 0.00 0.00 0.00 0.40 1.00 0.80 0.03 0.66 1.00 0.88 0.14 0.00 0.00 0.00 0.00 0.00 0.00 0.00 0.00 
 0.00 0.00 0.00 0.00 0.40 1.00 0.81 0.59 1.00 0.88 0.15 0.00 0.00 0.00 0.00 0.00 0.00 0.00 0.00 0.00 
 0.00 0.00 0.00 0.00 0.40 1.00 0.98 1.00 1.00 0.38 0.00 0.00 0.00 0.00 0.00 0.00 0.00 0.00 0.00 0.00 
 0.00 0.00 0.00 0.00 0.40 1.00 0.82 0.64 1.00 0.93 0.22 0.00 0.00 0.00 0.00 0.00 0.00 0.00 0.00 0.00 
 0.00 0.00 0.00 0.00 0.40 1.00 0.80 0.04 0.71 1.00 0.93 0.20 0.00 0.00 0.00 0.00 0.00 0.00 0.00 0.00 
 0.00 0.00 0.00 0.00 0.40 1.00 0.80 0.00 0.06 0.78 1.00 0.89 0.16 0.00 0.00 0.00 0.00 0.00 0.00 0.00 
 0.00 0.00 0.00 0.00 0.40 1.00 0.80 0.00 0.00 0.09 0.84 1.00 0.89 0.16 0.00 0.00 0.00 0.00 0.00 0.00 
 0.00 0.00 0.00 0.00 0.40 1.00 0.80 0.00 0.00 0.00 0.12 0.89 1.00 0.87 0.11 0.00 0.00 0.00 0.00 0.00 
 0.00 0.00 0.00 0.00 0.40 1.00 0.80 0.00 0.00 0.00 0.00 0.17 0.94 1.00 0.84 0.10 0.00 0.00 0.00 0.00 
 