0.00 0.00 0.00 0.03 0.18 0.48 0.82 0.89 0.00 0.00 0.00 0.00 0.00 0.00 0.00 0.00 0.00 0.00 0.00 0.00 
 0.00 0.00 0.44 0.85 1.00 1.00 1.00 0.89 0.00 0.00 0.00 0.00 0.00 0.00 0.00 0.00 0.00 0.00 0.00 0.00 
 0.00 0.00 0.30 0.73 1.00 1.00 1.00 0.89 0.00 0.00 0.00 0.00 0.00 0.00 0.00 0.00 0.00 0.00 0.00 0.00 
 0.00 0.00 0.00 0.04 0.93 1.00 1.00 0.89 0.00 0.00 0.00 0.00 0.00 0.00 0.00 0.00 0.00 0.00 0.00 0.00 
 0.00 0.00 0.00 0.00 0.89 1.00 1.00 0.89 0.00 0.00 0.00 0.00 0.00 0.00 0.00 0.00 0.00 0.00 0.00 0.00 
 0.00 0.00 0.00 0.00 0.89 1.00 1.00 0.89 0.00 0.00 0.00 0.00 0.00 0.00 0.00 0.00 0.00 0.00 0.00 0.00 
 0.00 0.00 0.00 0.00 0.89 1.00 1.00 0.89 0.00 0.00 0.00 0.00 0.00 0.00 0.00 0.00 0.00 0.00 0.00 0.00 
 0.00 0.00 0.00 0.00 0.89 1.00 1.00 0.89 0.00 0.00 0.00 0.00 0.00 0.00 0.00 0.00 0.00 0.00 0.00 0.00 
 0.00 0.00 0.00 0.00 0.89 1.00 1.00 0.89 0.00 0.00 0.10 0.89 0.89 0.89 0.89 0.89 0.89 0.30 0.00 0.00 
 0.00 0.00 0.00 0.00 0.89 1.00 1.00 0.89 0.00 0.00 0.02 0.13 0.74 1.00 0.89 0.49 0.20 0.04 0.00 0.00 
 0.00 0.00 0.00 0.00 0.89 1.00 1.00 0.89 0.00 0.00 0.02 0.52 0.99 0.65 0.06 0.00 0.00 0.00 0.00 0.00 
 0.00 0.00 0.00 0.00 0.89 1.00 1.00 0.89 0.00 0.06 0.65 0.99 0.51 0.00 0.00 0.00 0.00 0.00 0.00 0.00 
 0.00 0.00 0.00 0.00 0.89 1.00 1.00 0.89 0.11 0.78 1.00 0.61 0.00 0.00 0.00 0.00 0.00 0.00 0.00 0.00 
 0.00 0.00 0.00 0.00 0.89 1.00 1.00 0.94 0.87 1.00 1.00 0.95 0.22 0.00 0.00 0.00 0.00 0.00 0.00 0.00 
 0.00 0.00 0.00 0.00 0.89 1.00 1.00 0.89 0.57 1.00 1.00 1.00 0.88 0.10 0.00 0.00 0.00 0.00 0.00 0.00 
 0.00 0.00 0.00 0.00 0.89 1.00 1.00 0.89 0.04 0.77 1.00 1.00 1.00 0.77 0.04 0.00 0.00 0.00 0.00 0.00 
 0.00 0.00 0.00 0.00 0.89 1.00 1.00 0.89 0.00 0.11 0.89 1.00 1.00 1.00 0.61 0.02 0.00 0.00 0.00 0.00 
 0.00 0.00 0.00 0.00 0.89 1.00 1.00 0.89 0.00 0.00 0.24 0.96 1.00 1.00 1.00 0.44 0.00 0.00 0.00 0.00 
 0.00 0.00 0.00 0.06 0.95 1.00 1.00 0.91 0.04 0.00 0.00 0.42 1.00 1.00 1.00 0.96 0.27 0.00 0.00 0.00 
 0.00 0.00 0.19 0.61 1.00 1.00 1.00 1.00 0.62 0.16 0.00 0.21 0.96 1.00 1.00 1.00 0.96 0.47 0.13 0.00 
 