0.00 0.00 0.00 0.00 0.11 1.00 1.00 0.22 0.00 0.00 0.00 0.00 0.00 0.00 0.00 0.00 0.00 0.00 0.00 0.00 
 0.00 0.00 0.00 0.00 0.11 1.00 1.00 0.22 0.00 0.00 0.00 0.00 0.00 0.00 0.00 0.00 0.00 0.00 0.00 0.00 
 0.00 0.00 0.00 0.00 0.11 1.00 1.00 0.22 0.00 0.00 0.00 0.00 0.00 0.00 0.00 0.00 0.00 0.00 0.00 0.00 
 0.00 0.00 0.00 0.00 0.11 1.00 1.00 0.22 0.00 0.00 0.00 0.00 0.00 0.00 0.00 0.00 0.00 0.00 0.00 0.00 
 0.00 0.00 0.00 0.00 0.11 1.00 1.00 0.22 0.00 0.00 0.00 0.00 0.00 0.00 0.00 0.00 0.00 0.00 0.00 0.00 
 0.00 0.00 0.00 0.00 0.11 1.00 1.00 0.22 0.00 0.00 0.00 0.00 0.00 0.00 0.00 0.00 0.00 0.00 0.00 0.00 
 0.00 0.00 0.00 0.00 0.11 1.00 1.00 0.22 0.00 0.00 0.00 0.00 0.00 0.00 0.00 0.00 0.00 0.00 0.00 0.00 
 0.00 0.00 0.00 0.00 0.11 1.00 1.00 0.22 0.00 0.00 0.00 0.00 0.00 0.10 0.45 0.45 0.38 0.02 0.00 0.00 
 0.00 0.00 0.00 0.00 0.11 1.00 1.00 0.22 0.00 0.00 0.00 0.00 0.11 0.82 1.00 0.90 0.20 0.00 0.00 0.00 
 0.00 0.00 0.00 0.00 0.11 1.00 1.00 0.22 0.00 0.00 0.00 0.15 0.88 1.00 0.89 0.19 0.00 0.00 0.00 0.00 
 0.00 0.00 0.00 0.00 0.11 1.00 1.00 0.22 0.00 0.00 0.16 0.88 1.00 0.85 0.13 0.00 0.00 0.00 0.00 0.00 
 0.00 0.00 0.00 0.00 0.11 1.00 1.00 0.22 0.00 0.21 0.93 1.00 0.83 0.13 0.00 0.00 0.00 0.00 0.00 0.00 
 0.00 0.00 0.00 0.00 0.11 1.00 1.00 0.22 0.22 0.93 1.00 0.79 0.07 0.00 0.00 0.00 0.00 0.00 0.00 0.00 
 0.00 0.00 0.00 0.00 0.11 1.00 1.00 0.51 0.96 1.00 0.74 0.07 0.00 0.00 0.00 0.00 0.00 0.00 0.00 0.00 
 0.00 0.00 0.00 0.00 0.11 1.00 1.00 0.74 1.00 1.00 0.40 0.00 0.00 0.00 0.00 0.00 0.00 0.00 0.00 0.00 
 0.00 0.00 0.00 0.00 0.11 1.00 1.00 0.25 0.65 1.00 0.96 0.27 0.00 0.00 0.00 0.00 0.00 0.00 0.00 0.00 
 0.00 0.00 0.00 0.00 0.11 1.00 1.00 0.22 0.05 0.73 1.00 0.94 0.20 0.00 0.00 0.00 0.00 0.00 0.00 0.00 
 0.00 0.00 0.00 0.00 0.11 1.00 1.00 0.22 0.00 0.07 0.80 1.00 0.91 0.15 0.00 0.00 0.00 0.00 0.00 0.00 
 0.00 0.00 0.00 0.00 0.11 1.00 1.00 0.22 0.00 0.00 0.11 0.87 1.00 0.87 0.10 0.00 0.00 0.00 0.00 0.00 
 0.00 0.00 0.00 0.00 0.11 1.00 1.00 0.22 0.00 0.00 0.00 0.15 0.93 1.00 0.80 0.05 0.00 0.00 0.00 0.00 
 