0.00 0.00 0.00 0.00 0.00 0.00 0.11 1.00 1.00 1.00 0.36 0.00 0.00 0.00 0.00 0.00 0.00 0.00 0.00 0.00 
 0.00 0.00 0.00 0.00 0.00 0.00 0.27 1.00 1.00 1.00 0.18 0.00 0.00 0.00 0.00 0.00 0.00 0.00 0.00 0.00 
 0.00 0.00 0.00 0.00 0.00 0.00 0.44 1.00 1.00 0.93 0.03 0.00 0.00 0.00 0.00 0.00 0.00 0.00 0.00 0.00 
 0.00 0.00 0.00 0.00 0.00 0.00 0.62 1.00 1.00 0.85 0.00 0.00 0.00 0.00 0.00 0.00 0.00 0.00 0.00 0.00 
 0.00 0.00 0.00 0.00 0.00 0.00 0.78 1.00 1.00 0.68 0.00 0.00 0.00 0.00 0.00 0.00 0.00 0.00 0.00 0.00 
 0.00 0.00 0.00 0.00 0.00 0.06 0.96 1.00 1.00 0.52 0.00 0.00 0.00 0.01 0.54 0.25 0.00 0.00 0.00 0.00 
 0.00 0.00 0.00 0.00 0.00 0.14 1.00 1.00 1.00 0.35 0.00 0.00 0.01 0.55 1.00 0.96 0.36 0.00 0.00 0.00 
 0.00 0.00 0.00 0.00 0.00 0.32 1.00 1.00 1.00 0.18 0.00 0.03 0.57 1.00 1.00 1.00 0.69 0.01 0.00 0.00 
 0.00 0.00 0.00 0.00 0.00 0.48 1.00 1.00 0.93 0.03 0.05 0.67 1.00 1.00 1.00 0.68 0.03 0.00 0.00 0.00 
 0.00 0.00 0.00 0.00 0.00 0.67 1.00 1.00 0.85 0.11 0.78 1.00 1.00 0.99 0.59 0.01 0.00 0.00 0.00 0.00 
 0.00 0.00 0.00 0.00 0.00 0.84 1.00 1.00 0.83 0.87 1.00 1.00 0.99 0.48 0.00 0.00 0.00 0.00 0.00 0.00 
 0.00 0.00 0.00 0.00 0.08 0.98 1.00 1.00 1.00 1.00 1.00 0.96 0.38 0.00 0.00 0.00 0.00 0.00 0.00 0.00 
 0.00 0.00 0.00 0.00 0.18 1.00 1.00 1.00 1.00 1.00 0.99 0.33 0.00 0.00 0.00 0.00 0.00 0.00 0.00 0.00 
 0.00 0.00 0.00 0.00 0.37 1.00 1.00 1.00 1.00 1.00 1.00 0.67 0.01 0.00 0.00 0.00 0.00 0.00 0.00 0.00 
 0.00 0.00 0.00 0.00 0.54 1.00 1.00 0.97 0.78 1.00 1.00 1.00 0.46 0.00 0.00 0.00 0.00 0.00 0.00 0.00 
 0.00 0.00 0.00 0.00 0.71 1.00 1.00 0.74 0.05 0.81 1.00 1.00 0.97 0.23 0.00 0.00 0.00 0.00 0.00 0.00 
 0.00 0.00 0.00 0.01 0.88 1.00 1.00 0.56 0.00 0.16 0.94 1.00 1.00 0.88 0.09 0.00 0.00 0.00 0.00 0.00 
 0.00 0.00 0.00 0.11 1.00 1.00 1.00 0.38 0.00 0.00 0.32 0.99 1.00 1.00 0.71 0.02 0.00 0.00 0.00 0.00 
 0.00 0.00 0.00 0.24 1.00 1.00 1.00 0.21 0.00 0.00 0.00 0.52 1.00 1.00 1.00 0.51 0.00 0.00 0.00 0.00 
 0.00 0.00 0.00 0.41 1.00 1.00 0.94 0.04 0.00 0.00 0.00 0.02 0.74 1.00 1.00 0.98 0.27 0.00 0.00 0.00 
 