0.11 0.81 0.98 1.00 1.00 1.00 1.00 1.00 1.00 0.95 0.80 0.18 0.00 0.00 0.00 0.00 0.00 0.00 0.00 0.00 
 0.00 0.00 0.10 0.88 1.00 1.00 1.00 1.00 0.66 0.03 0.00 0.00 0.00 0.00 0.00 0.00 0.00 0.00 0.00 0.00 
 0.00 0.00 0.00 0.62 1.00 1.00 1.00 1.00 0.29 0.00 0.00 0.00 0.00 0.00 0.00 0.00 0.00 0.00 0.00 0.00 
 0.00 0.00 0.00 0.59 1.00 1.00 1.00 1.00 0.24 0.00 0.00 0.00 0.00 0.00 0.00 0.00 0.00 0.00 0.00 0.00 
 0.00 0.00 0.00 0.59 1.00 1.00 1.00 1.00 0.24 0.00 0.00 0.00 0.00 0.00 0.00 0.00 0.00 0.00 0.00 0.00 
 0.00 0.00 0.00 0.59 1.00 1.00 1.00 1.00 0.24 0.00 0.00 0.00 0.00 0.00 0.00 0.00 0.00 0.00 0.00 0.00 
 0.00 0.00 0.00 0.59 1.00 1.00 1.00 1.00 0.24 0.00 0.00 0.00 0.00 0.00 0.00 0.00 0.00 0.00 0.00 0.00 
 0.00 0.00 0.00 0.59 1.00 1.00 1.00 1.00 0.24 0.00 0.00 0.00 0.00 0.00 0.00 0.00 0.00 0.00 0.00 0.00 
 0.00 0.00 0.00 0.59 1.00 1.00 1.00 1.00 0.24 0.00 0.00 0.00 0.00 0.00 0.00 0.00 0.00 0.00 0.00 0.00 
 0.00 0.00 0.00 0.59 1.00 1.00 1.00 1.00 0.24 0.00 0.00 0.00 0.00 0.00 0.00 0.00 0.00 0.00 0.00 0.00 
 0.00 0.00 0.00 0.59 1.00 1.00 1.00 1.00 0.24 0.00 0.00 0.00 0.00 0.00 0.00 0.00 0.00 0.00 0.00 0.00 
 0.00 0.00 0.00 0.59 1.00 1.00 1.00 1.00 0.24 0.00 0.00 0.00 0.00 0.00 0.00 0.00 0.00 0.00 0.00 0.00 
 0.00 0.00 0.00 0.59 1.00 1.00 1.00 1.00 0.24 0.00 0.00 0.00 0.00 0.00 0.00 0.00 0.00 0.00 0.00 0.00 
 0.00 0.00 0.00 0.59 1.00 1.00 1.00 1.00 0.24 0.00 0.00 0.00 0.00 0.00 0.00 0.00 0.00 0.00 0.48 0.14 
 0.00 0.00 0.00 0.59 1.00 1.00 1.00 1.00 0.24 0.00 0.00 0.00 0.00 0.00 0.00 0.00 0.00 0.13 0.98 0.07 
 0.00 0.00 0.00 0.59 1.00 1.00 1.00 1.00 0.24 0.00 0.00 0.00 0.00 0.00 0.00 0.00 0.00 0.62 0.89 0.00 
 0.00 0.00 0.00 0.59 1.00 1.00 1.00 1.00 0.24 0.00 0.00 0.00 0.00 0.00 0.00 0.00 0.27 1.00 0.71 0.00 
 0.00 0.00 0.00 0.60 1.00 1.00 1.00 1.00 0.24 0.00 0.00 0.00 0.00 0.00 0.00 0.24 0.94 1.00 0.53 0.00 
 0.00 0.00 0.05 0.84 1.00 1.00 1.00 1.00 0.50 0.00 0.00 0.00 0.01 0.19 0.59 0.98 1.00 1.00 0.35 0.00 
 0.10 0.73 0.95 1.00 1.00 1.00 1.00 1.00 1.00 0.90 0.82 0.84 0.95 1.00 1.00 1.00 1.00 1.00 0.16 0.00 
 