0.00 0.00 0.89 1.00 1.00 1.00 1.00 1.00 1.00 1.00 1.00 0.11 0.00 0.00 0.00 0.00 0.00 0.00 0.00 0.00 
 0.00 0.00 0.16 0.44 0.85 1.00 1.00 1.00 0.84 0.38 0.18 0.02 0.00 0.00 0.00 0.00 0.00 0.00 0.00 0.00 
 0.00 0.00 0.00 0.00 0.16 1.00 1.00 1.00 0.31 0.00 0.00 0.00 0.00 0.00 0.00 0.00 0.00 0.00 0.00 0.00 
 0.00 0.00 0.00 0.00 0.11 1.00 1.00 1.00 0.22 0.00 0.00 0.00 0.00 0.00 0.00 0.00 0.00 0.00 0.00 0.00 
 0.00 0.00 0.00 0.00 0.11 1.00 1.00 1.00 0.22 0.00 0.00 0.00 0.00 0.00 0.00 0.00 0.00 0.00 0.00 0.00 
 0.00 0.00 0.00 0.00 0.11 1.00 1.00 1.00 0.22 0.00 0.00 0.00 0.00 0.00 0.00 0.00 0.00 0.00 0.00 0.00 
 0.00 0.00 0.00 0.00 0.11 1.00 1.00 1.00 0.22 0.00 0.00 0.00 0.00 0.00 0.00 0.00 0.00 0.00 0.00 0.00 
 0.00 0.00 0.00 0.00 0.11 1.00 1.00 1.00 0.22 0.00 0.00 0.00 0.00 0.00 0.00 0.00 0.00 0.00 0.00 0.00 
 0.00 0.00 0.00 0.00 0.11 1.00 1.00 1.00 0.22 0.00 0.00 0.00 0.00 0.00 0.00 0.00 0.00 0.00 0.00 0.00 
 0.00 0.00 0.00 0.00 0.11 1.00 1.00 1.00 0.22 0.00 0.00 0.00 0.00 0.00 0.00 0.00 0.00 0.00 0.00 0.00 
 0.00 0.00 0.00 0.00 0.11 1.00 1.00 1.00 0.22 0.00 0.00 0.00 0.00 0.00 0.00 0.00 0.00 0.00 0.00 0.00 
 0.00 0.00 0.00 0.00 0.11 1.00 1.00 1.00 0.22 0.00 0.00 0.00 0.00 0.00 0.00 0.00 0.00 0.00 0.00 0.00 
 0.00 0.00 0.00 0.00 0.11 1.00 1.00 1.00 0.22 0.00 0.00 0.00 0.00 0.00 0.00 0.00 0.00 0.00 0.00 0.00 
 0.00 0.00 0.00 0.00 0.11 1.00 1.00 1.00 0.22 0.00 0.00 0.00 0.00 0.00 0.00 0.00 0.00 0.00 0.00 0.00 
 0.00 0.00 0.00 0.00 0.11 1.00 1.00 1.00 0.22 0.00 0.00 0.00 0.00 0.00 0.00 0.00 0.00 0.00 0.00 0.00 
 0.00 0.00 0.00 0.00 0.11 1.00 1.00 1.00 0.22 0.00 0.00 0.00 0.00 0.00 0.00 0.00 0.00 0.03 0.76 0.38 
 0.00 0.00 0.00 0.00 0.11 1.00 1.00 1.00 0.22 0.00 0.00 0.00 0.00 0.00 0.00 0.00 0.00 0.32 1.00 0.33 
 0.00 0.00 0.00 0.00 0.11 1.00 1.00 1.00 0.22 0.00 0.00 0.00 0.00 0.00 0.00 0.00 0.05 0.85 1.00 0.27 
 0.00 0.00 0.00 0.00 0.11 1.00 1.00 1.00 0.25 0.00 0.00 0.00 0.00 0.00 0.00 0.00 0.51 1.00 1.00 0.22 
 0.00 0.00 0.00 0.00 0.25 1.00 1.00 1.00 0.52 0.00 0.00 0.00 0.00 0.00 0.02 0.33 0.99 1.00 1.00 0.13 
 