0.00 0.00 0.00 0.00 0.00 0.00 0.00 0.00 0.00 0.00 0.00 0.00 0.11 0.53 0.71 0.76 0.44 0.00 0.00 0.00 
 0.00 0.00 0.00 0.00 0.00 0.00 0.00 0.00 0.00 0.00 0.00 0.40 0.96 1.00 1.00 0.93 0.11 0.00 0.00 0.00 
 0.00 0.00 0.00 0.00 0.00 0.00 0.00 0.00 0.00 0.01 0.59 0.85 0.33 0.18 0.19 0.14 0.00 0.00 0.00 0.00 
 0.00 0.00 0.00 0.00 0.00 0.00 0.00 0.00 0.00 0.62 0.96 0.12 0.00 0.00 0.00 0.00 0.00 0.00 0.00 0.00 
 0.00 0.00 0.00 0.00 0.00 0.00 0.00 0.00 0.38 1.00 0.65 0.00 0.00 0.00 0.00 0.00 0.00 0.00 0.00 0.00 
 0.00 0.00 0.00 0.00 0.00 0.00 0.00 0.03 0.90 1.00 0.35 0.00 0.00 0.00 0.00 0.00 0.00 0.00 0.00 0.00 
 0.00 0.00 0.00 0.00 0.00 0.00 0.00 0.32 1.00 1.00 0.09 0.00 0.00 0.00 0.00 0.00 0.00 0.00 0.00 0.00 
 0.00 0.00 0.00 0.00 0.00 0.00 0.00 0.64 1.00 0.82 0.00 0.00 0.00 0.00 0.00 0.00 0.00 0.00 0.00 0.00 
 0.00 0.00 0.00 0.00 0.00 0.00 0.00 0.91 1.00 0.58 0.00 0.00 0.00 0.00 0.00 0.00 0.00 0.00 0.00 0.00 
 0.00 0.00 0.00 0.00 0.00 0.00 0.16 1.00 1.00 0.34 0.00 0.00 0.00 0.00 0.00 0.00 0.00 0.00 0.00 0.00 
 0.00 0.00 0.00 0.00 0.00 0.00 0.39 1.00 1.00 0.10 0.00 0.00 0.00 0.00 0.00 0.00 0.00 0.00 0.00 0.00 
 0.00 0.00 0.00 0.00 0.00 0.00 0.61 1.00 0.87 0.00 0.00 0.00 0.00 0.00 0.00 0.00 0.00 0.00 0.00 0.00 
 0.00 0.00 0.00 0.00 0.00 0.00 0.82 1.00 0.62 0.00 0.00 0.00 0.00 0.00 0.00 0.00 0.00 0.00 0.00 0.00 
 0.00 0.00 0.00 0.00 0.00 0.05 0.99 1.00 0.35 0.00 0.00 0.00 0.00 0.00 0.00 0.00 0.00 0.00 0.00 0.25 
 0.00 0.00 0.00 0.00 0.00 0.29 1.00 0.96 0.06 0.00 0.00 0.00 0.00 0.00 0.00 0.00 0.00 0.00 0.00 0.71 
 0.00 0.00 0.00 0.00 0.00 0.60 1.00 0.51 0.00 0.00 0.00 0.00 0.00 0.00 0.00 0.00 0.00 0.00 0.34 0.52 
 0.00 0.00 0.00 0.00 0.07 0.95 0.68 0.02 0.00 0.00 0.00 0.00 0.00 0.00 0.00 0.00 0.00 0.11 0.88 0.10 
 0.00 0.00 0.00 0.04 0.70 0.64 0.02 0.00 0.00 0.00 0.00 0.00 0.00 0.00 0.01 0.11 0.38 0.89 0.62 0.00 
 0.16 0.74 0.75 0.93 1.00 0.95 0.94 0.94 0.94 0.94 0.94 0.94 0.94 0.95 0.99 1.00 1.00 0.97 0.14 0.00 
 0.44 0.53 0.50 0.49 0.51 0.55 0.58 0.62 0.66 0.71 0.76 0.80 0.85 0.89 0.93 0.92 0.79 0.30 0.00 0.00 
 