-1.00 -1.00 -1.00 -1.00 -1.00 -1.00 -1.00 -1.00 -1.00 -1.00 -1.00 -1.00 -1.00 -1.00 -1.00 -1.00 -1.00 -1.00 -1.00 -1.00 
 -1.00 -1.00 -1.00 -1.00 -1.00 -1.00 -1.00 -0.99 -0.95 -0.99 -1.00 -1.00 -1.00 -1.00 -0.99 -0.95 -1.00 -1.00 -1.00 -1.00 
 0.38 0.46 0.46 0.46 0.18 -0.94 0.07 0.84 1.00 0.84 -0.10 -0.99 -0.96 0.04 0.85 1.00 0.76 -0.23 -1.00 -1.00 
 -0.93 0.59 1.00 1.00 0.64 0.41 0.54 0.55 1.00 1.00 1.00 -0.25 0.39 0.53 0.57 1.00 1.00 1.00 -0.40 -1.00 
 -1.00 0.25 1.00 1.00 0.98 -0.27 -1.00 -0.99 0.65 1.00 1.00 0.96 -0.29 -1.00 -0.98 0.72 1.00 1.00 0.39 -1.00 
 -1.00 0.24 1.00 1.00 0.77 -1.00 -1.00 -1.00 0.33 1.00 1.00 0.70 -1.00 -1.00 -1.00 0.40 1.00 1.00 0.62 -1.00 
 -1.00 0.24 1.00 1.00 0.76 -1.00 -1.00 -1.00 0.31 1.00 1.00 0.69 -1.00 -1.00 -1.00 0.39 1.00 1.00 0.62 -1.00 
 -1.00 0.24 1.00 1.00 0.76 -1.00 -1.00 -1.00 0.31 1.00 1.00 0.69 -1.00 -1.00 -1.00 0.39 1.00 1.00 0.62 -1.00 
 -1.00 0.24 1.00 1.00 0.76 -1.00 -1.00 -1.00 0.31 1.00 1.00 0.69 -1.00 -1.00 -1.00 0.39 1.00 1.00 0.62 -1.00 
 -1.00 0.24 1.00 1.00 0.76 -1.00 -1.00 -1.00 0.31 1.00 1.00 0.69 -1.00 -1.00 -1.00 0.39 1.00 1.00 0.62 -1.00 
 -1.00 0.24 1.00 1.00 0.76 -1.00 -1.00 -1.00 0.31 1.00 1.00 0.69 -1.00 -1.00 -1.00 0.39 1.00 1.00 0.62 -1.00 
 -1.00 0.24 1.00 1.00 0.76 -1.00 -1.00 -1.00 0.31 1.00 1.00 0.69 -1.00 -1.00 -1.00 0.39 1.00 1.00 0.62 -1.00 
 -0.98 0.51 1.00 1.00 0.91 -0.91 -1.00 -0.99 0.51 1.00 1.00 0.87 -0.94 -1.00 -0.99 0.57 1.00 1.00 0.79 -0.98 
 0.47 0.75 0.75 0.75 0.75 0.51 -0.95 0.20 0.75 0.75 0.75 0.75 0.50 -0.96 0.29 0.75 0.75 0.75 0.75 0.44 
 -1.00 -1.00 -1.00 -1.00 -1.00 -1.00 -1.00 -1.00 -1.00 -1.00 -1.00 -1.00 -1.00 -1.00 -1.00 -1.00 -1.00 -1.00 -1.00 -1.00 
 -1.00 -1.00 -1.00 -1.00 -1.00 -1.00 -1.00 -1.00 -1.00 -1.00 -1.00 -1.00 -1.00 -1.00 -1.00 -1.00 -1.00 -1.00 -1.00 -1.00 
 -1.00 -1.00 -1.00 -1.00 -1.00 -1.00 -1.00 -1.00 -1.00 -1.00 -1.00 -1.00 -1.00 -1.00 -1.00 -1.00 -1.00 -1.00 -1.00 -1.00 
 -1.00 -1.00 -1.00 -1.00 -1.00 -1.00 -1.00 -1.00 -1.00 -1.00 -1.00 -1.00 -1.00 -1.00 -1.00 -1.00 -1.00 -1.00 -1.00 -1.00 
 -1.00 -1.00 -1.00 -1.00 -1.00 -1.00 -1.00 -1.00 -1.00 -1.00 -1.00 -1.00 -1.00 -1.00 -1.00 -1.00 -1.00 -1.00 -1.00 -1.00 
 -1.00 -1.00 -1.00 -1.00 -1.00 -1.00 -1.00 -1.00 -1.00 -1.00 -1.00 -1.00 -1.00 -1.00 -1.00 -1.00 -1.00 -1.00 -1.00 -1.00 
 