-1.00 -1.00 -1.00 -1.00 -1.00 -1.00 -1.00 -1.00 -1.00 -1.00 -1.00 -1.00 -1.00 -1.00 -1.00 -1.00 -1.00 -1.00 -1.00 -1.00 
 -1.00 -1.00 -1.00 -1.00 -1.00 -1.00 -1.00 -1.00 -1.00 -1.00 -1.00 -1.00 -1.00 -1.00 -1.00 -1.00 -1.00 -1.00 -1.00 -1.00 
 -1.00 -1.00 -1.00 -1.00 -1.00 -1.00 -1.00 -1.00 -1.00 -1.00 -1.00 -1.00 -1.00 -1.00 -1.00 -1.00 -1.00 -1.00 -1.00 -1.00 
 -1.00 -1.00 -1.00 -0.84 0.07 0.37 -1.00 -1.00 -1.00 -0.95 -0.17 0.61 -0.86 -1.00 -1.00 -0.99 -0.47 0.41 0.02 -1.00 
 -1.00 -0.95 -0.07 0.89 1.00 0.41 -1.00 -1.00 -0.44 0.70 1.00 0.87 -0.98 -1.00 -0.58 0.50 1.00 1.00 0.02 -1.00 
 -0.47 0.69 0.81 1.00 1.00 -0.06 -0.80 0.34 0.85 1.00 1.00 0.41 -0.79 0.27 0.80 0.69 1.00 1.00 -0.47 -1.00 
 0.02 -0.73 -0.77 1.00 1.00 0.23 0.73 -0.18 -0.96 0.63 1.00 0.65 0.80 -0.07 -0.93 -0.22 1.00 0.91 -0.94 -1.00 
 -1.00 -1.00 -0.47 1.00 1.00 0.32 -0.83 -1.00 -0.99 0.83 1.00 0.33 -0.80 -1.00 -1.00 0.04 1.00 0.40 -1.00 -1.00 
 -1.00 -1.00 -0.04 1.00 0.44 -1.00 -1.00 -1.00 -0.77 1.00 0.92 -0.95 -1.00 -1.00 -1.00 0.45 1.00 -0.17 -1.00 -1.00 
 -1.00 -1.00 0.44 1.00 -0.10 -1.00 -1.00 -1.00 -0.31 1.00 0.47 -1.00 -1.00 -1.00 -0.97 0.89 1.00 -0.73 -1.00 -1.00 
 -1.00 -0.97 0.90 1.00 -0.62 -1.00 -1.00 -1.00 0.18 1.00 -0.03 -1.00 -1.00 -1.00 -0.59 1.00 0.74 -1.00 -1.00 -1.00 
 -1.00 -0.58 1.00 0.84 -0.98 -1.00 -1.00 -1.00 0.69 1.00 -0.52 -1.00 -1.00 -1.00 -0.10 1.00 0.26 -1.00 -1.00 -1.00 
 -1.00 -0.07 1.00 0.32 -1.00 -1.00 -1.00 -0.77 1.00 0.93 -0.95 -1.00 -1.00 -1.00 0.41 1.00 -0.15 -1.00 -1.00 -0.87 
 -1.00 0.44 1.00 -0.21 -1.00 -1.00 -1.00 -0.22 1.00 0.49 -1.00 -1.00 -1.00 -0.98 0.87 1.00 -0.35 -0.99 -0.34 0.54 
 -0.95 0.91 1.00 -0.73 -1.00 -1.00 -1.00 0.35 1.00 -0.00 -1.00 -1.00 -1.00 -0.71 1.00 1.00 0.66 0.61 0.33 -0.87 
 -0.51 1.00 0.74 -1.00 -1.00 -1.00 -0.95 0.89 1.00 -0.51 -1.00 -1.00 -1.00 -0.54 1.00 1.00 0.81 -0.32 -1.00 -1.00 
 -0.12 0.17 -0.63 -1.00 -1.00 -1.00 -0.52 0.38 -0.33 -0.97 -1.00 -1.00 -1.00 -0.88 0.67 0.06 -0.88 -1.00 -1.00 -1.00 
 -0.99 -1.00 -1.00 -1.00 -1.00 -1.00 -0.99 -1.00 -1.00 -1.00 -1.00 -1.00 -1.00 -1.00 -0.99 -1.00 -1.00 -1.00 -1.00 -1.00 
 -1.00 -1.00 -1.00 -1.00 -1.00 -1.00 -1.00 -1.00 -1.00 -1.00 -1.00 -1.00 -1.00 -1.00 -1.00 -1.00 -1.00 -1.00 -1.00 -1.00 
 -1.00 -1.00 -1.00 -1.00 -1.00 -1.00 -1.00 -1.00 -1.00 -1.00 -1.00 -1.00 -1.00 -1.00 -1.00 -1.00 -1.00 -1.00 -1.00 -1.00 
 