-1.00 -1.00 -1.00 -1.00 -1.00 -1.00 -1.00 -1.00 -1.00 -1.00 -1.00 -1.00 -1.00 -1.00 -1.00 -1.00 -1.00 -1.00 -1.00 -1.00 
 -1.00 -1.00 -1.00 -0.89 -0.93 -1.00 -1.00 -0.87 -0.69 -0.95 -1.00 -1.00 -1.00 -1.00 -0.94 -0.79 -0.97 -1.00 -1.00 -1.00 
 -0.74 -0.08 0.58 1.00 -0.04 -0.50 0.44 0.98 1.00 0.84 -0.38 -0.99 -0.51 0.37 0.95 1.00 0.87 -0.22 -1.00 -1.00 
 0.98 0.99 1.00 1.00 0.83 0.98 0.87 0.99 1.00 1.00 0.95 0.48 1.00 0.92 1.00 1.00 1.00 0.98 -0.66 -1.00 
 -1.00 -0.07 1.00 1.00 0.23 -0.89 -1.00 -0.73 0.76 1.00 1.00 0.28 -0.82 -1.00 -0.74 0.69 1.00 1.00 -0.05 -1.00 
 -1.00 -0.07 1.00 1.00 -0.04 -1.00 -1.00 -1.00 0.00 1.00 1.00 -0.04 -1.00 -1.00 -1.00 -0.15 1.00 1.00 0.16 -1.00 
 -1.00 -0.07 1.00 1.00 -0.04 -1.00 -1.00 -1.00 -0.16 1.00 1.00 -0.04 -1.00 -1.00 -1.00 -0.34 1.00 1.00 0.18 -1.00 
 -1.00 -0.07 1.00 1.00 -0.04 -1.00 -1.00 -1.00 -0.16 1.00 1.00 -0.04 -1.00 -1.00 -1.00 -0.35 1.00 1.00 0.18 -1.00 
 -1.00 -0.07 1.00 1.00 -0.04 -1.00 -1.00 -1.00 -0.16 1.00 1.00 -0.04 -1.00 -1.00 -1.00 -0.35 1.00 1.00 0.18 -1.00 
 -1.00 -0.07 1.00 1.00 -0.04 -1.00 -1.00 -1.00 -0.16 1.00 1.00 -0.04 -1.00 -1.00 -1.00 -0.35 1.00 1.00 0.18 -1.00 
 -1.00 -0.07 1.00 1.00 -0.04 -1.00 -1.00 -1.00 -0.16 1.00 1.00 -0.04 -1.00 -1.00 -1.00 -0.35 1.00 1.00 0.18 -1.00 
 -1.00 -0.07 1.00 1.00 -0.04 -1.00 -1.00 -1.00 -0.16 1.00 1.00 -0.04 -1.00 -1.00 -1.00 -0.35 1.00 1.00 0.18 -1.00 
 -0.11 0.58 1.00 1.00 0.59 -0.29 -1.00 -0.37 0.55 1.00 1.00 0.59 -0.25 -1.00 -0.41 0.43 1.00 1.00 0.70 -0.10 
 0.33 0.33 0.33 0.33 0.33 0.07 -1.00 -0.04 0.33 0.33 0.33 0.33 0.17 -1.00 -0.10 0.33 0.33 0.33 0.33 0.33 
 -1.00 -1.00 -1.00 -1.00 -1.00 -1.00 -1.00 -1.00 -1.00 -1.00 -1.00 -1.00 -1.00 -1.00 -1.00 -1.00 -1.00 -1.00 -1.00 -1.00 
 -1.00 -1.00 -1.00 -1.00 -1.00 -1.00 -1.00 -1.00 -1.00 -1.00 -1.00 -1.00 -1.00 -1.00 -1.00 -1.00 -1.00 -1.00 -1.00 -1.00 
 -1.00 -1.00 -1.00 -1.00 -1.00 -1.00 -1.00 -1.00 -1.00 -1.00 -1.00 -1.00 -1.00 -1.00 -1.00 -1.00 -1.00 -1.00 -1.00 -1.00 
 -1.00 -1.00 -1.00 -1.00 -1.00 -1.00 -1.00 -1.00 -1.00 -1.00 -1.00 -1.00 -1.00 -1.00 -1.00 -1.00 -1.00 -1.00 -1.00 -1.00 
 -1.00 -1.00 -1.00 -1.00 -1.00 -1.00 -1.00 -1.00 -1.00 -1.00 -1.00 -1.00 -1.00 -1.00 -1.00 -1.00 -1.00 -1.00 -1.00 -1.00 
 -1.00 -1.00 -1.00 -1.00 -1.00 -1.00 -1.00 -1.00 -1.00 -1.00 -1.00 -1.00 -1.00 -1.00 -1.00 -1.00 -1.00 -1.00 -1.00 -1.00 
 