-1.00 -1.00 -1.00 -1.00 -1.00 -1.00 -1.00 -1.00 -1.00 -1.00 -1.00 -1.00 -1.00 -1.00 -1.00 -1.00 -1.00 -1.00 -1.00 -1.00 
 -1.00 -1.00 -1.00 -1.00 -0.75 -0.69 -1.00 -0.84 -0.24 -0.00 -0.26 -0.93 -1.00 -1.00 -0.98 -0.50 -0.06 -0.07 -0.66 -1.00 
 -1.00 -1.00 -1.00 -0.94 0.84 0.95 0.01 0.91 1.00 1.00 1.00 0.63 -0.89 -0.71 0.58 1.00 1.00 1.00 0.98 -0.29 
 -1.00 -1.00 -1.00 -0.50 1.00 1.00 1.00 1.00 0.99 0.83 1.00 1.00 0.28 0.84 1.00 1.00 0.90 0.92 1.00 0.86 
 -1.00 -1.00 -1.00 -0.00 1.00 1.00 1.00 0.73 -0.64 -1.00 0.22 1.00 1.00 1.00 1.00 0.00 -0.95 -0.73 1.00 1.00 
 -1.00 -1.00 -1.00 0.49 1.00 1.00 0.90 -0.72 -1.00 -1.00 -0.07 1.00 1.00 1.00 0.14 -1.00 -1.00 -0.99 0.96 1.00 
 -1.00 -1.00 -0.95 0.93 1.00 1.00 -0.12 -1.00 -1.00 -1.00 0.14 1.00 1.00 0.76 -0.92 -1.00 -1.00 -0.85 1.00 1.00 
 -1.00 -1.00 -0.53 1.00 1.00 0.79 -0.95 -1.00 -1.00 -1.00 0.55 1.00 1.00 -0.20 -1.00 -1.00 -1.00 -0.44 1.00 0.93 
 -1.00 -1.00 -0.04 1.00 1.00 -0.05 -1.00 -1.00 -1.00 -0.91 0.95 1.00 0.84 -0.94 -1.00 -1.00 -1.00 0.11 1.00 0.47 
 -1.00 -1.00 0.48 1.00 0.97 -0.81 -1.00 -1.00 -1.00 -0.41 1.00 1.00 0.11 -1.00 -1.00 -1.00 -0.99 0.73 1.00 -0.11 
 -1.00 -0.85 0.97 1.00 0.44 -1.00 -1.00 -1.00 -1.00 0.18 1.00 1.00 -0.60 -1.00 -1.00 -1.00 -0.60 1.00 0.99 -0.75 
 -1.00 -0.25 1.00 1.00 -0.22 -1.00 -1.00 -1.00 -0.98 0.80 1.00 0.74 -0.99 -1.00 -1.00 -1.00 0.08 1.00 0.57 -1.00 
 -1.00 0.34 1.00 0.99 -0.81 -1.00 -1.00 -1.00 -0.60 1.00 1.00 0.13 -1.00 -1.00 -1.00 -0.98 0.76 1.00 -0.14 -1.00 
 -0.96 0.88 1.00 0.60 -1.00 -1.00 -1.00 -1.00 -0.03 1.00 1.00 -0.44 -1.00 -1.00 -1.00 -0.61 1.00 0.99 -0.80 -1.00 
 -0.54 1.00 1.00 0.06 -1.00 -1.00 -1.00 -1.00 0.51 1.00 0.95 -0.92 -1.00 -1.00 -1.00 -0.17 1.00 0.66 -1.00 -1.00 
 -0.01 1.00 1.00 -0.46 -1.00 -1.00 -1.00 -0.91 0.96 1.00 0.51 -1.00 -1.00 -1.00 -1.00 -0.01 1.00 0.51 -1.00 -1.00 
 0.50 1.00 0.95 -0.91 -1.00 -1.00 -1.00 -0.45 1.00 1.00 -0.00 -1.00 -1.00 -1.00 -1.00 -0.19 1.00 0.98 0.44 -0.93 
 0.92 1.00 0.51 -1.00 -1.00 -1.00 -1.00 -0.04 1.00 1.00 -0.53 -1.00 -1.00 -1.00 -1.00 -0.84 0.82 1.00 1.00 -0.75 
 0.05 0.53 -0.44 -1.00 -1.00 -1.00 -1.00 -0.61 0.47 0.27 -0.98 -1.00 -1.00 -1.00 -1.00 -1.00 -0.78 -0.04 -0.24 -1.00 
 -1.00 -1.00 -1.00 -1.00 -1.00 -1.00 -1.00 -1.00 -1.00 -1.00 -1.00 -1.00 -1.00 -1.00 -1.00 -1.00 -1.00 -1.00 -1.00 -1.00 
 