-1.00 -1.00 -1.00 -1.00 -1.00 -1.00 -1.00 -1.00 -1.00 -1.00 -1.00 -1.00 -1.00 -1.00 -1.00 -1.00 -1.00 -1.00 -1.00 -1.00 
 -1.00 -1.00 -1.00 -1.00 -1.00 -1.00 -1.00 -1.00 -1.00 -1.00 -1.00 -1.00 -1.00 -1.00 -1.00 -1.00 -1.00 -1.00 -1.00 -1.00 
 -1.00 -1.00 -0.73 0.19 -0.12 -0.96 -0.15 0.59 0.91 0.90 0.44 -0.71 -1.00 -0.87 0.02 0.67 0.93 0.85 0.23 -0.91 
 -1.00 -1.00 -0.22 1.00 0.36 0.57 1.00 0.83 0.91 1.00 1.00 0.69 -0.51 0.80 1.00 0.81 0.92 1.00 1.00 0.20 
 -1.00 -1.00 0.20 1.00 1.00 0.59 -0.62 -1.00 -0.95 0.17 1.00 1.00 0.98 0.42 -0.70 -1.00 -0.91 0.43 1.00 0.92 
 -1.00 -1.00 0.62 1.00 0.65 -0.90 -1.00 -1.00 -1.00 -0.76 1.00 1.00 0.39 -0.98 -1.00 -1.00 -1.00 -0.41 1.00 0.93 
 -1.00 -0.91 0.97 1.00 -0.47 -1.00 -1.00 -1.00 -1.00 -0.64 1.00 0.97 -0.78 -1.00 -1.00 -1.00 -1.00 -0.33 1.00 0.62 
 -1.00 -0.53 1.00 0.86 -0.98 -1.00 -1.00 -1.00 -1.00 -0.22 1.00 0.55 -1.00 -1.00 -1.00 -1.00 -1.00 0.14 1.00 0.20 
 -1.00 -0.11 1.00 0.44 -1.00 -1.00 -1.00 -1.00 -1.00 0.20 1.00 0.11 -1.00 -1.00 -1.00 -1.00 -1.00 0.56 1.00 -0.22 
 -1.00 0.32 1.00 0.02 -1.00 -1.00 -1.00 -1.00 -1.00 0.63 1.00 -0.31 -1.00 -1.00 -1.00 -1.00 -0.95 0.94 1.00 -0.65 
 -1.00 0.74 1.00 -0.40 -1.00 -1.00 -1.00 -1.00 -0.91 0.98 1.00 -0.73 -1.00 -1.00 -1.00 -1.00 -0.59 1.00 0.91 -0.98 
 -0.83 1.00 1.00 -0.83 -1.00 -1.00 -1.00 -1.00 -0.52 1.00 0.84 -0.99 -1.00 -1.00 -1.00 -1.00 -0.18 1.00 0.51 -1.00 
 -0.41 1.00 0.74 -1.00 -1.00 -1.00 -1.00 -1.00 -0.09 1.00 0.42 -1.00 -1.00 -1.00 -1.00 -1.00 0.25 1.00 0.08 -1.00 
 0.01 1.00 0.32 -1.00 -1.00 -1.00 -1.00 -1.00 0.33 1.00 -0.01 -1.00 -1.00 -1.00 -1.00 -1.00 0.67 1.00 -0.34 -1.00 
 0.44 1.00 -0.11 -1.00 -1.00 -1.00 -1.00 -1.00 0.76 1.00 -0.44 -1.00 -1.00 -1.00 -1.00 -0.89 0.98 1.00 -0.76 -1.00 
 0.54 0.69 -0.58 -1.00 -1.00 -1.00 -1.00 -0.87 0.69 0.69 -0.85 -1.00 -1.00 -1.00 -1.00 -0.59 0.69 0.55 -0.99 -1.00 
 -1.00 -1.00 -1.00 -1.00 -1.00 -1.00 -1.00 -1.00 -1.00 -1.00 -1.00 -1.00 -1.00 -1.00 -1.00 -1.00 -1.00 -1.00 -1.00 -1.00 
 -1.00 -1.00 -1.00 -1.00 -1.00 -1.00 -1.00 -1.00 -1.00 -1.00 -1.00 -1.00 -1.00 -1.00 -1.00 -1.00 -1.00 -1.00 -1.00 -1.00 
 -1.00 -1.00 -1.00 -1.00 -1.00 -1.00 -1.00 -1.00 -1.00 -1.00 -1.00 -1.00 -1.00 -1.00 -1.00 -1.00 -1.00 -1.00 -1.00 -1.00 
 -1.00 -1.00 -1.00 -1.00 -1.00 -1.00 -1.00 -1.00 -1.00 -1.00 -1.00 -1.00 -1.00 -1.00 -1.00 -1.00 -1.00 -1.00 -1.00 -1.00 
 