0.00 0.00 0.00 0.00 0.00 0.00 0.00 0.00 0.00 0.00 0.00 0.00 0.00 0.00 0.00 0.00 0.00 0.00 0.00 0.00 
 0.00 0.00 0.00 0.00 0.00 0.00 0.00 0.00 0.00 0.00 0.00 0.00 0.00 0.00 0.00 0.00 0.00 0.00 0.00 0.00 
 0.00 0.00 0.00 0.00 0.00 0.00 0.00 0.00 0.00 0.00 0.00 0.00 0.00 0.00 0.00 0.00 0.00 0.00 0.00 0.00 
 0.00 0.00 0.00 0.00 0.00 0.00 0.00 0.00 0.00 0.00 0.00 0.00 0.00 0.00 0.00 0.00 0.00 0.00 0.00 0.00 
 0.00 0.13 0.45 0.80 0.13 0.02 0.37 0.74 0.84 0.64 0.15 0.00 0.02 0.29 0.69 0.86 0.67 0.18 0.00 0.00 
 0.51 0.86 1.00 1.00 0.21 0.57 0.80 0.74 0.94 1.00 0.82 0.04 0.51 0.86 0.74 0.90 1.00 0.86 0.04 0.00 
 0.00 0.18 1.00 1.00 0.64 0.21 0.00 0.00 0.25 0.98 1.00 0.65 0.49 0.02 0.00 0.11 0.92 1.00 0.33 0.00 
 0.00 0.15 1.00 1.00 0.21 0.00 0.00 0.00 0.00 0.82 1.00 0.49 0.00 0.00 0.00 0.00 0.65 1.00 0.51 0.00 
 0.00 0.15 1.00 1.00 0.15 0.00 0.00 0.00 0.00 0.72 1.00 0.43 0.00 0.00 0.00 0.00 0.57 1.00 0.57 0.00 
 0.00 0.15 1.00 1.00 0.15 0.00 0.00 0.00 0.00 0.72 1.00 0.43 0.00 0.00 0.00 0.00 0.57 1.00 0.57 0.00 
 0.00 0.15 1.00 1.00 0.15 0.00 0.00 0.00 0.00 0.72 1.00 0.43 0.00 0.00 0.00 0.00 0.57 1.00 0.57 0.00 
 0.00 0.15 1.00 1.00 0.15 0.00 0.00 0.00 0.00 0.72 1.00 0.43 0.00 0.00 0.00 0.00 0.57 1.00 0.57 0.00 
 0.00 0.15 1.00 1.00 0.15 0.00 0.00 0.00 0.00 0.72 1.00 0.43 0.00 0.00 0.00 0.00 0.57 1.00 0.57 0.00 
 0.00 0.15 1.00 1.00 0.15 0.00 0.00 0.00 0.00 0.72 1.00 0.43 0.00 0.00 0.00 0.00 0.57 1.00 0.57 0.00 
 0.00 0.15 1.00 1.00 0.18 0.00 0.00 0.00 0.00 0.74 1.00 0.47 0.00 0.00 0.00 0.00 0.59 1.00 0.62 0.00 
 0.15 0.55 1.00 1.00 0.62 0.15 0.00 0.08 0.37 0.96 1.00 0.82 0.21 0.04 0.06 0.27 0.90 1.00 0.88 0.25 
 0.25 0.29 0.29 0.29 0.29 0.25 0.00 0.16 0.29 0.29 0.29 0.29 0.29 0.08 0.13 0.29 0.29 0.29 0.29 0.29 
 0.00 0.00 0.00 0.00 0.00 0.00 0.00 0.00 0.00 0.00 0.00 0.00 0.00 0.00 0.00 0.00 0.00 0.00 0.00 0.00 
 0.00 0.00 0.00 0.00 0.00 0.00 0.00 0.00 0.00 0.00 0.00 0.00 0.00 0.00 0.00 0.00 0.00 0.00 0.00 0.00 
 0.00 0.00 0.00 0.00 0.00 0.00 0.00 0.00 0.00 0.00 0.00 0.00 0.00 0.00 0.00 0.00 0.00 0.00 0.00 0.00 
 