0.00 0.00 0.00 0.00 0.00 0.00 0.00 0.00 0.00 0.00 0.00 0.00 0.00 0.00 0.00 0.00 0.00 0.00 0.00 0.00 
 0.00 0.00 0.00 0.00 0.00 0.00 0.00 0.00 0.00 0.00 0.00 0.00 0.00 0.00 0.00 0.00 0.00 0.00 0.00 0.00 
 0.00 0.11 0.42 0.42 0.42 0.24 0.00 0.00 0.00 0.00 0.00 0.00 0.00 0.00 0.01 0.38 0.42 0.42 0.42 0.11 
 0.00 0.04 0.29 0.94 1.00 0.84 0.01 0.00 0.00 0.00 0.00 0.00 0.00 0.00 0.15 1.00 1.00 0.83 0.25 0.04 
 0.00 0.00 0.00 0.72 0.95 1.00 0.26 0.00 0.00 0.00 0.00 0.00 0.00 0.00 0.48 1.00 1.00 0.50 0.00 0.00 
 0.00 0.00 0.00 0.72 0.60 1.00 0.65 0.00 0.00 0.00 0.00 0.00 0.00 0.02 0.86 0.95 1.00 0.55 0.00 0.00 
 0.00 0.00 0.00 0.75 0.21 1.00 0.95 0.08 0.00 0.00 0.00 0.00 0.00 0.27 0.88 0.52 1.00 0.64 0.00 0.00 
 0.00 0.00 0.06 0.73 0.01 0.80 1.00 0.45 0.00 0.00 0.00 0.00 0.00 0.67 0.38 0.39 1.00 0.75 0.00 0.00 
 0.00 0.00 0.10 0.65 0.00 0.40 1.00 0.84 0.01 0.00 0.00 0.00 0.13 0.83 0.02 0.29 1.00 0.85 0.00 0.00 
 0.00 0.00 0.20 0.55 0.00 0.06 0.95 1.00 0.26 0.00 0.00 0.00 0.51 0.37 0.00 0.19 1.00 0.92 0.00 0.00 
 0.00 0.00 0.35 0.47 0.00 0.00 0.60 1.00 0.65 0.00 0.00 0.04 0.77 0.02 0.00 0.09 1.00 0.97 0.05 0.00 
 0.00 0.00 0.53 0.42 0.00 0.00 0.21 1.00 0.95 0.08 0.00 0.34 0.47 0.00 0.00 0.06 0.98 1.00 0.15 0.00 
 0.00 0.00 0.74 0.36 0.00 0.00 0.01 0.80 1.00 0.45 0.01 0.71 0.09 0.00 0.00 0.00 0.88 1.00 0.25 0.00 
 0.00 0.05 0.96 0.38 0.00 0.00 0.00 0.40 1.00 0.84 0.20 0.64 0.00 0.00 0.00 0.00 0.79 1.00 0.36 0.00 
 0.00 0.27 1.00 0.49 0.00 0.00 0.00 0.06 0.95 1.00 0.80 0.21 0.00 0.00 0.00 0.00 0.69 1.00 0.46 0.00 
 0.01 0.71 1.00 0.78 0.01 0.00 0.00 0.00 0.60 1.00 0.79 0.00 0.00 0.00 0.00 0.00 0.70 1.00 0.67 0.00 
 0.65 1.00 1.00 1.00 0.65 0.07 0.00 0.00 0.21 1.00 0.38 0.00 0.00 0.00 0.07 0.54 0.98 1.00 0.99 0.61 
 0.17 0.17 0.17 0.17 0.17 0.03 0.00 0.00 0.01 0.59 0.03 0.00 0.00 0.00 0.03 0.17 0.17 0.17 0.17 0.17 
 0.00 0.00 0.00 0.00 0.00 0.00 0.00 0.00 0.00 0.00 0.00 0.00 0.00 0.00 0.00 0.00 0.00 0.00 0.00 0.00 
 0.00 0.00 0.00 0.00 0.00 0.00 0.00 0.00 0.00 0.00 0.00 0.00 0.00 0.00 0.00 0.00 0.00 0.00 0.00 0.00 
 