0.00 0.00 0.00 0.00 0.00 0.00 0.00 0.00 0.00 0.00 0.00 0.00 0.00 0.00 0.00 0.00 0.00 0.00 0.00 0.00 
 0.00 0.00 0.00 0.00 0.00 0.00 0.00 0.00 0.00 0.00 0.00 0.00 0.00 0.00 0.00 0.00 0.00 0.00 0.00 0.00 
 0.17 0.17 0.17 0.17 0.09 0.00 0.09 0.17 0.17 0.17 0.09 0.00 0.00 0.00 0.00 0.09 0.17 0.09 0.00 0.00 
 1.00 1.00 1.00 1.00 0.58 0.53 0.92 1.00 1.00 1.00 0.89 0.36 0.03 0.28 0.70 0.92 1.00 0.92 0.70 0.31 
 1.00 1.00 1.00 1.00 0.97 1.00 1.00 1.00 1.00 1.00 1.00 0.95 0.61 1.00 1.00 1.00 1.00 1.00 1.00 1.00 
 1.00 1.00 1.00 1.00 1.00 0.81 0.39 0.36 0.67 1.00 1.00 1.00 1.00 0.92 0.50 0.33 0.45 0.84 1.00 1.00 
 1.00 1.00 1.00 1.00 0.86 0.09 0.00 0.00 0.03 0.73 1.00 1.00 0.97 0.33 0.00 0.00 0.00 0.22 1.00 1.00 
 1.00 1.00 1.00 1.00 0.58 0.00 0.00 0.00 0.00 0.50 1.00 1.00 0.84 0.00 0.00 0.00 0.00 0.17 1.00 1.00 
 1.00 1.00 1.00 1.00 0.50 0.00 0.00 0.00 0.00 0.50 1.00 1.00 0.84 0.00 0.00 0.00 0.00 0.17 1.00 1.00 
 1.00 1.00 1.00 1.00 0.50 0.00 0.00 0.00 0.00 0.50 1.00 1.00 0.84 0.00 0.00 0.00 0.00 0.17 1.00 1.00 
 1.00 1.00 1.00 1.00 0.50 0.00 0.00 0.00 0.00 0.50 1.00 1.00 0.84 0.00 0.00 0.00 0.00 0.17 1.00 1.00 
 1.00 1.00 1.00 1.00 0.50 0.00 0.00 0.00 0.00 0.50 1.00 1.00 0.84 0.00 0.00 0.00 0.00 0.17 1.00 1.00 
 1.00 1.00 1.00 1.00 0.50 0.00 0.00 0.00 0.00 0.50 1.00 1.00 0.84 0.00 0.00 0.00 0.00 0.17 1.00 1.00 
 1.00 1.00 1.00 1.00 0.50 0.00 0.00 0.00 0.00 0.50 1.00 1.00 0.84 0.00 0.00 0.00 0.00 0.17 1.00 1.00 
 1.00 1.00 1.00 1.00 0.50 0.00 0.00 0.00 0.00 0.50 1.00 1.00 0.84 0.00 0.00 0.00 0.00 0.17 1.00 1.00 
 1.00 1.00 1.00 1.00 0.50 0.00 0.00 0.00 0.00 0.50 1.00 1.00 0.84 0.00 0.00 0.00 0.00 0.17 1.00 1.00 
 1.00 1.00 1.00 1.00 0.50 0.00 0.00 0.00 0.00 0.50 1.00 1.00 0.84 0.00 0.00 0.00 0.00 0.17 1.00 1.00 
 1.00 1.00 1.00 1.00 0.50 0.00 0.00 0.00 0.00 0.50 1.00 1.00 0.84 0.00 0.00 0.00 0.00 0.17 1.00 1.00 
 0.50 0.50 0.50 0.50 0.25 0.00 0.00 0.00 0.00 0.25 0.50 0.50 0.42 0.00 0.00 0.00 0.00 0.09 0.50 0.50 
 0.00 0.00 0.00 0.00 0.00 0.00 0.00 0.00 0.00 0.00 0.00 0.00 0.00 0.00 0.00 0.00 0.00 0.00 0.00 0.00 
 