0.20 1.00 1.00 1.00 0.97 0.13 0.00 0.00 0.00 0.00 0.00 0.00 0.00 0.00 0.01 0.81 1.00 1.00 1.00 0.50 
 0.20 1.00 1.00 1.00 1.00 0.50 0.00 0.00 0.00 0.00 0.00 0.00 0.00 0.00 0.20 1.00 1.00 1.00 1.00 0.50 
 0.20 1.00 1.00 0.95 1.00 0.85 0.01 0.00 0.00 0.00 0.00 0.00 0.00 0.00 0.57 1.00 0.95 1.00 1.00 0.50 
 0.20 1.00 1.00 0.65 0.99 1.00 0.26 0.00 0.00 0.00 0.00 0.00 0.00 0.05 0.92 1.00 0.62 1.00 1.00 0.50 
 0.20 1.00 1.00 0.50 0.74 1.00 0.63 0.00 0.00 0.00 0.00 0.00 0.00 0.31 1.00 0.94 0.27 1.00 1.00 0.50 
 0.20 1.00 1.00 0.50 0.37 1.00 0.93 0.05 0.00 0.00 0.00 0.00 0.00 0.70 1.00 0.67 0.20 1.00 1.00 0.50 
 0.20 1.00 1.00 0.50 0.07 0.95 1.00 0.38 0.00 0.00 0.00 0.00 0.12 0.98 1.00 0.30 0.20 1.00 1.00 0.50 
 0.20 1.00 1.00 0.50 0.00 0.61 1.00 0.75 0.00 0.00 0.00 0.00 0.46 1.00 0.88 0.02 0.20 1.00 1.00 0.50 
 0.20 1.00 1.00 0.50 0.00 0.24 1.00 0.97 0.13 0.00 0.00 0.02 0.83 1.00 0.54 0.00 0.20 1.00 1.00 0.50 
 0.20 1.00 1.00 0.50 0.00 0.03 0.86 1.00 0.50 0.00 0.00 0.21 1.00 0.98 0.17 0.00 0.20 1.00 1.00 0.50 
 0.20 1.00 1.00 0.50 0.00 0.00 0.49 1.00 0.85 0.01 0.00 0.58 1.00 0.78 0.00 0.00 0.20 1.00 1.00 0.50 
 0.20 1.00 1.00 0.50 0.00 0.00 0.14 0.99 1.00 0.26 0.06 0.93 1.00 0.41 0.00 0.00 0.20 1.00 1.00 0.50 
 0.20 1.00 1.00 0.50 0.00 0.00 0.00 0.73 1.00 0.63 0.33 1.00 0.94 0.07 0.00 0.00 0.20 1.00 1.00 0.50 
 0.20 1.00 1.00 0.50 0.00 0.00 0.00 0.36 1.00 0.93 0.75 1.00 0.66 0.00 0.00 0.00 0.20 1.00 1.00 0.50 
 0.20 1.00 1.00 0.50 0.00 0.00 0.00 0.07 0.95 1.00 1.00 1.00 0.29 0.00 0.00 0.00 0.20 1.00 1.00 0.50 
 0.20 1.00 1.00 0.50 0.00 0.00 0.00 0.00 0.61 1.00 1.00 0.87 0.01 0.00 0.00 0.00 0.20 1.00 1.00 0.50 
 0.20 1.00 1.00 0.50 0.00 0.00 0.00 0.00 0.17 0.50 0.50 0.32 0.00 0.00 0.00 0.00 0.20 1.00 1.00 0.50 
 0.20 1.00 1.00 0.50 0.00 0.00 0.00 0.00 0.00 0.00 0.00 0.00 0.00 0.00 0.00 0.00 0.20 1.00 1.00 0.50 
 0.20 1.00 1.00 0.50 0.00 0.00 0.00 0.00 0.00 0.00 0.00 0.00 0.00 0.00 0.00 0.00 0.20 1.00 1.00 0.50 
 0.20 1.00 1.00 0.50 0.00 0.00 0.00 0.00 0.00 0.00 0.00 0.00 0.00 0.00 0.00 0.00 0.20 1.00 1.00 0.50 
 