0.00 0.00 0.00 0.00 0.00 0.00 0.00 0.00 0.00 0.00 0.00 0.00 0.00 0.00 0.00 0.00 0.00 0.00 0.00 0.00 
 0.00 0.00 0.00 0.00 0.00 0.00 0.00 0.00 0.00 0.00 0.00 0.00 0.00 0.00 0.00 0.00 0.00 0.00 0.00 0.00 
 0.17 0.17 0.06 0.00 0.03 0.17 0.31 0.33 0.22 0.09 0.00 0.00 0.00 0.00 0.11 0.22 0.33 0.28 0.14 0.00 
 1.00 1.00 0.33 0.20 0.75 1.00 1.00 1.00 1.00 0.89 0.31 0.00 0.03 0.47 0.95 1.00 1.00 1.00 0.97 0.61 
 1.00 1.00 0.53 0.92 1.00 0.95 0.84 0.92 1.00 1.00 0.95 0.22 0.58 1.00 0.97 0.84 0.86 1.00 1.00 1.00 
 1.00 1.00 0.97 0.97 0.56 0.14 0.00 0.11 0.64 1.00 1.00 0.89 1.00 0.73 0.22 0.00 0.03 0.42 0.97 1.00 
 1.00 1.00 1.00 0.50 0.00 0.00 0.00 0.00 0.06 0.86 1.00 1.00 0.81 0.03 0.00 0.00 0.00 0.00 0.58 1.00 
 1.00 1.00 0.89 0.06 0.00 0.00 0.00 0.00 0.00 0.58 1.00 1.00 0.47 0.00 0.00 0.00 0.00 0.00 0.28 1.00 
 1.00 1.00 0.81 0.00 0.00 0.00 0.00 0.00 0.00 0.50 1.00 1.00 0.22 0.00 0.00 0.00 0.00 0.00 0.17 1.00 
 1.00 1.00 0.67 0.00 0.00 0.00 0.00 0.00 0.00 0.50 1.00 1.00 0.17 0.00 0.00 0.00 0.00 0.00 0.17 1.00 
 1.00 1.00 0.67 0.00 0.00 0.00 0.00 0.00 0.00 0.50 1.00 1.00 0.17 0.00 0.00 0.00 0.00 0.00 0.17 1.00 
 1.00 1.00 0.67 0.00 0.00 0.00 0.00 0.00 0.00 0.50 1.00 1.00 0.17 0.00 0.00 0.00 0.00 0.00 0.17 1.00 
 1.00 1.00 0.67 0.00 0.00 0.00 0.00 0.00 0.00 0.50 1.00 1.00 0.17 0.00 0.00 0.00 0.00 0.00 0.17 1.00 
 1.00 1.00 0.67 0.00 0.00 0.00 0.00 0.00 0.00 0.50 1.00 1.00 0.17 0.00 0.00 0.00 0.00 0.00 0.17 1.00 
 1.00 1.00 0.67 0.00 0.00 0.00 0.00 0.00 0.00 0.50 1.00 1.00 0.17 0.00 0.00 0.00 0.00 0.00 0.17 1.00 
 1.00 1.00 0.67 0.00 0.00 0.00 0.00 0.00 0.00 0.50 1.00 1.00 0.17 0.00 0.00 0.00 0.00 0.00 0.17 1.00 
 1.00 1.00 0.67 0.00 0.00 0.00 0.00 0.00 0.00 0.50 1.00 1.00 0.17 0.00 0.00 0.00 0.00 0.00 0.17 1.00 
 1.00 1.00 0.67 0.00 0.00 0.00 0.00 0.00 0.00 0.50 1.00 1.00 0.17 0.00 0.00 0.00 0.00 0.00 0.17 1.00 
 0.84 0.84 0.56 0.00 0.00 0.00 0.00 0.00 0.00 0.42 0.84 0.84 0.14 0.00 0.00 0.00 0.00 0.00 0.14 0.84 
 0.00 0.00 0.00 0.00 0.00 0.00 0.00 0.00 0.00 0.00 0.00 0.00 0.00 0.00 0.00 0.00 0.00 0.00 0.00 0.00 
 