0.00 0.02 0.11 0.11 0.11 0.10 0.00 0.00 0.00 0.00 0.00 0.00 0.00 0.00 0.00 0.00 0.06 0.11 0.11 0.11 
 0.00 0.11 1.00 1.00 1.00 0.98 0.10 0.00 0.00 0.00 0.00 0.00 0.00 0.00 0.00 0.00 0.58 1.00 1.00 1.00 
 0.00 0.11 1.00 1.00 1.00 1.00 0.29 0.00 0.00 0.00 0.00 0.00 0.00 0.00 0.00 0.00 0.78 1.00 1.00 1.00 
 0.00 0.11 1.00 0.91 0.99 1.00 0.53 0.00 0.00 0.00 0.00 0.00 0.00 0.00 0.00 0.13 0.99 0.87 1.00 1.00 
 0.00 0.13 1.00 0.68 0.76 1.00 0.80 0.00 0.00 0.00 0.00 0.00 0.00 0.00 0.00 0.41 1.00 0.55 1.00 1.00 
 0.00 0.22 1.00 0.65 0.47 1.00 0.98 0.15 0.00 0.00 0.00 0.00 0.00 0.00 0.02 0.77 0.96 0.14 0.91 1.00 
 0.00 0.31 1.00 0.56 0.20 1.00 1.00 0.47 0.00 0.00 0.00 0.00 0.00 0.00 0.18 1.00 0.77 0.00 0.88 1.00 
 0.00 0.41 1.00 0.51 0.03 0.85 1.00 0.80 0.00 0.00 0.00 0.00 0.00 0.00 0.52 1.00 0.42 0.00 0.78 1.00 
 0.00 0.52 1.00 0.44 0.00 0.52 1.00 0.98 0.15 0.00 0.00 0.00 0.00 0.05 0.90 0.95 0.09 0.00 0.73 1.00 
 0.00 0.63 1.00 0.33 0.00 0.20 1.00 1.00 0.52 0.00 0.00 0.00 0.00 0.32 1.00 0.71 0.00 0.00 0.67 1.00 
 0.00 0.74 1.00 0.26 0.00 0.02 0.80 1.00 0.85 0.02 0.00 0.00 0.00 0.72 1.00 0.33 0.00 0.00 0.57 1.00 
 0.00 0.87 1.00 0.19 0.00 0.00 0.44 1.00 1.00 0.24 0.00 0.00 0.15 0.99 0.89 0.03 0.00 0.00 0.52 1.00 
 0.10 0.99 0.99 0.10 0.00 0.00 0.14 0.99 1.00 0.57 0.00 0.00 0.49 1.00 0.57 0.00 0.00 0.00 0.45 1.00 
 0.13 1.00 0.89 0.00 0.00 0.00 0.00 0.72 1.00 0.87 0.02 0.03 0.85 0.98 0.18 0.00 0.00 0.00 0.36 1.00 
 0.25 1.00 0.89 0.00 0.00 0.00 0.00 0.33 1.00 1.00 0.22 0.24 1.00 0.77 0.00 0.00 0.00 0.00 0.33 1.00 
 0.37 1.00 0.87 0.00 0.00 0.00 0.00 0.06 0.94 1.00 0.51 0.55 1.00 0.37 0.00 0.00 0.00 0.00 0.24 1.00 
 0.49 1.00 0.78 0.00 0.00 0.00 0.00 0.00 0.63 1.00 0.76 0.82 0.91 0.04 0.00 0.00 0.00 0.00 0.22 1.00 
 0.61 1.00 0.73 0.00 0.00 0.00 0.00 0.00 0.30 1.00 0.98 0.98 0.62 0.00 0.00 0.00 0.00 0.00 0.15 1.00 
 0.74 1.00 0.67 0.00 0.00 0.00 0.00 0.00 0.06 0.94 1.00 1.00 0.26 0.00 0.00 0.00 0.00 0.00 0.11 1.00 
 0.85 1.00 0.67 0.00 0.00 0.00 0.00 0.00 0.00 0.65 1.00 0.89 0.02 0.00 0.00 0.00 0.00 0.00 0.11 1.00 
 