0.00 0.00 0.00 0.00 0.00 0.00 0.00 0.00 0.00 0.00 0.00 0.00 0.00 0.00 0.00 0.00 0.00 0.00 0.00 0.00 
 0.00 0.16 0.63 0.22 0.00 0.00 0.00 0.00 0.00 0.00 0.00 0.00 0.00 0.00 0.00 0.00 0.09 0.63 0.38 0.00 
 0.00 0.33 1.00 0.74 0.00 0.00 0.00 0.00 0.00 0.00 0.00 0.00 0.00 0.00 0.00 0.00 0.47 1.00 0.67 0.00 
 0.00 0.42 1.00 0.99 0.25 0.00 0.00 0.00 0.00 0.00 0.00 0.00 0.00 0.00 0.00 0.08 0.91 1.00 0.78 0.00 
 0.00 0.52 1.00 1.00 0.74 0.00 0.00 0.00 0.00 0.00 0.00 0.00 0.00 0.00 0.00 0.39 1.00 1.00 0.88 0.00 
 0.00 0.63 0.94 1.00 0.99 0.25 0.00 0.00 0.00 0.00 0.00 0.00 0.00 0.00 0.05 0.86 0.94 1.00 0.89 0.02 
 0.00 0.74 0.66 0.86 1.00 0.74 0.00 0.00 0.00 0.00 0.00 0.00 0.00 0.00 0.33 0.99 0.52 1.00 1.00 0.13 
 0.00 0.83 0.50 0.38 1.00 0.99 0.25 0.00 0.00 0.00 0.00 0.00 0.00 0.03 0.82 0.80 0.13 1.00 1.00 0.24 
 0.06 0.94 0.42 0.05 0.86 1.00 0.74 0.00 0.00 0.00 0.00 0.00 0.00 0.27 1.00 0.38 0.13 1.00 1.00 0.35 
 0.13 1.00 0.36 0.00 0.38 1.00 0.99 0.25 0.00 0.00 0.00 0.00 0.02 0.75 0.85 0.02 0.02 0.89 1.00 0.45 
 0.14 1.00 0.25 0.00 0.05 0.86 1.00 0.74 0.00 0.00 0.00 0.00 0.24 1.00 0.42 0.00 0.00 0.78 1.00 0.56 
 0.25 1.00 0.16 0.00 0.00 0.38 1.00 0.99 0.25 0.00 0.00 0.00 0.67 0.91 0.05 0.00 0.00 0.67 1.00 0.67 
 0.35 0.96 0.08 0.00 0.00 0.05 0.86 1.00 0.74 0.00 0.00 0.17 0.99 0.50 0.00 0.00 0.00 0.58 1.00 0.78 
 0.44 0.88 0.00 0.00 0.00 0.00 0.38 1.00 0.99 0.25 0.00 0.61 0.93 0.09 0.00 0.00 0.00 0.47 1.00 0.89 
 0.55 0.88 0.00 0.00 0.00 0.00 0.05 0.86 1.00 0.74 0.14 0.97 0.60 0.00 0.00 0.00 0.00 0.36 1.00 1.00 
 0.64 0.82 0.00 0.00 0.00 0.00 0.00 0.38 1.00 0.99 0.75 0.96 0.14 0.00 0.00 0.00 0.00 0.25 1.00 1.00 
 0.75 0.74 0.00 0.00 0.00 0.00 0.00 0.05 0.83 1.00 1.00 0.67 0.00 0.00 0.00 0.00 0.00 0.14 1.00 1.00 
 0.86 0.63 0.00 0.00 0.00 0.00 0.00 0.00 0.31 1.00 0.97 0.19 0.00 0.00 0.00 0.00 0.00 0.13 1.00 1.00 
 0.83 0.47 0.00 0.00 0.00 0.00 0.00 0.00 0.03 0.74 0.67 0.00 0.00 0.00 0.00 0.00 0.00 0.05 0.82 0.88 
 0.00 0.00 0.00 0.00 0.00 0.00 0.00 0.00 0.00 0.00 0.00 0.00 0.00 0.00 0.00 0.00 0.00 0.00 0.00 0.00 
 