0.56 0.56 0.56 0.56 0.56 0.30 0.00 0.00 0.00 0.00 0.00 0.00 0.00 0.00 0.00 0.00 0.26 0.56 0.56 0.56 
 0.35 0.88 1.00 1.00 1.00 0.80 0.00 0.00 0.00 0.00 0.00 0.00 0.00 0.00 0.00 0.02 0.78 1.00 1.00 1.00 
 0.00 0.37 1.00 1.00 1.00 0.98 0.18 0.00 0.00 0.00 0.00 0.00 0.00 0.00 0.00 0.21 1.00 1.00 1.00 1.00 
 0.00 0.22 1.00 0.83 1.00 1.00 0.53 0.00 0.00 0.00 0.00 0.00 0.00 0.00 0.00 0.58 0.99 0.89 1.00 1.00 
 0.00 0.22 1.00 0.63 0.80 1.00 0.87 0.02 0.00 0.00 0.00 0.00 0.00 0.00 0.07 0.94 0.83 0.62 1.00 1.00 
 0.00 0.22 1.00 0.67 0.44 1.00 1.00 0.26 0.00 0.00 0.00 0.00 0.00 0.00 0.36 1.00 0.46 0.67 1.00 1.00 
 0.00 0.22 1.00 0.67 0.13 0.99 1.00 0.62 0.00 0.00 0.00 0.00 0.00 0.02 0.77 0.95 0.09 0.67 1.00 1.00 
 0.00 0.22 1.00 0.68 0.00 0.71 1.00 0.91 0.05 0.00 0.00 0.00 0.00 0.19 1.00 0.68 0.00 0.76 1.00 1.00 
 0.00 0.22 1.00 0.78 0.00 0.33 1.00 1.00 0.35 0.00 0.00 0.00 0.00 0.56 1.00 0.29 0.00 0.78 1.00 1.00 
 0.00 0.22 1.00 0.78 0.00 0.06 0.94 1.00 0.71 0.00 0.00 0.00 0.07 0.93 0.85 0.02 0.00 0.78 1.00 1.00 
 0.00 0.22 1.00 0.78 0.00 0.00 0.61 1.00 0.95 0.09 0.00 0.00 0.36 1.00 0.48 0.00 0.00 0.78 1.00 1.00 
 0.00 0.22 1.00 0.78 0.00 0.00 0.25 1.00 1.00 0.44 0.00 0.02 0.74 0.95 0.10 0.00 0.00 0.78 1.00 1.00 
 0.00 0.22 1.00 0.78 0.00 0.00 0.04 0.88 1.00 0.78 0.00 0.18 1.00 0.68 0.00 0.00 0.00 0.78 1.00 1.00 
 0.00 0.22 1.00 0.78 0.00 0.00 0.00 0.51 1.00 0.98 0.15 0.55 1.00 0.29 0.00 0.00 0.00 0.78 1.00 1.00 
 0.00 0.22 1.00 0.78 0.00 0.00 0.00 0.16 0.99 1.00 0.57 0.91 0.85 0.02 0.00 0.00 0.00 0.78 1.00 1.00 
 0.00 0.22 1.00 0.78 0.00 0.00 0.00 0.00 0.77 1.00 0.98 1.00 0.48 0.00 0.00 0.00 0.00 0.78 1.00 1.00 
 0.00 0.22 1.00 0.78 0.00 0.00 0.00 0.00 0.41 1.00 1.00 0.95 0.10 0.00 0.00 0.00 0.00 0.78 1.00 1.00 
 0.00 0.22 1.00 0.78 0.00 0.00 0.00 0.00 0.10 0.98 1.00 0.68 0.00 0.00 0.00 0.00 0.00 0.78 1.00 1.00 
 0.00 0.25 1.00 0.79 0.00 0.00 0.00 0.00 0.00 0.56 0.78 0.26 0.00 0.00 0.00 0.00 0.00 0.82 1.00 1.00 
 0.00 0.48 1.00 0.93 0.07 0.00 0.00 0.00 0.00 0.00 0.00 0.00 0.00 0.00 0.00 0.00 0.11 0.96 1.00 1.00 
 