0.00 0.00 0.00 0.01 0.47 0.79 0.21 0.00 0.00 0.00 0.00 0.00 0.00 0.07 0.81 0.85 0.10 0.00 0.00 0.00 
 0.00 0.00 0.00 0.21 1.00 1.00 0.73 0.00 0.00 0.00 0.00 0.00 0.00 0.48 1.00 1.00 0.53 0.00 0.00 0.00 
 0.00 0.00 0.00 0.55 1.00 1.00 0.95 0.04 0.00 0.00 0.00 0.00 0.00 0.77 1.00 1.00 0.80 0.00 0.00 0.00 
 0.00 0.00 0.00 0.82 1.00 1.00 1.00 0.24 0.00 0.00 0.00 0.00 0.05 0.96 1.00 1.00 0.92 0.01 0.00 0.00 
 0.00 0.00 0.09 0.99 1.00 1.00 1.00 0.43 0.00 0.00 0.00 0.00 0.18 1.00 1.00 1.00 1.00 0.13 0.00 0.00 
 0.00 0.00 0.22 1.00 1.00 1.00 1.00 0.61 0.00 0.00 0.00 0.00 0.44 1.00 1.00 1.00 1.00 0.26 0.00 0.00 
 0.00 0.00 0.41 1.00 1.00 0.98 1.00 0.79 0.00 0.00 0.00 0.00 0.71 1.00 0.98 1.00 1.00 0.41 0.00 0.00 
 0.00 0.00 0.60 1.00 0.97 0.70 1.00 0.92 0.01 0.00 0.00 0.07 0.96 1.00 0.65 0.89 1.00 0.55 0.00 0.00 
 0.00 0.00 0.80 1.00 0.86 0.42 1.00 1.00 0.17 0.00 0.00 0.30 1.00 1.00 0.30 0.72 1.00 0.71 0.00 0.00 
 0.00 0.10 0.99 1.00 0.63 0.20 1.00 1.00 0.39 0.00 0.00 0.61 1.00 0.92 0.03 0.56 1.00 0.87 0.00 0.00 
 0.00 0.33 1.00 1.00 0.40 0.06 0.96 1.00 0.63 0.00 0.04 0.91 1.00 0.64 0.00 0.38 1.00 0.97 0.07 0.00 
 0.00 0.60 1.00 0.99 0.15 0.00 0.75 1.00 0.84 0.00 0.25 1.00 1.00 0.32 0.00 0.21 1.00 1.00 0.27 0.00 
 0.03 0.89 1.00 0.87 0.00 0.00 0.51 1.00 0.98 0.13 0.61 1.00 0.94 0.04 0.00 0.07 0.98 1.00 0.49 0.00 
 0.17 1.00 1.00 0.65 0.00 0.00 0.26 1.00 1.00 0.47 0.94 1.00 0.66 0.00 0.00 0.00 0.84 1.00 0.74 0.00 
 0.42 1.00 1.00 0.40 0.00 0.00 0.07 0.97 1.00 0.92 1.00 1.00 0.34 0.00 0.00 0.00 0.62 1.00 0.94 0.04 
 0.65 1.00 1.00 0.18 0.00 0.00 0.00 0.73 1.00 1.00 1.00 0.95 0.06 0.00 0.00 0.00 0.39 1.00 1.00 0.28 
 0.83 1.00 0.95 0.04 0.00 0.00 0.00 0.45 1.00 1.00 1.00 0.73 0.00 0.00 0.00 0.00 0.18 1.00 1.00 0.56 
 0.95 1.00 0.84 0.00 0.00 0.00 0.00 0.19 1.00 1.00 1.00 0.38 0.00 0.00 0.00 0.00 0.06 0.96 1.00 0.82 
 0.99 1.00 0.62 0.00 0.00 0.00 0.00 0.03 0.83 1.00 0.88 0.04 0.00 0.00 0.00 0.00 0.00 0.71 1.00 0.99 
 0.56 0.85 0.20 0.00 0.00 0.00 0.00 0.00 0.21 0.61 0.21 0.00 0.00 0.00 0.00 0.00 0.00 0.25 0.98 0.81 
 