0.00 0.00 0.00 0.00 0.00 0.00 0.00 0.00 0.00 0.00 0.00 0.00 0.00 0.00 0.00 0.00 0.00 0.00 0.00 0.00 
 0.00 0.00 0.00 0.00 0.00 0.00 0.00 0.00 0.00 0.00 0.00 0.00 0.00 0.00 0.00 0.00 0.00 0.00 0.00 0.00 
 0.00 0.00 0.06 0.22 0.22 0.22 0.05 0.02 0.25 0.52 0.53 0.29 0.03 0.00 0.00 0.04 0.29 0.52 0.52 0.26 
 0.00 0.00 0.38 1.00 1.00 0.98 0.20 0.72 1.00 1.00 1.00 1.00 0.62 0.00 0.19 0.80 1.00 1.00 1.00 1.00 
 0.00 0.00 0.56 1.00 1.00 0.94 0.82 1.00 1.00 1.00 1.00 1.00 0.98 0.31 0.93 1.00 1.00 1.00 1.00 1.00 
 0.00 0.00 0.73 1.00 1.00 1.00 1.00 0.84 0.58 0.88 1.00 1.00 1.00 0.96 1.00 0.79 0.57 0.89 1.00 1.00 
 0.00 0.03 0.90 1.00 1.00 1.00 0.67 0.04 0.00 0.27 1.00 1.00 1.00 1.00 0.62 0.02 0.00 0.31 1.00 1.00 
 0.00 0.11 1.00 1.00 1.00 0.90 0.06 0.00 0.00 0.24 1.00 1.00 1.00 0.87 0.04 0.00 0.00 0.30 1.00 1.00 
 0.00 0.24 1.00 1.00 1.00 0.58 0.00 0.00 0.00 0.36 1.00 1.00 1.00 0.48 0.00 0.00 0.00 0.46 1.00 1.00 
 0.00 0.41 1.00 1.00 1.00 0.31 0.00 0.00 0.00 0.52 1.00 1.00 0.99 0.18 0.00 0.00 0.00 0.63 1.00 1.00 
 0.00 0.60 1.00 1.00 0.96 0.09 0.00 0.00 0.00 0.71 1.00 1.00 0.88 0.00 0.00 0.00 0.00 0.82 1.00 1.00 
 0.00 0.76 1.00 1.00 0.88 0.00 0.00 0.00 0.02 0.87 1.00 1.00 0.74 0.00 0.00 0.00 0.07 0.96 1.00 1.00 
 0.04 0.93 1.00 1.00 0.73 0.00 0.00 0.00 0.11 1.00 1.00 1.00 0.58 0.00 0.00 0.00 0.15 1.00 1.00 1.00 
 0.13 1.00 1.00 1.00 0.57 0.00 0.00 0.00 0.20 1.00 1.00 1.00 0.41 0.00 0.00 0.00 0.31 1.00 1.00 1.00 
 0.26 1.00 1.00 1.00 0.38 0.00 0.00 0.00 0.37 1.00 1.00 1.00 0.25 0.00 0.00 0.00 0.48 1.00 1.00 1.00 
 0.42 1.00 1.00 1.00 0.21 0.00 0.00 0.00 0.53 1.00 1.00 0.95 0.06 0.00 0.00 0.00 0.64 1.00 1.00 0.95 
 0.61 1.00 1.00 0.93 0.04 0.00 0.00 0.00 0.72 1.00 1.00 0.88 0.00 0.00 0.00 0.00 0.83 1.00 1.00 0.79 
 0.77 1.00 1.00 0.84 0.00 0.00 0.00 0.02 0.88 1.00 1.00 0.73 0.00 0.00 0.00 0.09 0.98 1.00 1.00 0.62 
 0.83 0.89 0.89 0.62 0.00 0.00 0.00 0.10 0.89 0.89 0.89 0.52 0.00 0.00 0.00 0.14 0.89 0.89 0.89 0.42 
 0.00 0.00 0.00 0.00 0.00 0.00 0.00 0.00 0.00 0.00 0.00 0.00 0.00 0.00 0.00 0.00 0.00 0.00 0.00 0.00 
 