0.00 0.00 0.00 0.00 0.00 0.00 0.00 0.00 0.00 0.00 0.00 0.00 0.00 0.00 0.00 0.00 0.00 0.00 0.00 0.00 
 0.00 0.00 0.00 0.00 0.00 0.00 0.00 0.00 0.00 0.00 0.00 0.00 0.00 0.00 0.00 0.00 0.00 0.00 0.00 0.00 
 0.00 0.00 0.00 0.00 0.00 0.00 0.00 0.00 0.00 0.00 0.00 0.00 0.00 0.00 0.00 0.00 0.00 0.00 0.00 0.00 
 0.41 0.56 0.51 0.07 0.00 0.21 0.62 0.78 0.77 0.58 0.21 0.00 0.00 0.02 0.27 0.65 0.78 0.77 0.55 0.14 
 1.00 1.00 1.00 0.36 0.51 0.99 1.00 1.00 1.00 1.00 0.98 0.35 0.05 0.62 1.00 1.00 1.00 1.00 1.00 0.95 
 1.00 1.00 1.00 0.87 1.00 1.00 1.00 1.00 1.00 1.00 1.00 0.93 0.76 1.00 1.00 1.00 1.00 1.00 1.00 1.00 
 1.00 1.00 1.00 1.00 1.00 0.88 0.57 0.67 0.99 1.00 1.00 1.00 1.00 1.00 0.83 0.56 0.72 1.00 1.00 1.00 
 1.00 1.00 1.00 1.00 0.74 0.07 0.00 0.00 0.56 1.00 1.00 1.00 1.00 0.64 0.04 0.00 0.02 0.69 1.00 1.00 
 1.00 1.00 1.00 0.93 0.07 0.00 0.00 0.00 0.20 1.00 1.00 1.00 0.80 0.03 0.00 0.00 0.00 0.33 1.00 1.00 
 1.00 1.00 1.00 0.89 0.00 0.00 0.00 0.00 0.11 1.00 1.00 1.00 0.67 0.00 0.00 0.00 0.00 0.22 1.00 1.00 
 1.00 1.00 1.00 0.89 0.00 0.00 0.00 0.00 0.11 1.00 1.00 1.00 0.67 0.00 0.00 0.00 0.00 0.22 1.00 1.00 
 1.00 1.00 1.00 0.89 0.00 0.00 0.00 0.00 0.11 1.00 1.00 1.00 0.67 0.00 0.00 0.00 0.00 0.22 1.00 1.00 
 1.00 1.00 1.00 0.89 0.00 0.00 0.00 0.00 0.11 1.00 1.00 1.00 0.67 0.00 0.00 0.00 0.00 0.22 1.00 1.00 
 1.00 1.00 1.00 0.89 0.00 0.00 0.00 0.00 0.11 1.00 1.00 1.00 0.67 0.00 0.00 0.00 0.00 0.22 1.00 1.00 
 1.00 1.00 1.00 0.89 0.00 0.00 0.00 0.00 0.11 1.00 1.00 1.00 0.67 0.00 0.00 0.00 0.00 0.22 1.00 1.00 
 1.00 1.00 1.00 0.89 0.00 0.00 0.00 0.00 0.11 1.00 1.00 1.00 0.67 0.00 0.00 0.00 0.00 0.22 1.00 1.00 
 1.00 1.00 1.00 0.89 0.00 0.00 0.00 0.00 0.11 1.00 1.00 1.00 0.67 0.00 0.00 0.00 0.00 0.22 1.00 1.00 
 0.94 1.00 1.00 0.83 0.00 0.00 0.00 0.00 0.10 0.96 1.00 1.00 0.63 0.00 0.00 0.00 0.00 0.20 0.98 1.00 
 0.07 0.22 0.20 0.05 0.00 0.00 0.00 0.00 0.00 0.09 0.22 0.19 0.04 0.00 0.00 0.00 0.00 0.00 0.11 0.22 
 0.00 0.00 0.00 0.00 0.00 0.00 0.00 0.00 0.00 0.00 0.00 0.00 0.00 0.00 0.00 0.00 0.00 0.00 0.00 0.00 
 