0.00 0.00 0.00 0.00 0.00 0.00 0.00 0.00 0.00 0.00 0.00 0.00 0.00 0.00 0.00 0.00 0.00 0.00 0.00 0.00 
 0.00 0.00 0.00 0.00 0.00 0.00 0.00 0.00 0.00 0.00 0.00 0.00 0.00 0.00 0.00 0.00 0.00 0.00 0.00 0.00 
 0.00 0.00 0.00 0.00 0.00 0.00 0.00 0.00 0.00 0.00 0.00 0.00 0.00 0.00 0.00 0.00 0.00 0.00 0.00 0.00 
 0.00 0.00 0.13 0.18 0.37 0.55 0.23 0.00 0.00 0.16 0.57 0.69 0.35 0.00 0.00 0.00 0.02 0.29 0.65 0.65 
 0.04 0.55 0.72 0.98 1.00 0.94 0.08 0.00 0.35 0.96 1.00 1.00 0.96 0.16 0.00 0.02 0.55 1.00 1.00 1.00 
 0.00 0.00 0.00 0.65 1.00 0.78 0.00 0.35 0.76 0.27 0.47 1.00 1.00 0.27 0.02 0.55 0.67 0.21 0.84 1.00 
 0.00 0.00 0.04 0.86 1.00 0.49 0.25 0.76 0.06 0.00 0.37 1.00 0.92 0.06 0.37 0.65 0.02 0.00 0.76 1.00 
 0.00 0.00 0.18 1.00 0.98 0.29 0.72 0.13 0.00 0.00 0.59 1.00 0.78 0.16 0.67 0.02 0.00 0.11 0.96 1.00 
 0.00 0.00 0.43 1.00 0.84 0.49 0.27 0.00 0.00 0.04 0.88 1.00 0.53 0.62 0.11 0.00 0.00 0.27 1.00 1.00 
 0.00 0.00 0.72 1.00 0.82 0.55 0.00 0.00 0.00 0.18 1.00 1.00 0.55 0.37 0.00 0.00 0.00 0.55 1.00 0.86 
 0.00 0.11 0.96 1.00 0.84 0.06 0.00 0.00 0.00 0.43 1.00 0.94 0.62 0.00 0.00 0.00 0.02 0.84 1.00 0.59 
 0.00 0.27 1.00 1.00 0.45 0.00 0.00 0.00 0.00 0.72 1.00 0.98 0.25 0.00 0.00 0.00 0.16 1.00 1.00 0.31 
 0.00 0.55 1.00 0.90 0.04 0.00 0.00 0.00 0.11 0.96 1.00 0.74 0.00 0.00 0.00 0.00 0.39 1.00 0.90 0.04 
 0.02 0.84 1.00 0.65 0.00 0.00 0.00 0.00 0.29 1.00 1.00 0.35 0.00 0.00 0.00 0.00 0.67 1.00 0.74 0.00 
 0.16 1.00 1.00 0.31 0.00 0.00 0.00 0.00 0.57 1.00 0.86 0.02 0.00 0.00 0.00 0.08 0.94 1.00 0.47 0.00 
 0.41 1.00 0.90 0.04 0.00 0.00 0.00 0.02 0.84 1.00 0.62 0.00 0.00 0.00 0.00 0.18 1.00 1.00 0.27 0.45 
 0.69 1.00 0.65 0.00 0.00 0.00 0.00 0.16 1.00 1.00 0.29 0.00 0.00 0.00 0.00 0.29 1.00 1.00 0.90 0.55 
 0.53 0.57 0.23 0.00 0.00 0.00 0.00 0.21 0.57 0.51 0.02 0.00 0.00 0.00 0.00 0.15 0.84 0.84 0.41 0.00 
 0.00 0.00 0.00 0.00 0.00 0.00 0.00 0.00 0.00 0.00 0.00 0.00 0.00 0.00 0.00 0.00 0.00 0.00 0.00 0.00 
 0.00 0.00 0.00 0.00 0.00 0.00 0.00 0.00 0.00 0.00 0.00 0.00 0.00 0.00 0.00 0.00 0.00 0.00 0.00 0.00 
 