0.00 0.00 0.00 0.00 0.00 0.00 0.00 0.00 0.00 0.00 0.00 0.00 0.00 0.00 0.00 0.00 0.00 0.00 0.00 0.00 
 0.00 0.00 0.00 0.00 0.00 0.00 0.00 0.00 0.00 0.00 0.00 0.00 0.00 0.00 0.00 0.00 0.00 0.00 0.00 0.00 
 0.62 0.58 0.58 0.61 0.33 0.00 0.00 0.00 0.00 0.00 0.00 0.00 0.00 0.00 0.00 0.00 0.43 0.60 0.58 0.58 
 0.08 0.22 0.94 1.00 0.84 0.01 0.00 0.00 0.00 0.00 0.00 0.00 0.00 0.00 0.00 0.07 0.94 1.00 0.96 0.24 
 0.00 0.00 0.82 1.00 1.00 0.33 0.00 0.00 0.00 0.00 0.00 0.00 0.00 0.00 0.00 0.43 0.97 1.00 0.92 0.00 
 0.00 0.00 0.75 0.79 1.00 0.79 0.01 0.00 0.00 0.00 0.00 0.00 0.00 0.00 0.03 0.85 0.61 1.00 0.85 0.00 
 0.00 0.00 0.75 0.36 0.97 1.00 0.29 0.00 0.00 0.00 0.00 0.00 0.00 0.00 0.33 0.79 0.33 1.00 0.84 0.00 
 0.00 0.00 0.75 0.25 0.58 1.00 0.75 0.00 0.00 0.00 0.00 0.00 0.00 0.02 0.81 0.33 0.33 1.00 0.84 0.00 
 0.00 0.00 0.75 0.25 0.13 0.98 1.00 0.25 0.00 0.00 0.00 0.00 0.00 0.29 0.83 0.01 0.33 1.00 0.84 0.00 
 0.00 0.00 0.75 0.25 0.00 0.62 1.00 0.75 0.00 0.00 0.00 0.00 0.01 0.75 0.37 0.00 0.33 1.00 0.84 0.00 
 0.00 0.00 0.75 0.25 0.00 0.17 1.00 1.00 0.25 0.00 0.00 0.00 0.24 0.87 0.02 0.00 0.33 1.00 0.84 0.00 
 0.00 0.00 0.75 0.25 0.00 0.00 0.67 1.00 0.71 0.00 0.00 0.01 0.72 0.42 0.00 0.00 0.33 1.00 0.84 0.00 
 0.00 0.00 0.75 0.25 0.00 0.00 0.20 1.00 0.99 0.22 0.00 0.20 0.90 0.04 0.00 0.00 0.33 1.00 0.84 0.00 
 0.00 0.00 0.75 0.25 0.00 0.00 0.00 0.70 1.00 0.71 0.00 0.66 0.47 0.00 0.00 0.00 0.33 1.00 0.84 0.00 
 0.00 0.00 0.75 0.25 0.00 0.00 0.00 0.24 1.00 0.99 0.38 0.91 0.06 0.00 0.00 0.00 0.33 1.00 0.84 0.00 
 0.00 0.00 0.76 0.25 0.00 0.00 0.00 0.01 0.75 1.00 0.98 0.56 0.00 0.00 0.00 0.00 0.36 1.00 0.84 0.00 
 0.00 0.00 0.84 0.32 0.00 0.00 0.00 0.00 0.28 1.00 0.97 0.13 0.00 0.00 0.00 0.00 0.42 1.00 0.92 0.00 
 0.24 0.38 0.96 0.67 0.29 0.12 0.00 0.00 0.02 0.82 0.68 0.00 0.00 0.00 0.14 0.31 0.75 1.00 0.97 0.41 
 0.49 0.44 0.42 0.42 0.47 0.24 0.00 0.00 0.00 0.33 0.24 0.00 0.00 0.00 0.29 0.48 0.42 0.42 0.42 0.43 
 0.00 0.00 0.00 0.00 0.00 0.00 0.00 0.00 0.00 0.00 0.00 0.00 0.00 0.00 0.00 0.00 0.00 0.00 0.00 0.00 
 