0.00 0.00 0.00 0.00 0.00 0.00 0.00 0.00 0.00 0.00 0.00 0.00 0.00 0.00 0.00 0.00 0.00 0.00 0.00 0.00 
 0.00 0.00 0.00 0.00 0.00 0.00 0.00 0.00 0.00 0.00 0.00 0.00 0.00 0.00 0.00 0.00 0.00 0.00 0.00 0.00 
 0.00 0.00 0.00 0.00 0.00 0.00 0.00 0.00 0.00 0.00 0.00 0.00 0.00 0.00 0.00 0.00 0.00 0.00 0.00 0.00 
 0.00 0.00 0.00 0.02 0.13 0.24 0.38 0.06 0.00 0.02 0.19 0.38 0.19 0.00 0.00 0.00 0.02 0.24 0.36 0.08 
 0.00 0.19 0.64 0.88 1.00 1.00 0.88 0.02 0.05 0.56 1.00 1.00 0.96 0.14 0.00 0.05 0.64 1.00 1.00 0.80 
 0.00 0.00 0.19 1.00 1.00 1.00 0.64 0.02 0.61 1.00 1.00 1.00 1.00 0.36 0.05 0.67 1.00 1.00 1.00 1.00 
 0.00 0.00 0.17 1.00 1.00 1.00 0.36 0.45 0.66 0.50 1.00 1.00 0.99 0.19 0.56 0.47 0.72 1.00 1.00 0.91 
 0.00 0.00 0.42 1.00 1.00 0.94 0.30 0.66 0.02 0.58 1.00 1.00 0.86 0.30 0.47 0.02 0.85 1.00 1.00 0.67 
 0.00 0.00 0.72 1.00 1.00 0.83 0.66 0.05 0.03 0.88 1.00 1.00 0.75 0.60 0.00 0.16 1.00 1.00 1.00 0.39 
 0.00 0.09 0.97 1.00 1.00 0.93 0.25 0.00 0.19 1.00 1.00 1.00 0.88 0.13 0.00 0.44 1.00 1.00 0.96 0.09 
 0.00 0.30 1.00 1.00 1.00 0.64 0.00 0.00 0.45 1.00 1.00 1.00 0.44 0.00 0.00 0.72 1.00 1.00 0.78 0.00 
 0.00 0.60 1.00 1.00 0.94 0.14 0.00 0.00 0.74 1.00 1.00 0.85 0.02 0.00 0.09 0.97 1.00 1.00 0.49 0.00 
 0.03 0.88 1.00 1.00 0.61 0.00 0.00 0.09 0.97 1.00 1.00 0.52 0.00 0.00 0.30 1.00 1.00 0.99 0.19 0.06 
 0.19 1.00 1.00 1.00 0.31 0.00 0.00 0.31 1.00 1.00 0.99 0.20 0.00 0.00 0.60 1.00 1.00 0.86 0.06 0.69 
 0.47 1.00 1.00 0.93 0.05 0.00 0.00 0.60 1.00 1.00 0.86 0.00 0.00 0.00 0.82 1.00 1.00 0.89 0.67 0.28 
 0.75 1.00 1.00 0.75 0.00 0.00 0.03 0.88 1.00 1.00 0.63 0.00 0.00 0.00 0.67 1.00 1.00 0.93 0.33 0.00 
 0.36 0.38 0.38 0.20 0.00 0.00 0.05 0.38 0.38 0.38 0.16 0.00 0.00 0.00 0.05 0.44 0.42 0.09 0.00 0.00 
 0.00 0.00 0.00 0.00 0.00 0.00 0.00 0.00 0.00 0.00 0.00 0.00 0.00 0.00 0.00 0.00 0.00 0.00 0.00 0.00 
 0.00 0.00 0.00 0.00 0.00 0.00 0.00 0.00 0.00 0.00 0.00 0.00 0.00 0.00 0.00 0.00 0.00 0.00 0.00 0.00 
 0.00 0.00 0.00 0.00 0.00 0.00 0.00 0.00 0.00 0.00 0.00 0.00 0.00 0.00 0.00 0.00 0.00 0.00 0.00 0.00 
 