0.00 0.00 0.00 0.00 0.00 0.00 0.00 0.00 0.00 0.00 0.00 0.00 0.00 0.00 0.00 0.00 0.00 0.00 0.00 0.00 
 0.00 0.00 0.00 0.00 0.00 0.00 0.00 0.00 0.00 0.00 0.00 0.00 0.00 0.00 0.00 0.00 0.00 0.00 0.00 0.00 
 0.00 0.00 0.00 0.00 0.00 0.00 0.00 0.00 0.00 0.00 0.00 0.00 0.00 0.00 0.00 0.00 0.00 0.00 0.00 0.00 
 0.00 0.00 0.00 0.00 0.00 0.00 0.00 0.00 0.00 0.00 0.00 0.00 0.00 0.00 0.00 0.00 0.00 0.00 0.00 0.00 
 0.38 0.38 0.38 0.38 0.38 0.09 0.06 0.42 0.69 0.74 0.55 0.14 0.00 0.00 0.13 0.52 0.74 0.71 0.41 0.03 
 0.28 0.91 1.00 1.00 1.00 0.38 0.80 0.94 1.00 1.00 1.00 0.89 0.13 0.33 0.93 0.96 1.00 1.00 1.00 0.58 
 0.00 0.66 1.00 1.00 1.00 0.93 0.44 0.06 0.49 1.00 1.00 1.00 0.82 0.85 0.25 0.13 0.85 1.00 1.00 0.99 
 0.00 0.63 1.00 1.00 1.00 0.50 0.00 0.00 0.13 1.00 1.00 1.00 0.94 0.16 0.00 0.00 0.56 1.00 1.00 1.00 
 0.00 0.63 1.00 1.00 1.00 0.25 0.00 0.00 0.13 1.00 1.00 1.00 0.88 0.00 0.00 0.00 0.50 1.00 1.00 1.00 
 0.00 0.63 1.00 1.00 1.00 0.25 0.00 0.00 0.13 1.00 1.00 1.00 0.88 0.00 0.00 0.00 0.50 1.00 1.00 1.00 
 0.00 0.63 1.00 1.00 1.00 0.25 0.00 0.00 0.13 1.00 1.00 1.00 0.88 0.00 0.00 0.00 0.50 1.00 1.00 1.00 
 0.00 0.63 1.00 1.00 1.00 0.25 0.00 0.00 0.13 1.00 1.00 1.00 0.88 0.00 0.00 0.00 0.50 1.00 1.00 1.00 
 0.00 0.63 1.00 1.00 1.00 0.25 0.00 0.00 0.13 1.00 1.00 1.00 0.88 0.00 0.00 0.00 0.50 1.00 1.00 1.00 
 0.00 0.63 1.00 1.00 1.00 0.25 0.00 0.00 0.13 1.00 1.00 1.00 0.88 0.00 0.00 0.00 0.50 1.00 1.00 1.00 
 0.00 0.63 1.00 1.00 1.00 0.25 0.00 0.00 0.13 1.00 1.00 1.00 0.88 0.00 0.00 0.00 0.50 1.00 1.00 1.00 
 0.00 0.64 1.00 1.00 1.00 0.28 0.00 0.00 0.13 1.00 1.00 1.00 0.88 0.00 0.00 0.00 0.53 1.00 1.00 1.00 
 0.17 0.88 1.00 1.00 1.00 0.61 0.08 0.05 0.39 1.00 1.00 1.00 0.96 0.28 0.05 0.16 0.83 1.00 1.00 1.00 
 0.50 0.50 0.50 0.50 0.50 0.50 0.31 0.19 0.50 0.50 0.50 0.50 0.50 0.50 0.19 0.44 0.50 0.50 0.50 0.50 
 0.00 0.00 0.00 0.00 0.00 0.00 0.00 0.00 0.00 0.00 0.00 0.00 0.00 0.00 0.00 0.00 0.00 0.00 0.00 0.00 
 0.00 0.00 0.00 0.00 0.00 0.00 0.00 0.00 0.00 0.00 0.00 0.00 0.00 0.00 0.00 0.00 0.00 0.00 0.00 0.00 
 