0.55 0.88 0.88 0.88 0.71 0.00 0.00 0.00 0.00 0.00 0.00 0.00 0.00 0.00 0.00 0.52 0.88 0.88 0.88 0.77 
 0.27 0.50 0.94 0.83 0.99 0.25 0.00 0.00 0.00 0.00 0.00 0.00 0.00 0.00 0.09 0.94 0.82 1.00 0.56 0.39 
 0.00 0.00 0.88 0.53 0.80 0.69 0.00 0.00 0.00 0.00 0.00 0.00 0.00 0.00 0.44 0.94 0.35 1.00 0.13 0.00 
 0.00 0.00 0.88 0.50 0.36 0.96 0.14 0.00 0.00 0.00 0.00 0.00 0.00 0.05 0.86 0.63 0.25 1.00 0.13 0.00 
 0.00 0.00 0.88 0.50 0.06 0.89 0.60 0.00 0.00 0.00 0.00 0.00 0.00 0.31 0.97 0.19 0.25 1.00 0.13 0.00 
 0.00 0.00 0.88 0.50 0.00 0.47 0.93 0.06 0.00 0.00 0.00 0.00 0.02 0.75 0.74 0.00 0.25 1.00 0.13 0.00 
 0.00 0.00 0.88 0.50 0.00 0.11 0.96 0.49 0.00 0.00 0.00 0.00 0.22 1.00 0.31 0.00 0.25 1.00 0.13 0.00 
 0.00 0.00 0.88 0.50 0.00 0.00 0.56 0.86 0.02 0.00 0.00 0.00 0.63 0.83 0.02 0.00 0.25 1.00 0.13 0.00 
 0.00 0.00 0.88 0.50 0.00 0.00 0.17 0.99 0.38 0.00 0.00 0.13 0.97 0.44 0.00 0.00 0.25 1.00 0.13 0.00 
 0.00 0.00 0.88 0.50 0.00 0.00 0.00 0.67 0.78 0.00 0.00 0.50 0.91 0.06 0.00 0.00 0.25 1.00 0.13 0.00 
 0.00 0.00 0.88 0.50 0.00 0.00 0.00 0.25 0.99 0.25 0.06 0.91 0.56 0.00 0.00 0.00 0.25 1.00 0.13 0.00 
 0.00 0.00 0.88 0.50 0.00 0.00 0.00 0.02 0.78 0.69 0.38 0.96 0.14 0.00 0.00 0.00 0.25 1.00 0.13 0.00 
 0.00 0.00 0.88 0.50 0.00 0.00 0.00 0.00 0.35 0.96 0.86 0.69 0.00 0.00 0.00 0.00 0.25 1.00 0.13 0.00 
 0.00 0.00 0.88 0.50 0.00 0.00 0.00 0.00 0.05 0.88 0.99 0.25 0.00 0.00 0.00 0.00 0.25 1.00 0.13 0.00 
 0.00 0.00 0.88 0.50 0.00 0.00 0.00 0.00 0.00 0.08 0.11 0.00 0.00 0.00 0.00 0.00 0.25 1.00 0.13 0.00 
 0.00 0.00 0.88 0.50 0.00 0.00 0.00 0.00 0.00 0.00 0.00 0.00 0.00 0.00 0.00 0.00 0.25 1.00 0.13 0.00 
 0.00 0.00 0.88 0.50 0.00 0.00 0.00 0.00 0.00 0.00 0.00 0.00 0.00 0.00 0.00 0.00 0.25 1.00 0.13 0.00 
 0.00 0.00 0.88 0.50 0.00 0.00 0.00 0.00 0.00 0.00 0.00 0.00 0.00 0.00 0.00 0.00 0.25 1.00 0.13 0.00 
 0.17 0.25 0.91 0.63 0.25 0.25 0.19 0.00 0.00 0.00 0.00 0.00 0.00 0.14 0.25 0.25 0.44 1.00 0.35 0.22 
 0.93 1.00 1.00 1.00 1.00 1.00 0.94 0.06 0.00 0.00 0.00 0.00 0.00 0.80 1.00 1.00 1.00 1.00 1.00 1.00 
 