0.00 0.00 0.00 0.00 0.00 0.00 0.00 0.00 0.00 0.00 0.00 0.00 0.00 0.00 0.00 0.00 0.00 0.00 0.00 0.00 
 0.00 0.00 0.00 0.00 0.00 0.00 0.00 0.00 0.00 0.00 0.00 0.00 0.00 0.00 0.00 0.00 0.00 0.00 0.00 0.00 
 0.00 0.00 0.00 0.00 0.00 0.00 0.00 0.00 0.00 0.00 0.00 0.00 0.00 0.00 0.00 0.00 0.00 0.00 0.00 0.00 
 0.60 0.60 0.60 0.30 0.01 0.22 0.59 0.77 0.78 0.60 0.21 0.00 0.00 0.04 0.38 0.69 0.80 0.73 0.48 0.10 
 1.00 1.00 1.00 0.53 0.58 1.00 1.00 1.00 1.00 1.00 0.98 0.40 0.12 0.78 1.00 1.00 1.00 1.00 1.00 0.90 
 1.00 1.00 1.00 0.94 1.00 1.00 1.00 1.00 1.00 1.00 1.00 0.97 0.85 1.00 1.00 1.00 1.00 1.00 1.00 1.00 
 1.00 1.00 1.00 1.00 0.95 0.41 0.12 0.24 0.89 1.00 1.00 1.00 1.00 0.84 0.29 0.11 0.45 0.99 1.00 1.00 
 1.00 1.00 1.00 1.00 0.41 0.00 0.00 0.00 0.47 1.00 1.00 1.00 0.97 0.17 0.00 0.00 0.00 0.78 1.00 1.00 
 1.00 1.00 1.00 0.96 0.07 0.00 0.00 0.00 0.33 1.00 1.00 1.00 0.79 0.00 0.00 0.00 0.00 0.64 1.00 1.00 
 1.00 1.00 1.00 0.90 0.00 0.00 0.00 0.00 0.30 1.00 1.00 1.00 0.65 0.00 0.00 0.00 0.00 0.60 1.00 1.00 
 1.00 1.00 1.00 0.90 0.00 0.00 0.00 0.00 0.30 1.00 1.00 1.00 0.60 0.00 0.00 0.00 0.00 0.60 1.00 1.00 
 1.00 1.00 1.00 0.90 0.00 0.00 0.00 0.00 0.30 1.00 1.00 1.00 0.60 0.00 0.00 0.00 0.00 0.60 1.00 1.00 
 1.00 1.00 1.00 0.90 0.00 0.00 0.00 0.00 0.30 1.00 1.00 1.00 0.60 0.00 0.00 0.00 0.00 0.60 1.00 1.00 
 1.00 1.00 1.00 0.90 0.00 0.00 0.00 0.00 0.30 1.00 1.00 1.00 0.60 0.00 0.00 0.00 0.00 0.60 1.00 1.00 
 1.00 1.00 1.00 0.90 0.00 0.00 0.00 0.00 0.30 1.00 1.00 1.00 0.60 0.00 0.00 0.00 0.00 0.60 1.00 1.00 
 1.00 1.00 1.00 0.90 0.00 0.00 0.00 0.00 0.30 1.00 1.00 1.00 0.60 0.00 0.00 0.00 0.00 0.60 1.00 1.00 
 1.00 1.00 1.00 0.90 0.00 0.00 0.00 0.00 0.30 1.00 1.00 1.00 0.60 0.00 0.00 0.00 0.00 0.60 1.00 1.00 
 0.90 0.90 0.90 0.81 0.00 0.00 0.00 0.00 0.27 0.90 0.90 0.90 0.54 0.00 0.00 0.00 0.00 0.54 0.90 0.90 
 0.00 0.00 0.00 0.00 0.00 0.00 0.00 0.00 0.00 0.00 0.00 0.00 0.00 0.00 0.00 0.00 0.00 0.00 0.00 0.00 
 0.00 0.00 0.00 0.00 0.00 0.00 0.00 0.00 0.00 0.00 0.00 0.00 0.00 0.00 0.00 0.00 0.00 0.00 0.00 0.00 
 