0.00 0.00 0.00 0.00 0.00 0.00 0.00 0.00 0.00 0.00 0.00 0.00 0.00 0.00 0.00 0.00 0.00 0.00 0.00 0.00 
 0.00 0.00 0.00 0.00 0.00 0.00 0.00 0.00 0.00 0.00 0.00 0.00 0.00 0.00 0.00 0.00 0.00 0.00 0.00 0.00 
 0.48 0.55 0.55 0.55 0.50 0.01 0.00 0.00 0.00 0.00 0.00 0.00 0.00 0.00 0.00 0.00 0.13 0.55 0.55 0.55 
 0.03 0.31 0.97 1.00 1.00 0.30 0.00 0.00 0.00 0.00 0.00 0.00 0.00 0.00 0.00 0.00 0.57 1.00 1.00 0.70 
 0.00 0.00 0.71 1.00 1.00 0.75 0.00 0.00 0.00 0.00 0.00 0.00 0.00 0.00 0.00 0.09 0.95 1.00 1.00 0.32 
 0.00 0.00 0.64 0.80 1.00 0.99 0.22 0.00 0.00 0.00 0.00 0.00 0.00 0.00 0.00 0.48 0.80 1.00 1.00 0.27 
 0.00 0.00 0.64 0.43 0.93 1.00 0.70 0.00 0.00 0.00 0.00 0.00 0.00 0.00 0.05 0.89 0.34 1.00 1.00 0.27 
 0.00 0.00 0.64 0.36 0.52 1.00 0.98 0.17 0.00 0.00 0.00 0.00 0.00 0.00 0.39 0.78 0.09 1.00 1.00 0.27 
 0.00 0.00 0.64 0.36 0.11 0.97 1.00 0.62 0.00 0.00 0.00 0.00 0.00 0.03 0.84 0.34 0.09 1.00 1.00 0.27 
 0.00 0.00 0.64 0.36 0.00 0.60 1.00 0.96 0.11 0.00 0.00 0.00 0.00 0.30 0.84 0.01 0.09 1.00 1.00 0.27 
 0.00 0.00 0.64 0.36 0.00 0.16 0.99 1.00 0.55 0.00 0.00 0.00 0.01 0.75 0.41 0.00 0.09 1.00 1.00 0.27 
 0.00 0.00 0.64 0.36 0.00 0.00 0.66 1.00 0.93 0.06 0.00 0.00 0.22 0.89 0.04 0.00 0.09 1.00 1.00 0.27 
 0.00 0.00 0.64 0.36 0.00 0.00 0.22 0.99 1.00 0.47 0.00 0.00 0.66 0.48 0.00 0.00 0.09 1.00 1.00 0.27 
 0.00 0.00 0.64 0.36 0.00 0.00 0.00 0.74 1.00 0.89 0.04 0.15 0.91 0.07 0.00 0.00 0.09 1.00 1.00 0.27 
 0.00 0.00 0.64 0.36 0.00 0.00 0.00 0.27 1.00 1.00 0.39 0.57 0.56 0.00 0.00 0.00 0.09 1.00 1.00 0.27 
 0.00 0.00 0.64 0.36 0.00 0.00 0.00 0.02 0.80 1.00 0.88 0.91 0.12 0.00 0.00 0.00 0.09 1.00 1.00 0.27 
 0.00 0.00 0.64 0.36 0.00 0.00 0.00 0.00 0.34 1.00 1.00 0.63 0.00 0.00 0.00 0.00 0.09 1.00 1.00 0.27 
 0.00 0.00 0.74 0.45 0.00 0.00 0.00 0.00 0.04 0.87 0.98 0.17 0.00 0.00 0.00 0.00 0.20 1.00 1.00 0.37 
 0.27 0.47 0.98 0.88 0.36 0.20 0.00 0.00 0.00 0.42 0.71 0.00 0.00 0.00 0.15 0.32 0.76 1.00 1.00 0.84 
 0.27 0.27 0.27 0.27 0.27 0.20 0.00 0.00 0.00 0.04 0.12 0.00 0.00 0.00 0.15 0.27 0.27 0.27 0.27 0.27 
 