0.00 0.00 0.00 0.00 0.00 0.00 0.00 0.00 0.00 0.00 0.00 0.00 0.00 0.00 0.00 0.00 0.00 0.00 0.00 0.00 
 0.65 0.82 0.91 0.91 0.49 0.00 0.00 0.00 0.00 0.00 0.00 0.00 0.00 0.00 0.00 0.04 0.81 0.91 0.90 0.74 
 0.00 0.07 0.87 0.80 0.86 0.01 0.00 0.00 0.00 0.00 0.00 0.00 0.00 0.00 0.00 0.28 0.54 1.00 0.66 0.00 
 0.00 0.00 0.73 0.39 1.00 0.27 0.00 0.00 0.00 0.00 0.00 0.00 0.00 0.00 0.00 0.60 0.18 1.00 0.55 0.00 
 0.00 0.00 0.73 0.07 0.96 0.64 0.00 0.00 0.00 0.00 0.00 0.00 0.00 0.00 0.07 0.66 0.09 1.00 0.55 0.00 
 0.00 0.00 0.73 0.00 0.65 0.94 0.05 0.00 0.00 0.00 0.00 0.00 0.00 0.00 0.39 0.33 0.09 1.00 0.55 0.00 
 0.00 0.00 0.73 0.00 0.27 1.00 0.38 0.00 0.00 0.00 0.00 0.00 0.00 0.01 0.66 0.03 0.09 1.00 0.55 0.00 
 0.00 0.00 0.73 0.00 0.04 0.89 0.75 0.00 0.00 0.00 0.00 0.00 0.00 0.17 0.58 0.00 0.09 1.00 0.55 0.00 
 0.00 0.00 0.73 0.00 0.00 0.51 0.98 0.14 0.00 0.00 0.00 0.00 0.00 0.50 0.21 0.00 0.09 1.00 0.55 0.00 
 0.00 0.00 0.73 0.00 0.00 0.16 0.99 0.51 0.00 0.00 0.00 0.00 0.03 0.69 0.00 0.00 0.09 1.00 0.55 0.00 
 0.00 0.00 0.73 0.00 0.00 0.00 0.76 0.86 0.01 0.00 0.00 0.00 0.25 0.47 0.00 0.00 0.09 1.00 0.55 0.00 
 0.00 0.00 0.73 0.00 0.00 0.00 0.39 1.00 0.25 0.00 0.00 0.00 0.58 0.11 0.00 0.00 0.09 1.00 0.55 0.00 
 0.00 0.00 0.73 0.00 0.00 0.00 0.07 0.96 0.62 0.00 0.00 0.06 0.66 0.00 0.00 0.00 0.09 1.00 0.55 0.00 
 0.00 0.00 0.73 0.00 0.00 0.00 0.00 0.65 0.93 0.04 0.00 0.35 0.35 0.00 0.00 0.00 0.09 1.00 0.55 0.00 
 0.00 0.00 0.73 0.00 0.00 0.00 0.00 0.27 1.00 0.37 0.00 0.63 0.04 0.00 0.00 0.00 0.09 1.00 0.55 0.00 
 0.00 0.00 0.73 0.00 0.00 0.00 0.00 0.04 0.89 0.75 0.12 0.57 0.00 0.00 0.00 0.00 0.09 1.00 0.55 0.00 
 0.00 0.00 0.73 0.00 0.00 0.00 0.00 0.00 0.51 0.98 0.58 0.22 0.00 0.00 0.00 0.00 0.09 1.00 0.55 0.00 
 0.00 0.01 0.78 0.01 0.00 0.00 0.00 0.00 0.16 0.99 0.82 0.00 0.00 0.00 0.00 0.00 0.16 1.00 0.60 0.00 
 0.21 0.50 1.00 0.57 0.22 0.07 0.00 0.00 0.00 0.76 0.48 0.00 0.00 0.00 0.10 0.28 0.75 1.00 0.93 0.38 
 0.45 0.45 0.45 0.45 0.45 0.17 0.00 0.00 0.00 0.29 0.12 0.00 0.00 0.00 0.25 0.45 0.45 0.45 0.45 0.45 
 