0.00 0.00 0.00 0.00 0.00 0.00 0.00 0.60 0.80 0.37 0.00 0.00 0.00 0.00 0.00 0.00 0.00 0.17 0.80 0.80 
 0.00 0.00 0.00 0.00 0.00 0.00 0.13 0.99 1.00 0.61 0.00 0.00 0.00 0.00 0.00 0.00 0.01 0.67 1.00 1.00 
 0.00 0.00 0.00 0.00 0.00 0.00 0.46 1.00 1.00 0.77 0.00 0.00 0.00 0.00 0.00 0.00 0.23 1.00 1.00 1.00 
 0.00 0.00 0.00 0.00 0.00 0.02 0.83 1.00 1.00 0.90 0.00 0.00 0.00 0.00 0.00 0.01 0.71 1.00 1.00 1.00 
 0.00 0.00 0.00 0.00 0.00 0.20 1.00 1.00 1.00 0.98 0.10 0.00 0.00 0.00 0.00 0.23 1.00 1.00 1.00 1.00 
 0.00 0.00 0.00 0.00 0.00 0.57 1.00 1.00 1.00 1.00 0.25 0.00 0.00 0.00 0.01 0.75 1.00 1.00 1.00 1.00 
 0.00 0.00 0.00 0.00 0.05 0.92 1.00 1.00 1.00 1.00 0.42 0.00 0.00 0.00 0.26 1.00 1.00 1.00 1.00 1.00 
 0.00 0.00 0.00 0.00 0.30 1.00 1.00 1.00 1.00 1.00 0.58 0.00 0.00 0.01 0.75 1.00 1.00 1.00 1.00 1.00 
 0.00 0.00 0.00 0.00 0.68 1.00 1.00 1.00 1.00 1.00 0.74 0.00 0.00 0.31 1.00 1.00 1.00 1.00 1.00 1.00 
 0.00 0.00 0.00 0.09 0.97 1.00 1.00 0.86 1.00 1.00 0.88 0.00 0.02 0.80 1.00 1.00 0.90 1.00 1.00 1.00 
 0.00 0.00 0.00 0.41 1.00 1.00 0.97 0.32 1.00 1.00 0.96 0.07 0.31 1.00 1.00 0.99 0.39 1.00 1.00 1.00 
 0.00 0.00 0.01 0.79 1.00 1.00 0.75 0.08 0.98 1.00 1.00 0.26 0.83 1.00 1.00 0.73 0.10 1.00 1.00 1.00 
 0.00 0.00 0.18 1.00 1.00 1.00 0.36 0.00 0.83 1.00 1.00 0.72 1.00 1.00 0.98 0.20 0.10 1.00 1.00 1.00 
 0.00 0.00 0.53 1.00 1.00 0.91 0.04 0.00 0.65 1.00 1.00 1.00 1.00 1.00 0.64 0.00 0.10 1.00 1.00 1.00 
 0.00 0.03 0.88 1.00 1.00 0.60 0.00 0.00 0.47 1.00 1.00 1.00 1.00 0.95 0.12 0.00 0.10 1.00 1.00 1.00 
 0.00 0.27 1.00 1.00 0.99 0.21 0.00 0.00 0.29 1.00 1.00 1.00 1.00 0.54 0.00 0.00 0.10 1.00 1.00 1.00 
 0.00 0.64 1.00 1.00 0.80 0.00 0.00 0.00 0.13 1.00 1.00 1.00 0.91 0.06 0.00 0.00 0.10 1.00 1.00 1.00 
 0.07 0.95 1.00 1.00 0.43 0.00 0.00 0.00 0.04 0.93 1.00 1.00 0.44 0.00 0.00 0.00 0.05 0.95 1.00 1.00 
 0.38 1.00 1.00 0.94 0.08 0.00 0.00 0.00 0.00 0.75 1.00 0.85 0.02 0.00 0.00 0.00 0.00 0.90 1.00 1.00 
 0.74 1.00 1.00 0.67 0.00 0.00 0.00 0.00 0.00 0.58 1.00 0.35 0.00 0.00 0.00 0.00 0.00 0.90 1.00 1.00 
 