0.56 0.79 0.96 0.75 0.00 0.00 0.00 0.00 0.00 0.00 0.00 0.00 0.00 0.00 0.00 0.00 0.68 1.00 0.80 0.58 
 0.00 0.02 0.65 0.99 0.11 0.00 0.00 0.00 0.00 0.00 0.00 0.00 0.00 0.00 0.00 0.09 0.63 1.00 0.02 0.00 
 0.00 0.00 0.40 0.89 0.46 0.00 0.00 0.00 0.00 0.00 0.00 0.00 0.00 0.00 0.00 0.35 0.38 0.99 0.00 0.00 
 0.00 0.00 0.40 0.54 0.81 0.00 0.00 0.00 0.00 0.00 0.00 0.00 0.00 0.00 0.00 0.36 0.36 0.99 0.00 0.00 
 0.00 0.00 0.40 0.18 1.00 0.17 0.00 0.00 0.00 0.00 0.00 0.00 0.00 0.00 0.15 0.22 0.36 0.99 0.00 0.00 
 0.00 0.00 0.40 0.00 0.83 0.53 0.00 0.00 0.00 0.00 0.00 0.00 0.00 0.00 0.36 0.00 0.36 0.99 0.00 0.00 
 0.00 0.00 0.40 0.00 0.47 0.87 0.01 0.00 0.00 0.00 0.00 0.00 0.00 0.00 0.36 0.00 0.36 0.99 0.00 0.00 
 0.00 0.00 0.40 0.00 0.13 1.00 0.24 0.00 0.00 0.00 0.00 0.00 0.00 0.21 0.15 0.00 0.36 0.99 0.00 0.00 
 0.00 0.00 0.40 0.00 0.00 0.76 0.59 0.00 0.00 0.00 0.00 0.00 0.00 0.36 0.00 0.00 0.36 0.99 0.00 0.00 
 0.00 0.00 0.40 0.00 0.00 0.41 0.92 0.02 0.00 0.00 0.00 0.00 0.02 0.35 0.00 0.00 0.36 0.99 0.00 0.00 
 0.00 0.00 0.40 0.00 0.00 0.07 0.98 0.30 0.00 0.00 0.00 0.00 0.26 0.10 0.00 0.00 0.36 0.99 0.00 0.00 
 0.00 0.00 0.40 0.00 0.00 0.00 0.70 0.66 0.00 0.00 0.00 0.00 0.36 0.00 0.00 0.00 0.36 0.99 0.00 0.00 
 0.00 0.00 0.40 0.00 0.00 0.00 0.34 0.96 0.05 0.00 0.00 0.04 0.33 0.00 0.00 0.00 0.36 0.99 0.00 0.00 
 0.00 0.00 0.40 0.00 0.00 0.00 0.04 0.95 0.37 0.00 0.00 0.31 0.06 0.00 0.00 0.00 0.36 0.99 0.00 0.00 
 0.00 0.00 0.40 0.00 0.00 0.00 0.00 0.63 0.72 0.00 0.00 0.36 0.00 0.00 0.00 0.00 0.36 0.99 0.00 0.00 
 0.00 0.00 0.40 0.00 0.00 0.00 0.00 0.27 0.99 0.09 0.07 0.29 0.00 0.00 0.00 0.00 0.36 0.99 0.00 0.00 
 0.00 0.00 0.40 0.00 0.00 0.00 0.00 0.02 0.91 0.44 0.34 0.02 0.00 0.00 0.00 0.00 0.36 0.99 0.00 0.00 
 0.00 0.00 0.40 0.00 0.00 0.00 0.00 0.00 0.56 0.79 0.36 0.00 0.00 0.00 0.00 0.00 0.36 0.99 0.00 0.00 
 0.00 0.19 0.63 0.00 0.00 0.00 0.00 0.00 0.21 1.00 0.24 0.00 0.00 0.00 0.00 0.00 0.38 1.00 0.02 0.00 
 0.56 0.93 1.00 0.75 0.18 0.00 0.00 0.00 0.00 0.73 0.01 0.00 0.00 0.00 0.15 0.65 0.89 1.00 0.77 0.55 
 