-1.00 -1.00 -1.00 -1.00 -1.00 -1.00 -1.00 -1.00 -1.00 -1.00 -1.00 -1.00 -1.00 -1.00 -1.00 -1.00 -1.00 -1.00 -1.00 -1.00 
 -1.00 -1.00 -1.00 -1.00 -1.00 -1.00 -1.00 -1.00 -1.00 -1.00 -1.00 -1.00 -1.00 -1.00 -1.00 -1.00 -1.00 -1.00 -1.00 -1.00 
 -1.00 -1.00 -1.00 -0.82 -0.22 0.29 -1.00 -0.87 -0.00 0.56 0.58 -0.17 -1.00 -1.00 -0.74 0.09 0.55 0.59 -0.11 -0.99 
 -1.00 -0.88 0.06 0.89 1.00 0.53 -0.26 0.54 0.20 0.37 1.00 1.00 -0.53 -0.09 0.51 0.15 0.33 0.99 1.00 -0.44 
 -1.00 -1.00 -1.00 0.22 1.00 0.84 -0.34 -0.99 -1.00 -0.99 0.58 1.00 0.76 -0.29 -1.00 -1.00 -1.00 0.40 1.00 0.06 
 -1.00 -1.00 -1.00 0.38 1.00 0.07 -1.00 -1.00 -1.00 -1.00 0.38 1.00 0.19 -1.00 -1.00 -1.00 -1.00 0.25 1.00 0.12 
 -1.00 -1.00 -1.00 0.71 1.00 -0.27 -1.00 -1.00 -1.00 -1.00 0.61 1.00 -0.16 -1.00 -1.00 -1.00 -1.00 0.50 1.00 -0.07 
 -1.00 -1.00 -0.93 0.98 1.00 -0.60 -1.00 -1.00 -1.00 -0.98 0.92 1.00 -0.49 -1.00 -1.00 -1.00 -0.99 0.83 1.00 -0.39 
 -1.00 -1.00 -0.62 1.00 0.98 -0.92 -1.00 -1.00 -1.00 -0.73 1.00 1.00 -0.83 -1.00 -1.00 -1.00 -0.84 1.00 1.00 -0.72 
 -1.00 -1.00 -0.29 1.00 0.73 -1.00 -1.00 -1.00 -1.00 -0.39 1.00 0.84 -1.00 -1.00 -1.00 -1.00 -0.50 1.00 0.93 -0.98 
 -1.00 -1.00 0.05 1.00 0.40 -1.00 -1.00 -1.00 -1.00 -0.06 1.00 0.51 -1.00 -1.00 -1.00 -1.00 -0.17 1.00 0.62 -1.00 
 -1.00 -1.00 0.39 1.00 0.06 -1.00 -1.00 -1.00 -1.00 0.28 1.00 0.17 -1.00 -1.00 -1.00 -1.00 0.17 1.00 0.28 -1.00 
 -1.00 -0.99 0.76 1.00 -0.26 -1.00 -1.00 -1.00 -1.00 0.65 1.00 -0.07 -1.00 -1.00 -1.00 -1.00 0.55 1.00 -0.03 -1.00 
 -0.76 -0.04 1.00 1.00 0.17 -0.76 -1.00 -0.76 -0.13 1.00 1.00 0.46 -0.70 -0.98 -0.79 -0.19 0.98 1.00 0.39 -0.71 
 -0.40 -0.39 -0.39 -0.39 -0.39 -0.47 -1.00 -0.47 -0.39 -0.39 -0.39 -0.39 -0.39 -0.98 -0.53 -0.39 -0.39 -0.39 -0.39 -0.39 
 -1.00 -1.00 -1.00 -1.00 -1.00 -1.00 -1.00 -1.00 -1.00 -1.00 -1.00 -1.00 -1.00 -1.00 -1.00 -1.00 -1.00 -1.00 -1.00 -1.00 
 -1.00 -1.00 -1.00 -1.00 -1.00 -1.00 -1.00 -1.00 -1.00 -1.00 -1.00 -1.00 -1.00 -1.00 -1.00 -1.00 -1.00 -1.00 -1.00 -1.00 
 -1.00 -1.00 -1.00 -1.00 -1.00 -1.00 -1.00 -1.00 -1.00 -1.00 -1.00 -1.00 -1.00 -1.00 -1.00 -1.00 -1.00 -1.00 -1.00 -1.00 
 -1.00 -1.00 -1.00 -1.00 -1.00 -1.00 -1.00 -1.00 -1.00 -1.00 -1.00 -1.00 -1.00 -1.00 -1.00 -1.00 -1.00 -1.00 -1.00 -1.00 
 -1.00 -1.00 -1.00 -1.00 -1.00 -1.00 -1.00 -1.00 -1.00 -1.00 -1.00 -1.00 -1.00 -1.00 -1.00 -1.00 -1.00 -1.00 -1.00 -1.00 
 