-0.91 -0.81 -0.81 -0.97 -1.00 -0.91 -0.40 -0.25 -0.72 -1.00 -1.00 -1.00 -0.96 -0.47 -0.24 -0.62 -1.00 -1.00 -1.00 -1.00 
 0.80 1.00 1.00 0.25 -0.53 0.82 1.00 1.00 0.98 -0.10 -1.00 -0.71 0.69 1.00 1.00 1.00 0.19 -0.99 -1.00 -1.00 
 0.44 0.76 1.00 0.65 0.88 0.87 0.28 0.43 0.99 0.98 -0.57 0.71 0.95 0.34 0.34 0.95 1.00 -0.33 -1.00 -1.00 
 -1.00 -1.00 0.98 1.00 0.84 -0.74 -1.00 -1.00 -0.07 1.00 0.79 0.96 -0.55 -1.00 -1.00 -0.39 1.00 0.41 -1.00 -1.00 
 -1.00 -1.00 0.98 1.00 -0.12 -1.00 -1.00 -1.00 -0.88 0.98 1.00 0.20 -1.00 -1.00 -1.00 -0.99 0.76 0.83 -1.00 -1.00 
 -1.00 -1.00 0.98 1.00 -0.80 -1.00 -1.00 -1.00 -1.00 0.75 1.00 -0.48 -1.00 -1.00 -1.00 -1.00 0.43 0.99 -0.97 -1.00 
 -1.00 -1.00 0.98 0.79 -1.00 -1.00 -1.00 -1.00 -1.00 0.63 0.99 -0.90 -1.00 -1.00 -1.00 -1.00 0.33 1.00 -0.94 -1.00 
 -1.00 -1.00 0.98 0.55 -1.00 -1.00 -1.00 -1.00 -1.00 0.63 0.87 -1.00 -1.00 -1.00 -1.00 -1.00 0.32 1.00 -0.94 -1.00 
 -1.00 -1.00 0.98 0.45 -1.00 -1.00 -1.00 -1.00 -1.00 0.63 0.76 -1.00 -1.00 -1.00 -1.00 -1.00 0.32 1.00 -0.94 -1.00 
 -1.00 -1.00 0.98 0.44 -1.00 -1.00 -1.00 -1.00 -1.00 0.63 0.76 -1.00 -1.00 -1.00 -1.00 -1.00 0.32 1.00 -0.94 -1.00 
 -1.00 -1.00 0.98 0.44 -1.00 -1.00 -1.00 -1.00 -1.00 0.63 0.76 -1.00 -1.00 -1.00 -1.00 -1.00 0.32 1.00 -0.94 -1.00 
 -1.00 -1.00 0.98 0.44 -1.00 -1.00 -1.00 -1.00 -1.00 0.63 0.76 -1.00 -1.00 -1.00 -1.00 -1.00 0.32 1.00 -0.94 -1.00 
 -1.00 -1.00 0.98 0.44 -1.00 -1.00 -1.00 -1.00 -1.00 0.63 0.76 -1.00 -1.00 -1.00 -1.00 -1.00 0.32 1.00 -0.94 -1.00 
 -1.00 -1.00 0.98 0.44 -1.00 -1.00 -1.00 -1.00 -1.00 0.63 0.76 -1.00 -1.00 -1.00 -1.00 -1.00 0.32 1.00 -0.94 -1.00 
 -1.00 -1.00 0.98 0.44 -1.00 -1.00 -1.00 -1.00 -1.00 0.63 0.76 -1.00 -1.00 -1.00 -1.00 -1.00 0.32 1.00 -0.94 -1.00 
 -1.00 -1.00 0.98 0.44 -1.00 -1.00 -1.00 -1.00 -1.00 0.63 0.76 -1.00 -1.00 -1.00 -1.00 -1.00 0.32 1.00 -0.94 -1.00 
 -1.00 -1.00 0.98 0.44 -1.00 -1.00 -1.00 -1.00 -1.00 0.63 0.76 -1.00 -1.00 -1.00 -1.00 -1.00 0.32 1.00 -0.94 -1.00 
 -0.25 0.04 0.99 0.73 0.04 -0.52 -1.00 -0.42 0.04 0.82 0.88 0.04 -0.36 -1.00 -0.58 0.04 0.67 1.00 0.07 -0.19 
 0.95 1.00 1.00 1.00 1.00 0.43 -1.00 0.63 1.00 1.00 1.00 1.00 0.76 -1.00 0.30 1.00 1.00 1.00 1.00 1.00 
 -0.37 -0.09 -0.09 -0.09 -0.09 -0.61 -1.00 -0.51 -0.09 -0.09 -0.09 -0.09 -0.46 -1.00 -0.66 -0.09 -0.09 -0.09 -0.09 -0.32 
 