0.00 0.00 0.00 0.00 0.00 0.00 0.00 0.00 0.00 0.00 0.00 0.00 0.00 0.00 0.00 0.00 0.00 0.00 0.00 0.00 
 0.00 0.00 0.00 0.00 0.00 0.00 0.00 0.00 0.00 0.00 0.00 0.00 0.00 0.00 0.00 0.00 0.00 0.00 0.00 0.00 
 0.00 0.00 0.00 0.00 0.00 0.00 0.00 0.00 0.00 0.00 0.00 0.00 0.00 0.00 0.00 0.00 0.00 0.00 0.00 0.00 
 0.11 0.18 0.21 0.00 0.02 0.20 0.47 0.56 0.51 0.35 0.09 0.00 0.00 0.00 0.09 0.36 0.55 0.55 0.41 0.16 
 0.94 1.00 0.82 0.11 0.69 1.00 1.00 1.00 1.00 1.00 0.95 0.38 0.03 0.46 0.95 1.00 1.00 1.00 1.00 0.99 
 0.77 1.00 0.95 0.88 0.95 0.72 0.56 0.61 0.84 1.00 1.00 0.96 0.77 1.00 0.84 0.60 0.57 0.74 0.96 1.00 
 0.62 1.00 1.00 0.74 0.13 0.00 0.00 0.00 0.02 0.60 1.00 1.00 0.95 0.45 0.02 0.00 0.00 0.00 0.24 0.96 
 0.51 1.00 1.00 0.13 0.00 0.00 0.00 0.00 0.00 0.15 1.00 1.00 0.57 0.00 0.00 0.00 0.00 0.00 0.00 0.68 
 0.44 1.00 1.00 0.11 0.00 0.00 0.00 0.00 0.00 0.05 0.94 1.00 0.56 0.00 0.00 0.00 0.00 0.00 0.00 0.49 
 0.33 1.00 1.00 0.11 0.00 0.00 0.00 0.00 0.00 0.00 0.89 1.00 0.56 0.00 0.00 0.00 0.00 0.00 0.00 0.45 
 0.33 1.00 1.00 0.11 0.00 0.00 0.00 0.00 0.00 0.00 0.89 1.00 0.56 0.00 0.00 0.00 0.00 0.00 0.00 0.45 
 0.33 1.00 1.00 0.11 0.00 0.00 0.00 0.00 0.00 0.00 0.89 1.00 0.56 0.00 0.00 0.00 0.00 0.00 0.00 0.45 
 0.33 1.00 1.00 0.11 0.00 0.00 0.00 0.00 0.00 0.00 0.89 1.00 0.56 0.00 0.00 0.00 0.00 0.00 0.00 0.45 
 0.40 1.00 1.00 0.11 0.00 0.00 0.00 0.00 0.00 0.10 0.99 1.00 0.56 0.00 0.00 0.00 0.00 0.00 0.00 0.55 
 0.45 1.00 1.00 0.11 0.00 0.00 0.00 0.00 0.00 0.11 1.00 1.00 0.56 0.00 0.00 0.00 0.00 0.00 0.00 0.56 
 0.45 1.00 1.00 0.11 0.00 0.00 0.00 0.00 0.00 0.11 1.00 1.00 0.56 0.00 0.00 0.00 0.00 0.00 0.00 0.58 
 0.55 1.00 1.00 0.11 0.00 0.00 0.00 0.00 0.00 0.11 1.00 1.00 0.56 0.00 0.00 0.00 0.00 0.00 0.00 0.67 
 0.56 1.00 1.00 0.11 0.00 0.00 0.00 0.00 0.00 0.15 1.00 1.00 0.62 0.00 0.00 0.00 0.00 0.00 0.00 0.73 
 0.27 0.45 0.45 0.05 0.00 0.00 0.00 0.00 0.00 0.10 0.45 0.45 0.30 0.00 0.00 0.00 0.00 0.00 0.00 0.35 
 0.00 0.00 0.00 0.00 0.00 0.00 0.00 0.00 0.00 0.00 0.00 0.00 0.00 0.00 0.00 0.00 0.00 0.00 0.00 0.00 
 