0.00 0.00 0.00 0.00 0.00 0.00 0.00 0.00 0.00 0.00 0.00 0.00 0.00 0.00 0.00 0.00 0.00 0.00 0.00 0.00 
 0.00 0.00 0.00 0.00 0.00 0.00 0.00 0.00 0.00 0.00 0.00 0.00 0.00 0.00 0.00 0.00 0.00 0.00 0.00 0.00 
 0.00 0.00 0.00 0.00 0.00 0.00 0.00 0.00 0.00 0.00 0.00 0.00 0.00 0.00 0.00 0.00 0.00 0.00 0.00 0.00 
 0.00 0.00 0.00 0.00 0.00 0.00 0.00 0.00 0.00 0.00 0.00 0.00 0.00 0.00 0.00 0.00 0.00 0.00 0.00 0.00 
 0.00 0.00 0.00 0.00 0.00 0.00 0.00 0.00 0.00 0.00 0.00 0.00 0.00 0.00 0.00 0.00 0.00 0.00 0.00 0.00 
 0.00 0.00 0.13 0.43 0.24 0.00 0.00 0.01 0.18 0.33 0.13 0.00 0.00 0.00 0.00 0.06 0.27 0.28 0.04 0.00 
 0.43 0.76 1.00 1.00 0.42 0.01 0.28 0.79 1.00 1.00 0.97 0.27 0.00 0.10 0.58 0.95 1.00 1.00 0.77 0.02 
 0.53 0.94 1.00 1.00 0.50 0.63 0.70 0.45 0.74 1.00 1.00 0.73 0.39 0.84 0.55 0.49 0.96 1.00 1.00 0.27 
 0.00 0.46 1.00 1.00 0.83 0.22 0.00 0.00 0.11 1.00 1.00 0.98 0.53 0.04 0.00 0.00 0.55 1.00 1.00 0.45 
 0.00 0.42 1.00 1.00 0.42 0.00 0.00 0.00 0.00 0.92 1.00 0.92 0.00 0.00 0.00 0.00 0.36 1.00 1.00 0.50 
 0.00 0.42 1.00 1.00 0.42 0.00 0.00 0.00 0.00 0.92 1.00 0.92 0.00 0.00 0.00 0.00 0.33 1.00 1.00 0.50 
 0.00 0.42 1.00 1.00 0.42 0.00 0.00 0.00 0.00 0.92 1.00 0.92 0.00 0.00 0.00 0.00 0.33 1.00 1.00 0.50 
 0.00 0.42 1.00 1.00 0.42 0.00 0.00 0.00 0.00 0.92 1.00 0.92 0.00 0.00 0.00 0.00 0.34 1.00 1.00 0.50 
 0.00 0.46 1.00 1.00 0.45 0.00 0.00 0.00 0.04 0.95 1.00 0.93 0.01 0.00 0.00 0.00 0.49 1.00 1.00 0.52 
 0.34 0.86 1.00 1.00 0.87 0.35 0.00 0.09 0.55 1.00 1.00 1.00 0.57 0.09 0.00 0.28 0.91 1.00 1.00 0.85 
 0.38 0.42 0.42 0.42 0.42 0.38 0.00 0.11 0.42 0.42 0.42 0.42 0.42 0.11 0.00 0.28 0.42 0.42 0.42 0.42 
 0.00 0.00 0.00 0.00 0.00 0.00 0.00 0.00 0.00 0.00 0.00 0.00 0.00 0.00 0.00 0.00 0.00 0.00 0.00 0.00 
 0.00 0.00 0.00 0.00 0.00 0.00 0.00 0.00 0.00 0.00 0.00 0.00 0.00 0.00 0.00 0.00 0.00 0.00 0.00 0.00 
 0.00 0.00 0.00 0.00 0.00 0.00 0.00 0.00 0.00 0.00 0.00 0.00 0.00 0.00 0.00 0.00 0.00 0.00 0.00 0.00 
 0.00 0.00 0.00 0.00 0.00 0.00 0.00 0.00 0.00 0.00 0.00 0.00 0.00 0.00 0.00 0.00 0.00 0.00 0.00 0.00 
 