0.00 0.00 0.00 0.00 0.00 0.00 0.00 0.00 0.00 0.00 0.00 0.00 0.00 0.00 0.00 0.00 0.00 0.00 0.00 0.00 
 0.00 0.00 0.00 0.00 0.00 0.00 0.00 0.00 0.00 0.00 0.00 0.00 0.00 0.00 0.00 0.00 0.00 0.00 0.00 0.00 
 0.00 0.00 0.00 0.00 0.00 0.00 0.00 0.00 0.00 0.00 0.00 0.00 0.00 0.00 0.00 0.00 0.00 0.00 0.00 0.00 
 0.00 0.00 0.00 0.00 0.00 0.00 0.00 0.00 0.00 0.00 0.00 0.00 0.00 0.00 0.00 0.00 0.00 0.00 0.00 0.00 
 0.40 0.47 0.55 0.60 0.15 0.04 0.42 0.74 0.81 0.63 0.17 0.00 0.00 0.22 0.63 0.81 0.76 0.41 0.01 0.00 
 0.55 0.91 1.00 1.00 0.36 0.75 0.75 0.67 0.95 1.00 0.95 0.18 0.47 0.86 0.65 0.80 1.00 1.00 0.48 0.00 
 0.00 0.24 1.00 1.00 0.85 0.21 0.00 0.00 0.19 0.97 1.00 0.89 0.51 0.02 0.00 0.02 0.68 1.00 0.91 0.02 
 0.00 0.09 1.00 1.00 0.36 0.00 0.00 0.00 0.00 0.72 1.00 0.79 0.00 0.00 0.00 0.00 0.27 1.00 1.00 0.14 
 0.00 0.09 1.00 1.00 0.27 0.00 0.00 0.00 0.00 0.64 1.00 0.73 0.00 0.00 0.00 0.00 0.18 1.00 1.00 0.18 
 0.00 0.09 1.00 1.00 0.27 0.00 0.00 0.00 0.00 0.64 1.00 0.73 0.00 0.00 0.00 0.00 0.18 1.00 1.00 0.18 
 0.00 0.09 1.00 1.00 0.27 0.00 0.00 0.00 0.00 0.64 1.00 0.73 0.00 0.00 0.00 0.00 0.18 1.00 1.00 0.18 
 0.00 0.09 1.00 1.00 0.27 0.00 0.00 0.00 0.00 0.64 1.00 0.73 0.00 0.00 0.00 0.00 0.18 1.00 1.00 0.18 
 0.00 0.09 1.00 1.00 0.27 0.00 0.00 0.00 0.00 0.64 1.00 0.73 0.00 0.00 0.00 0.00 0.18 1.00 1.00 0.18 
 0.00 0.09 1.00 1.00 0.27 0.00 0.00 0.00 0.00 0.64 1.00 0.73 0.00 0.00 0.00 0.00 0.18 1.00 1.00 0.18 
 0.00 0.09 1.00 1.00 0.28 0.00 0.00 0.00 0.00 0.65 1.00 0.74 0.00 0.00 0.00 0.00 0.18 1.00 1.00 0.19 
 0.12 0.48 1.00 1.00 0.72 0.19 0.01 0.04 0.24 0.89 1.00 0.95 0.33 0.06 0.01 0.13 0.56 1.00 1.00 0.62 
 0.66 0.73 0.73 0.73 0.73 0.73 0.07 0.33 0.73 0.73 0.73 0.73 0.73 0.40 0.07 0.73 0.73 0.73 0.73 0.73 
 0.00 0.00 0.00 0.00 0.00 0.00 0.00 0.00 0.00 0.00 0.00 0.00 0.00 0.00 0.00 0.00 0.00 0.00 0.00 0.00 
 0.00 0.00 0.00 0.00 0.00 0.00 0.00 0.00 0.00 0.00 0.00 0.00 0.00 0.00 0.00 0.00 0.00 0.00 0.00 0.00 
 0.00 0.00 0.00 0.00 0.00 0.00 0.00 0.00 0.00 0.00 0.00 0.00 0.00 0.00 0.00 0.00 0.00 0.00 0.00 0.00 
 