0.00 0.00 0.00 0.00 0.00 0.00 0.00 0.00 0.00 0.00 0.00 0.00 0.00 0.00 0.00 0.00 0.00 0.00 0.00 0.00 
 0.00 0.00 0.00 0.00 0.00 0.00 0.00 0.00 0.03 0.13 0.13 0.03 0.00 0.00 0.00 0.00 0.00 0.09 0.13 0.11 
 0.00 0.00 0.08 0.74 0.75 0.42 0.02 0.33 0.85 1.00 1.00 0.80 0.17 0.00 0.00 0.11 0.63 0.97 1.00 0.99 
 0.00 0.00 0.16 1.00 1.00 0.42 0.47 1.00 1.00 1.00 1.00 1.00 0.88 0.06 0.17 0.88 1.00 1.00 1.00 1.00 
 0.00 0.00 0.31 1.00 1.00 0.58 1.00 0.88 0.50 0.39 0.82 1.00 1.00 0.47 0.85 0.99 0.72 0.42 0.50 0.94 
 0.00 0.00 0.49 1.00 1.00 0.99 0.74 0.06 0.00 0.00 0.19 1.00 1.00 0.97 0.96 0.36 0.00 0.00 0.00 0.49 
 0.00 0.00 0.66 1.00 1.00 0.82 0.05 0.00 0.00 0.00 0.13 1.00 1.00 0.99 0.41 0.00 0.00 0.00 0.00 0.38 
 0.00 0.00 0.82 1.00 0.99 0.25 0.00 0.00 0.00 0.00 0.14 1.00 1.00 0.80 0.00 0.00 0.00 0.00 0.00 0.49 
 0.00 0.09 0.97 1.00 0.82 0.00 0.00 0.00 0.00 0.00 0.30 1.00 1.00 0.44 0.00 0.00 0.00 0.00 0.00 0.66 
 0.00 0.16 1.00 1.00 0.52 0.00 0.00 0.00 0.00 0.00 0.45 1.00 0.99 0.16 0.00 0.00 0.00 0.00 0.00 0.82 
 0.00 0.33 1.00 1.00 0.27 0.00 0.00 0.00 0.00 0.00 0.64 1.00 0.88 0.00 0.00 0.00 0.00 0.00 0.11 0.99 
 0.00 0.50 1.00 0.94 0.06 0.00 0.00 0.00 0.00 0.00 0.82 1.00 0.74 0.00 0.00 0.00 0.00 0.00 0.17 1.00 
 0.00 0.67 1.00 0.86 0.00 0.00 0.00 0.00 0.00 0.09 0.97 1.00 0.56 0.00 0.00 0.00 0.00 0.00 0.36 1.00 
 0.00 0.83 1.00 0.71 0.00 0.00 0.00 0.00 0.00 0.17 1.00 1.00 0.38 0.00 0.00 0.00 0.00 0.00 0.55 1.00 
 0.11 0.99 1.00 0.55 0.00 0.00 0.00 0.00 0.00 0.35 1.00 1.00 0.20 0.00 0.00 0.00 0.00 0.00 0.71 1.00 
 0.17 1.00 1.00 0.38 0.00 0.00 0.00 0.00 0.00 0.53 1.00 0.91 0.03 0.00 0.00 0.00 0.00 0.03 0.89 1.00 
 0.35 1.00 1.00 0.20 0.00 0.00 0.00 0.00 0.00 0.69 1.00 0.85 0.00 0.00 0.00 0.00 0.00 0.13 1.00 1.00 
 0.53 1.00 0.93 0.05 0.00 0.00 0.00 0.00 0.02 0.88 1.00 0.67 0.00 0.00 0.00 0.00 0.00 0.24 1.00 1.00 
 0.69 1.00 0.85 0.00 0.00 0.00 0.00 0.00 0.13 1.00 1.00 0.50 0.00 0.00 0.00 0.00 0.00 0.42 1.00 1.00 
 0.85 1.00 0.69 0.00 0.00 0.00 0.00 0.00 0.22 1.00 1.00 0.31 0.00 0.00 0.00 0.00 0.00 0.58 1.00 0.94 
 