0.00 0.00 0.00 0.00 0.00 0.00 0.00 0.00 0.00 0.00 0.00 0.00 0.00 0.00 0.00 0.00 0.00 0.00 0.00 0.00 
 0.00 0.00 0.00 0.00 0.00 0.00 0.00 0.00 0.00 0.00 0.00 0.00 0.00 0.00 0.00 0.00 0.00 0.00 0.00 0.00 
 0.00 0.00 0.00 0.00 0.00 0.00 0.00 0.00 0.00 0.00 0.00 0.00 0.00 0.00 0.00 0.00 0.00 0.00 0.00 0.00 
 0.00 0.00 0.01 0.04 0.00 0.00 0.02 0.09 0.07 0.00 0.00 0.00 0.00 0.00 0.07 0.09 0.04 0.00 0.00 0.00 
 0.22 0.53 0.84 0.36 0.04 0.45 0.87 1.00 0.98 0.63 0.04 0.00 0.20 0.68 0.89 0.99 0.89 0.27 0.00 0.00 
 0.36 0.75 1.00 0.47 0.66 0.44 0.15 0.13 0.58 1.00 0.57 0.45 0.56 0.16 0.00 0.20 0.84 0.94 0.09 0.00 
 0.00 0.21 1.00 0.79 0.12 0.00 0.00 0.00 0.02 0.84 0.95 0.28 0.00 0.00 0.00 0.00 0.29 1.00 0.34 0.00 
 0.00 0.18 1.00 0.36 0.00 0.00 0.00 0.00 0.00 0.73 0.82 0.00 0.00 0.00 0.00 0.00 0.18 1.00 0.36 0.00 
 0.00 0.18 1.00 0.36 0.00 0.00 0.00 0.00 0.00 0.73 0.82 0.00 0.00 0.00 0.00 0.00 0.18 1.00 0.36 0.00 
 0.00 0.18 1.00 0.36 0.00 0.00 0.00 0.00 0.00 0.73 0.82 0.00 0.00 0.00 0.00 0.00 0.18 1.00 0.36 0.00 
 0.00 0.18 1.00 0.36 0.00 0.00 0.00 0.00 0.00 0.73 0.82 0.00 0.00 0.00 0.00 0.00 0.18 1.00 0.36 0.00 
 0.00 0.18 1.00 0.36 0.00 0.00 0.00 0.00 0.00 0.73 0.82 0.00 0.00 0.00 0.00 0.00 0.18 1.00 0.36 0.00 
 0.00 0.18 1.00 0.36 0.00 0.00 0.00 0.00 0.00 0.73 0.82 0.00 0.00 0.00 0.00 0.00 0.18 1.00 0.36 0.00 
 0.00 0.18 1.00 0.36 0.00 0.00 0.00 0.00 0.00 0.73 0.82 0.00 0.00 0.00 0.00 0.00 0.18 1.00 0.36 0.00 
 0.00 0.22 1.00 0.41 0.00 0.00 0.00 0.00 0.00 0.77 0.85 0.00 0.00 0.00 0.00 0.00 0.22 1.00 0.41 0.00 
 0.41 0.80 1.00 0.88 0.43 0.04 0.00 0.17 0.54 0.99 0.99 0.60 0.20 0.00 0.00 0.36 0.80 1.00 0.88 0.43 
 0.27 0.27 0.27 0.27 0.27 0.03 0.00 0.13 0.27 0.27 0.27 0.27 0.15 0.00 0.00 0.25 0.27 0.27 0.27 0.27 
 0.00 0.00 0.00 0.00 0.00 0.00 0.00 0.00 0.00 0.00 0.00 0.00 0.00 0.00 0.00 0.00 0.00 0.00 0.00 0.00 
 0.00 0.00 0.00 0.00 0.00 0.00 0.00 0.00 0.00 0.00 0.00 0.00 0.00 0.00 0.00 0.00 0.00 0.00 0.00 0.00 
 0.00 0.00 0.00 0.00 0.00 0.00 0.00 0.00 0.00 0.00 0.00 0.00 0.00 0.00 0.00 0.00 0.00 0.00 0.00 0.00 
 