0.00 0.00 0.00 0.00 0.00 0.00 0.00 0.00 0.00 0.00 0.00 0.00 0.00 0.00 0.00 0.00 0.00 0.00 0.00 0.00 
 0.00 0.00 0.00 0.00 0.00 0.00 0.00 0.00 0.00 0.00 0.00 0.00 0.00 0.00 0.00 0.00 0.00 0.00 0.00 0.00 
 0.00 0.00 0.00 0.00 0.00 0.00 0.00 0.00 0.00 0.00 0.00 0.00 0.00 0.00 0.00 0.00 0.00 0.00 0.00 0.00 
 0.00 0.00 0.00 0.00 0.00 0.00 0.00 0.00 0.00 0.00 0.00 0.00 0.00 0.00 0.00 0.00 0.00 0.00 0.00 0.00 
 0.00 0.04 0.28 0.64 0.14 0.00 0.00 0.20 0.64 0.79 0.52 0.02 0.00 0.00 0.04 0.45 0.76 0.72 0.21 0.00 
 0.50 0.89 1.00 1.00 0.20 0.00 0.37 0.85 0.85 1.00 1.00 0.41 0.00 0.11 0.74 0.83 0.95 1.00 0.89 0.03 
 0.23 0.24 0.98 1.00 0.20 0.33 0.47 0.01 0.01 0.67 1.00 0.66 0.07 0.63 0.13 0.00 0.23 1.00 1.00 0.19 
 0.00 0.00 0.90 1.00 0.40 0.57 0.00 0.00 0.00 0.40 1.00 0.73 0.65 0.14 0.00 0.00 0.03 0.93 1.00 0.20 
 0.00 0.00 0.90 1.00 0.90 0.10 0.00 0.00 0.00 0.40 1.00 0.98 0.56 0.00 0.00 0.00 0.00 0.90 1.00 0.20 
 0.00 0.00 0.90 1.00 0.68 0.00 0.00 0.00 0.00 0.40 1.00 0.99 0.18 0.00 0.00 0.00 0.00 0.90 1.00 0.20 
 0.00 0.00 0.90 1.00 0.38 0.00 0.00 0.00 0.00 0.40 1.00 0.85 0.00 0.00 0.00 0.00 0.00 0.90 1.00 0.20 
 0.00 0.00 0.90 1.00 0.17 0.00 0.00 0.00 0.00 0.40 1.00 0.66 0.00 0.00 0.00 0.00 0.00 0.90 1.00 0.20 
 0.00 0.00 0.90 0.94 0.04 0.00 0.00 0.00 0.00 0.40 1.00 0.53 0.00 0.00 0.00 0.00 0.00 0.90 1.00 0.20 
 0.00 0.00 0.90 0.90 0.00 0.00 0.00 0.00 0.00 0.40 1.00 0.50 0.00 0.00 0.00 0.00 0.00 0.90 1.00 0.20 
 0.00 0.01 0.91 0.96 0.07 0.00 0.00 0.00 0.00 0.40 1.00 0.57 0.00 0.00 0.00 0.00 0.00 0.90 1.00 0.21 
 0.00 0.19 1.00 1.00 0.39 0.00 0.00 0.00 0.00 0.40 1.00 0.84 0.05 0.00 0.00 0.00 0.00 0.90 1.00 0.45 
 0.65 0.93 1.00 1.00 0.97 0.68 0.12 0.00 0.06 0.81 1.00 1.00 0.87 0.44 0.00 0.00 0.34 0.99 1.00 0.99 
 0.10 0.10 0.10 0.10 0.10 0.10 0.02 0.00 0.01 0.10 0.10 0.10 0.10 0.07 0.00 0.00 0.05 0.10 0.10 0.10 
 0.00 0.00 0.00 0.00 0.00 0.00 0.00 0.00 0.00 0.00 0.00 0.00 0.00 0.00 0.00 0.00 0.00 0.00 0.00 0.00 
 0.00 0.00 0.00 0.00 0.00 0.00 0.00 0.00 0.00 0.00 0.00 0.00 0.00 0.00 0.00 0.00 0.00 0.00 0.00 0.00 
 