0.00 0.00 0.00 0.00 0.00 0.00 0.00 0.00 0.00 0.00 0.00 0.00 0.00 0.00 0.00 0.00 0.00 0.00 0.00 0.00 
 0.00 0.00 0.00 0.00 0.00 0.00 0.00 0.00 0.00 0.00 0.00 0.00 0.00 0.00 0.00 0.00 0.00 0.00 0.00 0.00 
 0.00 0.00 0.00 0.00 0.00 0.00 0.00 0.00 0.00 0.00 0.00 0.00 0.00 0.00 0.00 0.00 0.00 0.00 0.00 0.00 
 0.00 0.00 0.00 0.00 0.00 0.00 0.00 0.00 0.00 0.00 0.00 0.00 0.00 0.00 0.00 0.00 0.00 0.00 0.00 0.00 
 0.00 0.08 0.39 0.78 0.13 0.02 0.37 0.76 0.84 0.57 0.08 0.00 0.02 0.33 0.74 0.86 0.69 0.21 0.00 0.00 
 0.41 0.84 1.00 1.00 0.16 0.55 0.82 0.74 0.94 1.00 0.76 0.04 0.57 0.86 0.72 0.86 1.00 0.90 0.08 0.00 
 0.04 0.21 1.00 1.00 0.57 0.29 0.00 0.00 0.25 0.98 1.00 0.72 0.49 0.02 0.00 0.04 0.82 1.00 0.47 0.00 
 0.00 0.15 1.00 1.00 0.21 0.00 0.00 0.00 0.00 0.80 1.00 0.55 0.00 0.00 0.00 0.00 0.51 1.00 0.65 0.00 
 0.00 0.15 1.00 1.00 0.15 0.00 0.00 0.00 0.00 0.72 1.00 0.43 0.00 0.00 0.00 0.00 0.43 1.00 0.72 0.00 
 0.00 0.15 1.00 1.00 0.15 0.00 0.00 0.00 0.00 0.72 1.00 0.43 0.00 0.00 0.00 0.00 0.43 1.00 0.72 0.00 
 0.00 0.15 1.00 1.00 0.15 0.00 0.00 0.00 0.00 0.72 1.00 0.43 0.00 0.00 0.00 0.00 0.43 1.00 0.72 0.00 
 0.00 0.15 1.00 1.00 0.15 0.00 0.00 0.00 0.00 0.72 1.00 0.43 0.00 0.00 0.00 0.00 0.43 1.00 0.72 0.00 
 0.00 0.15 1.00 1.00 0.15 0.00 0.00 0.00 0.00 0.72 1.00 0.43 0.00 0.00 0.00 0.00 0.43 1.00 0.72 0.00 
 0.00 0.15 1.00 1.00 0.15 0.00 0.00 0.00 0.00 0.72 1.00 0.43 0.00 0.00 0.00 0.00 0.43 1.00 0.72 0.00 
 0.00 0.15 1.00 1.00 0.16 0.00 0.00 0.00 0.00 0.74 1.00 0.43 0.00 0.00 0.00 0.00 0.45 1.00 0.72 0.00 
 0.13 0.39 1.00 1.00 0.51 0.15 0.02 0.11 0.23 0.94 1.00 0.72 0.15 0.06 0.06 0.16 0.78 1.00 0.90 0.21 
 0.37 0.43 0.43 0.43 0.43 0.43 0.06 0.31 0.43 0.43 0.43 0.43 0.43 0.18 0.18 0.43 0.43 0.43 0.43 0.43 
 0.00 0.00 0.00 0.00 0.00 0.00 0.00 0.00 0.00 0.00 0.00 0.00 0.00 0.00 0.00 0.00 0.00 0.00 0.00 0.00 
 0.00 0.00 0.00 0.00 0.00 0.00 0.00 0.00 0.00 0.00 0.00 0.00 0.00 0.00 0.00 0.00 0.00 0.00 0.00 0.00 
 0.00 0.00 0.00 0.00 0.00 0.00 0.00 0.00 0.00 0.00 0.00 0.00 0.00 0.00 0.00 0.00 0.00 0.00 0.00 0.00 
 