0.00 0.00 0.00 0.00 0.00 0.00 0.00 0.00 0.00 0.00 0.00 0.00 0.00 0.00 0.00 0.00 0.00 0.00 0.00 0.00 
 0.00 0.00 0.00 0.00 0.00 0.00 0.00 0.00 0.00 0.00 0.00 0.00 0.00 0.00 0.00 0.00 0.00 0.00 0.00 0.00 
 0.00 0.00 0.00 0.00 0.00 0.00 0.00 0.00 0.00 0.00 0.00 0.00 0.00 0.00 0.00 0.00 0.00 0.00 0.00 0.00 
 0.45 0.29 0.00 0.03 0.32 0.57 0.64 0.51 0.21 0.00 0.00 0.00 0.02 0.27 0.56 0.64 0.55 0.25 0.01 0.00 
 0.91 0.64 0.09 0.77 0.92 0.75 0.79 0.97 0.99 0.51 0.00 0.07 0.71 0.93 0.75 0.78 0.96 1.00 0.60 0.01 
 0.91 0.73 0.71 0.54 0.04 0.00 0.00 0.16 0.88 0.99 0.26 0.68 0.58 0.05 0.00 0.00 0.12 0.80 1.00 0.37 
 0.91 0.95 0.61 0.00 0.00 0.00 0.00 0.00 0.27 1.00 0.86 0.69 0.00 0.00 0.00 0.00 0.00 0.19 1.00 0.75 
 0.91 0.98 0.13 0.00 0.00 0.00 0.00 0.00 0.04 0.95 0.99 0.21 0.00 0.00 0.00 0.00 0.00 0.01 0.87 0.94 
 0.91 0.87 0.00 0.00 0.00 0.00 0.00 0.00 0.00 0.83 0.91 0.00 0.00 0.00 0.00 0.00 0.00 0.00 0.74 1.00 
 0.91 0.82 0.00 0.00 0.00 0.00 0.00 0.00 0.00 0.82 0.91 0.00 0.00 0.00 0.00 0.00 0.00 0.00 0.73 1.00 
 0.91 0.82 0.00 0.00 0.00 0.00 0.00 0.00 0.00 0.82 0.91 0.00 0.00 0.00 0.00 0.00 0.00 0.00 0.73 1.00 
 0.91 0.82 0.00 0.00 0.00 0.00 0.00 0.00 0.00 0.82 0.91 0.00 0.00 0.00 0.00 0.00 0.00 0.00 0.73 1.00 
 0.91 0.82 0.00 0.00 0.00 0.00 0.00 0.00 0.00 0.82 0.91 0.00 0.00 0.00 0.00 0.00 0.00 0.00 0.73 1.00 
 0.91 0.82 0.00 0.00 0.00 0.00 0.00 0.00 0.00 0.82 0.91 0.00 0.00 0.00 0.00 0.00 0.00 0.00 0.73 1.00 
 0.91 0.82 0.00 0.00 0.00 0.00 0.00 0.00 0.00 0.82 0.91 0.00 0.00 0.00 0.00 0.00 0.00 0.00 0.73 1.00 
 0.91 0.82 0.00 0.00 0.00 0.00 0.00 0.00 0.00 0.82 0.91 0.00 0.00 0.00 0.00 0.00 0.00 0.00 0.73 1.00 
 0.58 0.52 0.00 0.00 0.00 0.00 0.00 0.00 0.00 0.52 0.58 0.00 0.00 0.00 0.00 0.00 0.00 0.00 0.47 0.64 
 0.00 0.00 0.00 0.00 0.00 0.00 0.00 0.00 0.00 0.00 0.00 0.00 0.00 0.00 0.00 0.00 0.00 0.00 0.00 0.00 
 0.00 0.00 0.00 0.00 0.00 0.00 0.00 0.00 0.00 0.00 0.00 0.00 0.00 0.00 0.00 0.00 0.00 0.00 0.00 0.00 
 0.00 0.00 0.00 0.00 0.00 0.00 0.00 0.00 0.00 0.00 0.00 0.00 0.00 0.00 0.00 0.00 0.00 0.00 0.00 0.00 
 