0.00 0.00 0.00 0.00 0.00 0.00 0.00 0.00 0.00 0.00 0.00 0.00 0.00 0.00 0.00 0.00 0.00 0.00 0.00 0.00 
 0.00 0.00 0.00 0.00 0.00 0.00 0.00 0.00 0.00 0.00 0.00 0.00 0.00 0.00 0.00 0.00 0.00 0.00 0.00 0.00 
 0.00 0.11 0.23 0.00 0.00 0.00 0.00 0.11 0.04 0.18 0.21 0.00 0.00 0.00 0.06 0.15 0.15 0.15 0.06 0.00 
 0.33 0.92 0.86 0.00 0.02 0.33 0.69 0.96 0.64 1.00 0.98 0.31 0.04 0.39 0.80 0.86 0.94 1.00 0.90 0.49 
 0.76 1.00 0.86 0.08 0.64 1.00 0.96 0.88 1.00 1.00 1.00 0.74 0.69 0.59 0.11 0.00 0.25 0.96 1.00 0.86 
 0.35 1.00 0.98 0.90 0.69 0.43 0.13 0.06 0.18 0.82 1.00 0.98 0.45 0.00 0.00 0.00 0.00 0.47 1.00 1.00 
 0.23 1.00 1.00 0.72 0.00 0.00 0.00 0.00 0.00 0.51 1.00 0.86 0.00 0.00 0.00 0.00 0.00 0.18 1.00 1.00 
 0.08 0.94 1.00 0.35 0.00 0.00 0.00 0.00 0.00 0.43 1.00 0.76 0.00 0.00 0.00 0.00 0.00 0.08 0.88 1.00 
 0.02 0.88 1.00 0.27 0.00 0.00 0.00 0.00 0.00 0.39 1.00 0.69 0.00 0.00 0.00 0.00 0.00 0.00 0.72 1.00 
 0.15 1.00 1.00 0.23 0.00 0.00 0.00 0.00 0.00 0.04 0.84 0.86 0.00 0.00 0.00 0.00 0.00 0.02 0.59 1.00 
 0.15 1.00 1.00 0.27 0.00 0.00 0.00 0.00 0.00 0.37 1.00 0.86 0.00 0.00 0.00 0.00 0.00 0.02 0.59 1.00 
 0.06 0.86 0.90 0.08 0.00 0.00 0.00 0.00 0.00 0.37 1.00 0.80 0.00 0.00 0.00 0.00 0.00 0.00 0.67 1.00 
 0.11 0.96 1.00 0.29 0.00 0.00 0.00 0.00 0.00 0.13 0.98 0.64 0.00 0.00 0.00 0.00 0.00 0.11 0.96 1.00 
 0.11 0.96 1.00 0.29 0.00 0.00 0.00 0.00 0.00 0.16 0.96 0.86 0.00 0.00 0.00 0.00 0.00 0.15 1.00 1.00 
 0.13 0.98 1.00 0.29 0.00 0.00 0.00 0.00 0.00 0.31 1.00 0.88 0.02 0.00 0.00 0.00 0.00 0.15 1.00 1.00 
 0.15 1.00 1.00 0.29 0.00 0.00 0.00 0.00 0.00 0.43 1.00 1.00 0.15 0.00 0.00 0.00 0.00 0.15 1.00 1.00 
 0.15 1.00 1.00 0.39 0.00 0.00 0.00 0.00 0.00 0.43 1.00 0.92 0.11 0.00 0.00 0.00 0.00 0.21 1.00 0.94 
 0.13 0.84 0.47 0.04 0.00 0.00 0.00 0.00 0.00 0.33 0.62 0.16 0.00 0.00 0.00 0.00 0.00 0.25 0.72 0.15 
 0.00 0.00 0.00 0.00 0.00 0.00 0.00 0.00 0.00 0.00 0.00 0.00 0.00 0.00 0.00 0.00 0.00 0.00 0.00 0.00 
 0.00 0.00 0.00 0.00 0.00 0.00 0.00 0.00 0.00 0.00 0.00 0.00 0.00 0.00 0.00 0.00 0.00 0.00 0.00 0.00 
 