0.00 0.00 0.00 0.00 0.00 0.00 0.00 0.00 0.00 0.00 0.00 0.00 0.00 0.00 0.00 0.00 0.00 0.00 0.00 0.00 
 0.00 0.00 0.00 0.00 0.00 0.00 0.00 0.00 0.00 0.00 0.00 0.00 0.00 0.00 0.00 0.00 0.00 0.00 0.00 0.00 
 0.00 0.00 0.00 0.00 0.00 0.00 0.00 0.00 0.00 0.00 0.00 0.00 0.00 0.00 0.00 0.00 0.00 0.00 0.00 0.00 
 0.00 0.00 0.00 0.00 0.00 0.00 0.00 0.00 0.00 0.00 0.00 0.00 0.00 0.00 0.00 0.00 0.00 0.00 0.00 0.00 
 0.00 0.01 0.20 0.57 0.28 0.00 0.08 0.47 0.68 0.64 0.28 0.00 0.00 0.01 0.26 0.60 0.69 0.47 0.05 0.00 
 0.39 0.80 1.00 1.00 0.40 0.21 0.89 0.91 0.99 1.00 0.99 0.37 0.03 0.58 0.97 0.93 1.00 1.00 0.74 0.01 
 0.16 0.30 1.00 1.00 0.62 0.68 0.23 0.01 0.23 0.91 1.00 0.85 0.55 0.56 0.11 0.03 0.43 1.00 1.00 0.31 
 0.00 0.06 0.96 1.00 0.63 0.01 0.00 0.00 0.00 0.48 1.00 0.96 0.26 0.00 0.00 0.00 0.01 0.84 1.00 0.53 
 0.00 0.00 0.90 1.00 0.40 0.00 0.00 0.00 0.00 0.31 1.00 0.90 0.00 0.00 0.00 0.00 0.00 0.70 1.00 0.60 
 0.00 0.00 0.90 1.00 0.40 0.00 0.00 0.00 0.00 0.30 1.00 0.90 0.00 0.00 0.00 0.00 0.00 0.70 1.00 0.60 
 0.00 0.00 0.90 1.00 0.40 0.00 0.00 0.00 0.00 0.30 1.00 0.90 0.00 0.00 0.00 0.00 0.00 0.70 1.00 0.60 
 0.00 0.00 0.90 1.00 0.40 0.00 0.00 0.00 0.00 0.30 1.00 0.90 0.00 0.00 0.00 0.00 0.00 0.70 1.00 0.60 
 0.00 0.00 0.90 1.00 0.40 0.00 0.00 0.00 0.00 0.30 1.00 0.90 0.00 0.00 0.00 0.00 0.00 0.70 1.00 0.60 
 0.00 0.00 0.90 1.00 0.40 0.00 0.00 0.00 0.00 0.30 1.00 0.90 0.00 0.00 0.00 0.00 0.00 0.70 1.00 0.60 
 0.00 0.00 0.90 1.00 0.40 0.00 0.00 0.00 0.00 0.30 1.00 0.90 0.00 0.00 0.00 0.00 0.00 0.70 1.00 0.60 
 0.00 0.08 0.97 1.00 0.52 0.00 0.00 0.00 0.00 0.38 1.00 0.95 0.07 0.00 0.00 0.00 0.01 0.77 1.00 0.70 
 0.34 0.73 1.00 1.00 0.93 0.46 0.16 0.12 0.49 0.91 1.00 1.00 0.76 0.38 0.00 0.28 0.61 1.00 1.00 0.99 
 0.08 0.10 0.10 0.10 0.10 0.10 0.04 0.03 0.10 0.10 0.10 0.10 0.10 0.09 0.00 0.07 0.10 0.10 0.10 0.10 
 0.00 0.00 0.00 0.00 0.00 0.00 0.00 0.00 0.00 0.00 0.00 0.00 0.00 0.00 0.00 0.00 0.00 0.00 0.00 0.00 
 0.00 0.00 0.00 0.00 0.00 0.00 0.00 0.00 0.00 0.00 0.00 0.00 0.00 0.00 0.00 0.00 0.00 0.00 0.00 0.00 
 