0.00 0.00 0.00 0.00 0.00 0.00 0.00 0.00 0.00 0.00 0.00 0.00 0.00 0.00 0.00 0.00 0.00 0.00 0.00 0.00 
 0.00 0.00 0.00 0.00 0.00 0.00 0.00 0.00 0.00 0.00 0.00 0.00 0.00 0.00 0.00 0.00 0.00 0.00 0.00 0.00 
 0.00 0.00 0.00 0.00 0.00 0.00 0.00 0.00 0.00 0.00 0.00 0.00 0.00 0.00 0.00 0.00 0.00 0.00 0.00 0.00 
 0.00 0.00 0.00 0.00 0.00 0.00 0.00 0.00 0.00 0.00 0.00 0.00 0.00 0.00 0.00 0.00 0.00 0.00 0.00 0.00 
 0.00 0.22 0.39 0.00 0.00 0.06 0.25 0.47 0.47 0.28 0.06 0.00 0.00 0.00 0.06 0.25 0.47 0.47 0.28 0.09 
 0.36 0.97 0.95 0.14 0.20 0.81 1.00 1.00 1.00 1.00 0.78 0.11 0.00 0.25 0.84 1.00 1.00 1.00 1.00 0.86 
 0.70 0.97 1.00 0.58 0.89 0.73 0.33 0.17 0.28 0.73 1.00 0.78 0.36 0.95 0.67 0.33 0.17 0.28 0.73 1.00 
 0.00 0.64 1.00 1.00 0.47 0.00 0.00 0.00 0.00 0.11 0.95 1.00 0.97 0.39 0.00 0.00 0.00 0.00 0.09 0.89 
 0.00 0.36 1.00 0.86 0.03 0.00 0.00 0.00 0.00 0.00 0.67 1.00 0.75 0.00 0.00 0.00 0.00 0.00 0.00 0.61 
 0.00 0.33 1.00 0.84 0.00 0.00 0.00 0.00 0.00 0.00 0.50 1.00 0.67 0.00 0.00 0.00 0.00 0.00 0.00 0.50 
 0.00 0.33 1.00 0.84 0.00 0.00 0.00 0.00 0.00 0.00 0.50 1.00 0.67 0.00 0.00 0.00 0.00 0.00 0.00 0.50 
 0.00 0.33 1.00 0.84 0.00 0.00 0.00 0.00 0.00 0.00 0.50 1.00 0.67 0.00 0.00 0.00 0.00 0.00 0.00 0.50 
 0.00 0.33 1.00 0.84 0.00 0.00 0.00 0.00 0.00 0.00 0.50 1.00 0.67 0.00 0.00 0.00 0.00 0.00 0.00 0.50 
 0.00 0.33 1.00 0.84 0.00 0.00 0.00 0.00 0.00 0.00 0.50 1.00 0.67 0.00 0.00 0.00 0.00 0.00 0.00 0.50 
 0.00 0.33 1.00 0.84 0.00 0.00 0.00 0.00 0.00 0.00 0.50 1.00 0.67 0.00 0.00 0.00 0.00 0.00 0.00 0.50 
 0.00 0.33 1.00 0.84 0.00 0.00 0.00 0.00 0.00 0.00 0.50 1.00 0.67 0.00 0.00 0.00 0.00 0.00 0.00 0.50 
 0.03 0.47 1.00 0.86 0.14 0.00 0.00 0.00 0.00 0.09 0.61 1.00 0.75 0.09 0.00 0.00 0.00 0.00 0.06 0.61 
 0.53 1.00 1.00 1.00 0.97 0.22 0.00 0.00 0.00 0.75 1.00 1.00 1.00 0.78 0.00 0.00 0.00 0.00 0.73 1.00 
 0.11 0.33 0.33 0.33 0.31 0.03 0.00 0.00 0.00 0.25 0.33 0.33 0.33 0.28 0.00 0.00 0.00 0.00 0.22 0.33 
 0.00 0.00 0.00 0.00 0.00 0.00 0.00 0.00 0.00 0.00 0.00 0.00 0.00 0.00 0.00 0.00 0.00 0.00 0.00 0.00 
 