0.00 0.00 0.00 0.00 0.00 0.00 0.00 0.00 0.00 0.00 0.00 0.00 0.00 0.00 0.00 0.00 0.00 0.00 0.00 0.00 
 0.00 0.00 0.00 0.00 0.00 0.00 0.00 0.00 0.00 0.00 0.00 0.00 0.00 0.00 0.00 0.00 0.00 0.00 0.00 0.00 
 0.00 0.00 0.00 0.00 0.00 0.00 0.00 0.00 0.00 0.00 0.00 0.00 0.00 0.00 0.00 0.00 0.00 0.00 0.00 0.00 
 0.00 0.00 0.00 0.00 0.00 0.00 0.00 0.00 0.11 0.15 0.13 0.00 0.00 0.00 0.00 0.06 0.15 0.15 0.06 0.00 
 0.00 0.02 0.72 0.72 0.72 0.59 0.16 0.62 0.96 1.00 0.98 0.62 0.04 0.04 0.43 0.90 1.00 1.00 0.86 0.31 
 0.00 0.15 1.00 1.00 1.00 0.72 0.90 0.86 0.96 1.00 1.00 1.00 0.51 0.69 0.88 0.88 1.00 1.00 1.00 0.96 
 0.00 0.21 1.00 1.00 1.00 0.90 0.23 0.00 0.31 1.00 1.00 1.00 0.98 0.57 0.02 0.02 0.59 1.00 1.00 1.00 
 0.00 0.35 1.00 1.00 1.00 0.39 0.00 0.00 0.15 1.00 1.00 1.00 0.84 0.02 0.00 0.00 0.29 1.00 1.00 1.00 
 0.00 0.51 1.00 1.00 0.92 0.06 0.00 0.00 0.15 1.00 1.00 1.00 0.55 0.00 0.00 0.00 0.31 1.00 1.00 1.00 
 0.00 0.69 1.00 1.00 0.82 0.00 0.00 0.00 0.15 1.00 1.00 1.00 0.35 0.00 0.00 0.00 0.45 1.00 1.00 1.00 
 0.02 0.88 1.00 1.00 0.62 0.00 0.00 0.00 0.21 1.00 1.00 0.98 0.16 0.00 0.00 0.00 0.64 1.00 1.00 0.88 
 0.15 1.00 1.00 1.00 0.43 0.00 0.00 0.00 0.41 1.00 1.00 0.86 0.00 0.00 0.00 0.02 0.84 1.00 1.00 0.67 
 0.23 1.00 1.00 1.00 0.27 0.00 0.00 0.00 0.64 1.00 1.00 0.82 0.00 0.00 0.00 0.15 1.00 1.00 1.00 0.51 
 0.43 1.00 1.00 0.98 0.13 0.00 0.00 0.02 0.84 1.00 1.00 0.67 0.00 0.00 0.00 0.23 1.00 1.00 1.00 0.35 
 0.64 1.00 1.00 0.86 0.00 0.00 0.00 0.15 1.00 1.00 1.00 0.53 0.00 0.00 0.00 0.43 1.00 1.00 1.00 0.18 
 0.80 1.00 1.00 0.84 0.00 0.00 0.00 0.31 1.00 1.00 1.00 0.37 0.00 0.00 0.00 0.64 1.00 1.00 0.90 0.04 
 0.53 0.43 0.47 0.41 0.00 0.00 0.00 0.27 0.49 0.43 0.53 0.16 0.00 0.00 0.00 0.45 0.45 0.43 0.47 0.00 
 0.00 0.00 0.00 0.00 0.00 0.00 0.00 0.00 0.00 0.00 0.00 0.00 0.00 0.00 0.00 0.00 0.00 0.00 0.00 0.00 
 0.00 0.00 0.00 0.00 0.00 0.00 0.00 0.00 0.00 0.00 0.00 0.00 0.00 0.00 0.00 0.00 0.00 0.00 0.00 0.00 
 0.00 0.00 0.00 0.00 0.00 0.00 0.00 0.00 0.00 0.00 0.00 0.00 0.00 0.00 0.00 0.00 0.00 0.00 0.00 0.00 
 