-1.00 -1.00 -1.00 -1.00 -1.00 -1.00 -1.00 -1.00 -1.00 -1.00 -1.00 -0.97 -0.77 -0.77 -0.97 -1.00 -1.00 -1.00 -1.00 -1.00 
 0.33 0.33 0.33 0.33 0.33 0.33 0.33 -0.40 -1.00 -0.78 0.24 0.90 1.00 1.00 0.90 0.20 -0.84 -1.00 -1.00 -1.00 
 -0.24 0.56 1.00 1.00 1.00 1.00 1.00 -0.10 -0.57 0.85 1.00 1.00 1.00 1.00 1.00 1.00 0.73 -0.82 -1.00 -1.00 
 -1.00 -0.86 0.99 1.00 1.00 1.00 1.00 0.14 0.85 0.65 0.06 0.25 0.98 1.00 1.00 1.00 1.00 0.28 -1.00 -1.00 
 -1.00 -1.00 0.90 1.00 1.00 1.00 1.00 0.97 0.06 -0.98 -1.00 -1.00 0.11 1.00 1.00 1.00 1.00 0.95 -0.89 -1.00 
 -1.00 -1.00 0.89 1.00 1.00 1.00 1.00 0.28 -1.00 -1.00 -1.00 -1.00 -0.51 1.00 1.00 1.00 1.00 1.00 -0.55 -1.00 
 -1.00 -1.00 0.89 1.00 1.00 1.00 1.00 -0.04 -1.00 -1.00 -1.00 -1.00 -0.68 1.00 1.00 1.00 1.00 1.00 -0.44 -1.00 
 -1.00 -1.00 0.89 1.00 1.00 1.00 1.00 -0.04 -1.00 -1.00 -1.00 -1.00 -0.69 1.00 1.00 1.00 1.00 1.00 -0.44 -1.00 
 -1.00 -1.00 0.89 1.00 1.00 1.00 1.00 -0.04 -1.00 -1.00 -1.00 -1.00 -0.69 1.00 1.00 1.00 1.00 1.00 -0.44 -1.00 
 -1.00 -1.00 0.89 1.00 1.00 1.00 1.00 -0.04 -1.00 -1.00 -1.00 -1.00 -0.69 1.00 1.00 1.00 1.00 1.00 -0.44 -1.00 
 -1.00 -1.00 0.89 1.00 1.00 1.00 1.00 -0.04 -1.00 -1.00 -1.00 -1.00 -0.69 1.00 1.00 1.00 1.00 1.00 -0.44 -1.00 
 -1.00 -1.00 0.89 1.00 1.00 1.00 1.00 -0.04 -1.00 -1.00 -1.00 -1.00 -0.69 1.00 1.00 1.00 1.00 1.00 -0.44 -1.00 
 -1.00 -1.00 0.89 1.00 1.00 1.00 1.00 -0.04 -1.00 -1.00 -1.00 -1.00 -0.69 1.00 1.00 1.00 1.00 1.00 -0.44 -1.00 
 -1.00 -1.00 0.89 1.00 1.00 1.00 1.00 -0.04 -1.00 -1.00 -1.00 -1.00 -0.69 1.00 1.00 1.00 1.00 1.00 -0.44 -1.00 
 -1.00 -1.00 0.89 1.00 1.00 1.00 1.00 -0.04 -1.00 -1.00 -1.00 -1.00 -0.69 1.00 1.00 1.00 1.00 1.00 -0.44 -1.00 
 -1.00 -1.00 0.89 1.00 1.00 1.00 1.00 -0.04 -1.00 -1.00 -1.00 -1.00 -0.69 1.00 1.00 1.00 1.00 1.00 -0.44 -1.00 
 -1.00 -0.99 0.92 1.00 1.00 1.00 1.00 0.01 -1.00 -1.00 -1.00 -1.00 -0.65 1.00 1.00 1.00 1.00 1.00 -0.41 -1.00 
 -1.00 -0.51 1.00 1.00 1.00 1.00 1.00 0.55 -0.96 -1.00 -1.00 -1.00 -0.10 1.00 1.00 1.00 1.00 1.00 0.01 -1.00 
 0.51 0.98 1.00 1.00 1.00 1.00 1.00 1.00 0.73 -0.47 -1.00 0.45 0.99 1.00 1.00 1.00 1.00 1.00 0.99 0.49 
 -0.37 -0.37 -0.37 -0.37 -0.37 -0.37 -0.37 -0.37 -0.37 -0.75 -1.00 -0.39 -0.37 -0.37 -0.37 -0.37 -0.37 -0.37 -0.37 -0.37 
 