-1.00 -1.00 -1.00 -1.00 -1.00 -1.00 -1.00 -1.00 -1.00 -1.00 -1.00 -1.00 -1.00 -1.00 -1.00 -1.00 -1.00 -1.00 -1.00 -1.00 
 -1.00 -1.00 -1.00 -1.00 -1.00 -0.89 -0.42 -1.00 -1.00 -1.00 -0.75 -0.28 -0.18 -0.34 -0.80 -1.00 -1.00 -1.00 -1.00 -1.00 
 -1.00 -0.95 -0.62 -0.14 0.44 0.95 0.90 -1.00 -0.98 -0.00 0.98 1.00 1.00 1.00 0.98 0.32 -0.85 -1.00 -1.00 -1.00 
 0.81 0.98 1.00 1.00 1.00 1.00 0.90 -0.85 0.43 1.00 1.00 1.00 1.00 1.00 1.00 1.00 0.58 -0.97 -1.00 -1.00 
 -0.06 0.08 0.81 1.00 1.00 1.00 0.95 0.75 0.93 0.47 0.44 0.83 1.00 1.00 1.00 1.00 1.00 -0.36 -1.00 -1.00 
 -1.00 -1.00 0.04 1.00 1.00 1.00 1.00 0.52 -0.81 -1.00 -1.00 -0.95 0.25 1.00 1.00 1.00 1.00 0.15 -1.00 -1.00 
 -1.00 -1.00 -0.08 1.00 1.00 1.00 0.98 -0.80 -1.00 -1.00 -1.00 -1.00 -0.91 0.90 1.00 1.00 1.00 0.39 -1.00 -1.00 
 -1.00 -1.00 -0.09 1.00 1.00 1.00 0.90 -1.00 -1.00 -1.00 -1.00 -1.00 -1.00 0.47 1.00 1.00 1.00 0.49 -1.00 -1.00 
 -1.00 -1.00 -0.09 1.00 1.00 1.00 0.90 -1.00 -1.00 -1.00 -1.00 -1.00 -1.00 0.29 1.00 1.00 1.00 0.51 -1.00 -1.00 
 -1.00 -1.00 -0.09 1.00 1.00 1.00 0.90 -1.00 -1.00 -1.00 -1.00 -1.00 -1.00 0.28 1.00 1.00 1.00 0.51 -1.00 -1.00 
 -1.00 -1.00 -0.09 1.00 1.00 1.00 0.90 -1.00 -1.00 -1.00 -1.00 -1.00 -1.00 0.28 1.00 1.00 1.00 0.51 -1.00 -1.00 
 -1.00 -1.00 -0.09 1.00 1.00 1.00 0.90 -1.00 -1.00 -1.00 -1.00 -1.00 -1.00 0.28 1.00 1.00 1.00 0.51 -1.00 -1.00 
 -1.00 -1.00 -0.09 1.00 1.00 1.00 0.90 -1.00 -1.00 -1.00 -1.00 -1.00 -1.00 0.28 1.00 1.00 1.00 0.51 -1.00 -1.00 
 -1.00 -1.00 -0.09 1.00 1.00 1.00 0.90 -1.00 -1.00 -1.00 -1.00 -1.00 -1.00 0.28 1.00 1.00 1.00 0.51 -1.00 -1.00 
 -1.00 -1.00 -0.09 1.00 1.00 1.00 0.90 -1.00 -1.00 -1.00 -1.00 -1.00 -1.00 0.28 1.00 1.00 1.00 0.51 -1.00 -1.00 
 -1.00 -1.00 -0.07 1.00 1.00 1.00 0.91 -1.00 -1.00 -1.00 -1.00 -1.00 -1.00 0.28 1.00 1.00 1.00 0.53 -1.00 -1.00 
 -1.00 -1.00 0.21 1.00 1.00 1.00 1.00 -0.80 -1.00 -1.00 -1.00 -1.00 -1.00 0.28 1.00 1.00 1.00 0.79 -0.96 -1.00 
 0.47 0.63 0.99 1.00 1.00 1.00 1.00 0.84 0.54 -0.29 -1.00 -1.00 -1.00 0.28 1.00 1.00 1.00 1.00 0.76 0.51 
 0.25 0.20 0.15 0.11 0.06 0.07 0.11 0.16 0.21 -0.38 -1.00 -1.00 -1.00 -0.21 0.18 0.11 0.05 0.08 0.15 0.22 
 -1.00 -1.00 -1.00 -1.00 -1.00 -1.00 -1.00 -1.00 -1.00 -1.00 -1.00 -1.00 -1.00 -1.00 -1.00 -1.00 -1.00 -1.00 -1.00 -1.00 
 