-1.00 -0.28 0.08 0.08 0.08 -0.24 -1.00 -0.79 0.07 0.66 0.94 0.98 0.84 0.47 -0.17 -0.92 -1.00 -1.00 -1.00 -1.00 
 -1.00 0.33 1.00 1.00 1.00 0.41 -0.28 0.91 1.00 1.00 1.00 1.00 1.00 1.00 1.00 0.75 -0.58 -1.00 -1.00 -1.00 
 -1.00 0.33 1.00 1.00 1.00 0.89 1.00 1.00 1.00 1.00 1.00 1.00 1.00 1.00 1.00 1.00 0.89 -0.68 -1.00 -1.00 
 -1.00 0.33 1.00 1.00 1.00 1.00 1.00 1.00 1.00 1.00 1.00 1.00 1.00 1.00 1.00 1.00 1.00 0.54 -0.99 -1.00 
 -1.00 0.33 1.00 1.00 1.00 1.00 1.00 1.00 0.45 -0.16 -0.29 0.04 0.82 1.00 1.00 1.00 1.00 1.00 -0.58 -1.00 
 -1.00 0.33 1.00 1.00 1.00 1.00 1.00 -0.22 -1.00 -1.00 -1.00 -1.00 -0.81 0.75 1.00 1.00 1.00 1.00 -0.04 -1.00 
 -1.00 0.33 1.00 1.00 1.00 1.00 0.32 -1.00 -1.00 -1.00 -1.00 -1.00 -1.00 -0.20 1.00 1.00 1.00 1.00 0.29 -1.00 
 -1.00 0.33 1.00 1.00 1.00 1.00 -0.39 -1.00 -1.00 -1.00 -1.00 -1.00 -1.00 -0.71 1.00 1.00 1.00 1.00 0.47 -1.00 
 -1.00 0.33 1.00 1.00 1.00 1.00 -0.70 -1.00 -1.00 -1.00 -1.00 -1.00 -1.00 -0.95 0.99 1.00 1.00 1.00 0.55 -1.00 
 -1.00 0.33 1.00 1.00 1.00 1.00 -0.84 -1.00 -1.00 -1.00 -1.00 -1.00 -1.00 -1.00 0.91 1.00 1.00 1.00 0.58 -1.00 
 -1.00 0.33 1.00 1.00 1.00 1.00 -0.87 -1.00 -1.00 -1.00 -1.00 -1.00 -1.00 -1.00 0.87 1.00 1.00 1.00 0.59 -1.00 
 -1.00 0.33 1.00 1.00 1.00 1.00 -0.87 -1.00 -1.00 -1.00 -1.00 -1.00 -1.00 -1.00 0.87 1.00 1.00 1.00 0.59 -1.00 
 -1.00 0.33 1.00 1.00 1.00 1.00 -0.87 -1.00 -1.00 -1.00 -1.00 -1.00 -1.00 -1.00 0.87 1.00 1.00 1.00 0.59 -1.00 
 -1.00 0.33 1.00 1.00 1.00 1.00 -0.87 -1.00 -1.00 -1.00 -1.00 -1.00 -1.00 -1.00 0.87 1.00 1.00 1.00 0.59 -1.00 
 -1.00 0.33 1.00 1.00 1.00 1.00 -0.87 -1.00 -1.00 -1.00 -1.00 -1.00 -1.00 -1.00 0.87 1.00 1.00 1.00 0.59 -1.00 
 -1.00 0.33 1.00 1.00 1.00 1.00 -0.87 -1.00 -1.00 -1.00 -1.00 -1.00 -1.00 -1.00 0.87 1.00 1.00 1.00 0.59 -1.00 
 -1.00 0.33 1.00 1.00 1.00 1.00 -0.87 -1.00 -1.00 -1.00 -1.00 -1.00 -1.00 -1.00 0.87 1.00 1.00 1.00 0.59 -1.00 
 -1.00 0.33 1.00 1.00 1.00 1.00 -0.87 -1.00 -1.00 -1.00 -1.00 -1.00 -1.00 -1.00 0.87 1.00 1.00 1.00 0.59 -1.00 
 -1.00 0.33 1.00 1.00 1.00 1.00 -0.87 -1.00 -1.00 -1.00 -1.00 -1.00 -1.00 -1.00 0.87 1.00 1.00 1.00 0.59 -1.00 
 -1.00 0.33 1.00 1.00 1.00 1.00 -0.87 -1.00 -1.00 -1.00 -1.00 -1.00 -1.00 -1.00 0.87 1.00 1.00 1.00 0.59 -1.00 
 