-0.95 0.14 0.54 0.57 0.53 0.02 -0.99 -1.00 -1.00 -0.83 -0.01 0.58 0.90 0.98 0.89 0.62 0.08 -0.77 -1.00 -1.00 
 -0.42 1.00 1.00 1.00 1.00 1.00 -0.61 -1.00 -0.31 0.88 1.00 1.00 1.00 1.00 1.00 1.00 1.00 0.89 -0.52 -1.00 
 -0.28 1.00 1.00 1.00 1.00 1.00 -0.47 -0.23 0.99 1.00 1.00 1.00 1.00 1.00 1.00 1.00 1.00 1.00 0.78 -0.94 
 -0.28 1.00 1.00 1.00 1.00 1.00 -0.11 0.95 0.91 0.04 -0.57 -0.70 -0.33 0.84 1.00 1.00 1.00 1.00 1.00 -0.35 
 -0.28 1.00 1.00 1.00 1.00 1.00 0.87 0.83 -0.67 -1.00 -1.00 -1.00 -1.00 -0.11 1.00 1.00 1.00 1.00 1.00 0.08 
 -0.28 1.00 1.00 1.00 1.00 1.00 1.00 -0.39 -1.00 -1.00 -1.00 -1.00 -1.00 -0.47 1.00 1.00 1.00 1.00 1.00 0.28 
 -0.28 1.00 1.00 1.00 1.00 1.00 0.71 -0.99 -1.00 -1.00 -1.00 -1.00 -1.00 -0.53 1.00 1.00 1.00 1.00 1.00 0.32 
 -0.28 1.00 1.00 1.00 1.00 1.00 0.24 -1.00 -1.00 -1.00 -1.00 -1.00 -1.00 -0.53 1.00 1.00 1.00 1.00 1.00 0.32 
 -0.28 1.00 1.00 1.00 1.00 1.00 0.06 -1.00 -1.00 -1.00 -1.00 -1.00 -1.00 -0.53 1.00 1.00 1.00 1.00 1.00 0.32 
 -0.28 1.00 1.00 1.00 1.00 1.00 0.04 -1.00 -1.00 -1.00 -1.00 -1.00 -1.00 -0.53 1.00 1.00 1.00 1.00 1.00 0.32 
 -0.28 1.00 1.00 1.00 1.00 1.00 0.04 -1.00 -1.00 -1.00 -1.00 -1.00 -1.00 -0.53 1.00 1.00 1.00 1.00 1.00 0.32 
 -0.28 1.00 1.00 1.00 1.00 1.00 0.04 -1.00 -1.00 -1.00 -1.00 -1.00 -1.00 -0.53 1.00 1.00 1.00 1.00 1.00 0.32 
 -0.28 1.00 1.00 1.00 1.00 1.00 0.04 -1.00 -1.00 -1.00 -1.00 -1.00 -1.00 -0.53 1.00 1.00 1.00 1.00 1.00 0.32 
 -0.28 1.00 1.00 1.00 1.00 1.00 0.04 -1.00 -1.00 -1.00 -1.00 -1.00 -1.00 -0.53 1.00 1.00 1.00 1.00 1.00 0.32 
 -0.28 1.00 1.00 1.00 1.00 1.00 0.04 -1.00 -1.00 -1.00 -1.00 -1.00 -1.00 -0.53 1.00 1.00 1.00 1.00 1.00 0.32 
 -0.28 1.00 1.00 1.00 1.00 1.00 0.04 -1.00 -1.00 -1.00 -1.00 -1.00 -1.00 -0.53 1.00 1.00 1.00 1.00 1.00 0.32 
 -0.28 1.00 1.00 1.00 1.00 1.00 0.04 -1.00 -1.00 -1.00 -1.00 -1.00 -1.00 -0.53 1.00 1.00 1.00 1.00 1.00 0.32 
 -0.28 1.00 1.00 1.00 1.00 1.00 0.04 -1.00 -1.00 -1.00 -1.00 -1.00 -1.00 -0.53 1.00 1.00 1.00 1.00 1.00 0.32 
 -0.29 1.00 1.00 1.00 1.00 1.00 0.02 -1.00 -1.00 -1.00 -1.00 -1.00 -1.00 -0.56 1.00 1.00 1.00 1.00 1.00 0.29 
 -0.70 0.95 1.00 1.00 1.00 1.00 -0.43 -1.00 -1.00 -1.00 -1.00 -1.00 -1.00 -0.87 0.87 1.00 1.00 1.00 1.00 -0.16 
 