-1.00 -1.00 -1.00 -1.00 -1.00 -1.00 -1.00 -1.00 -1.00 -1.00 -1.00 -1.00 -1.00 -1.00 -1.00 -1.00 -1.00 -1.00 -1.00 -1.00 
 -1.00 -1.00 -0.98 -0.55 0.10 0.49 0.22 -1.00 -1.00 -0.91 -0.29 0.29 0.60 0.58 0.23 -0.58 -1.00 -1.00 -1.00 -1.00 
 -0.51 0.15 0.79 1.00 1.00 1.00 0.65 -0.84 0.06 0.87 1.00 1.00 1.00 1.00 1.00 0.98 -0.25 -1.00 -1.00 -1.00 
 1.00 1.00 1.00 1.00 1.00 1.00 0.90 0.90 1.00 1.00 1.00 1.00 1.00 1.00 1.00 1.00 0.91 -0.84 -1.00 -1.00 
 -0.30 -0.30 0.47 1.00 1.00 1.00 0.95 0.40 -0.06 -0.36 -0.40 -0.03 0.87 1.00 1.00 1.00 1.00 -0.18 -1.00 -1.00 
 -1.00 -1.00 0.18 1.00 1.00 1.00 0.65 -1.00 -1.00 -1.00 -1.00 -1.00 -0.57 0.99 1.00 1.00 1.00 0.21 -1.00 -1.00 
 -1.00 -1.00 0.18 1.00 1.00 1.00 0.65 -1.00 -1.00 -1.00 -1.00 -1.00 -1.00 0.61 1.00 1.00 1.00 0.39 -1.00 -1.00 
 -1.00 -1.00 0.18 1.00 1.00 1.00 0.65 -1.00 -1.00 -1.00 -1.00 -1.00 -1.00 0.32 1.00 1.00 1.00 0.41 -1.00 -1.00 
 -1.00 -1.00 0.18 1.00 1.00 1.00 0.65 -1.00 -1.00 -1.00 -1.00 -1.00 -1.00 0.26 1.00 1.00 1.00 0.41 -1.00 -1.00 
 -1.00 -1.00 0.18 1.00 1.00 1.00 0.65 -1.00 -1.00 -1.00 -1.00 -1.00 -1.00 0.26 1.00 1.00 1.00 0.41 -1.00 -1.00 
 -1.00 -1.00 0.18 1.00 1.00 1.00 0.65 -1.00 -1.00 -1.00 -1.00 -1.00 -1.00 0.26 1.00 1.00 1.00 0.41 -1.00 -1.00 
 -1.00 -1.00 0.18 1.00 1.00 1.00 0.65 -1.00 -1.00 -1.00 -1.00 -1.00 -1.00 0.26 1.00 1.00 1.00 0.41 -1.00 -1.00 
 -1.00 -1.00 0.18 1.00 1.00 1.00 0.65 -1.00 -1.00 -1.00 -1.00 -1.00 -1.00 0.26 1.00 1.00 1.00 0.41 -1.00 -1.00 
 -1.00 -1.00 0.18 1.00 1.00 1.00 0.65 -1.00 -1.00 -1.00 -1.00 -1.00 -1.00 0.26 1.00 1.00 1.00 0.41 -1.00 -1.00 
 -1.00 -1.00 0.18 1.00 1.00 1.00 0.65 -1.00 -1.00 -1.00 -1.00 -1.00 -1.00 0.26 1.00 1.00 1.00 0.41 -1.00 -1.00 
 -1.00 -1.00 0.18 1.00 1.00 1.00 0.65 -1.00 -1.00 -1.00 -1.00 -1.00 -1.00 0.26 1.00 1.00 1.00 0.41 -1.00 -1.00 
 -1.00 -1.00 0.34 1.00 1.00 1.00 0.76 -0.95 -1.00 -1.00 -1.00 -1.00 -0.99 0.43 1.00 1.00 1.00 0.56 -0.99 -1.00 
 0.40 0.72 1.00 1.00 1.00 1.00 1.00 0.79 0.36 -1.00 -1.00 0.01 0.72 1.00 1.00 1.00 1.00 1.00 0.75 0.57 
 0.55 0.73 0.73 0.73 0.73 0.73 0.73 0.73 0.50 -1.00 -1.00 0.13 0.73 0.73 0.73 0.73 0.73 0.73 0.73 0.73 
 -1.00 -1.00 -1.00 -1.00 -1.00 -1.00 -1.00 -1.00 -1.00 -1.00 -1.00 -1.00 -1.00 -1.00 -1.00 -1.00 -1.00 -1.00 -1.00 -1.00 
 