0.00 0.00 0.00 0.00 0.00 0.02 0.24 0.56 0.11 0.00 0.00 0.00 0.00 0.00 0.03 0.30 0.60 0.37 0.00 0.00 
 0.00 0.00 0.00 0.02 0.24 0.73 1.00 0.99 0.18 0.00 0.00 0.00 0.01 0.24 0.78 1.00 1.00 0.71 0.00 0.00 
 0.00 0.00 0.18 0.67 1.00 1.00 1.00 0.89 0.02 0.00 0.00 0.09 0.58 0.99 1.00 1.00 1.00 0.47 0.00 0.00 
 0.09 0.55 0.96 0.89 1.00 1.00 1.00 0.74 0.00 0.02 0.36 0.90 0.95 0.93 1.00 1.00 0.99 0.19 0.00 0.00 
 0.63 0.69 0.27 0.02 0.81 1.00 1.00 0.49 0.17 0.72 0.97 0.62 0.12 0.30 1.00 1.00 0.86 0.01 0.00 0.00 
 0.10 0.00 0.00 0.02 0.87 1.00 1.00 0.69 0.96 0.80 0.24 0.00 0.00 0.38 1.00 1.00 0.64 0.00 0.00 0.00 
 0.00 0.00 0.00 0.12 0.99 1.00 1.00 0.93 0.47 0.02 0.00 0.00 0.00 0.58 1.00 1.00 0.36 0.00 0.00 0.00 
 0.00 0.00 0.00 0.26 1.00 1.00 0.83 0.15 0.00 0.00 0.00 0.00 0.01 0.81 1.00 0.95 0.09 0.00 0.00 0.00 
 0.00 0.00 0.00 0.49 1.00 1.00 0.48 0.00 0.00 0.00 0.00 0.00 0.12 0.98 1.00 0.79 0.00 0.00 0.00 0.00 
 0.00 0.00 0.00 0.73 1.00 1.00 0.23 0.00 0.00 0.00 0.00 0.00 0.29 1.00 1.00 0.52 0.00 0.00 0.00 0.00 
 0.00 0.00 0.09 0.95 1.00 0.89 0.02 0.00 0.00 0.00 0.00 0.00 0.54 1.00 1.00 0.25 0.00 0.00 0.00 0.00 
 0.00 0.00 0.24 1.00 1.00 0.73 0.00 0.00 0.00 0.00 0.00 0.01 0.79 1.00 0.91 0.04 0.00 0.00 0.00 0.00 
 0.00 0.00 0.50 1.00 1.00 0.47 0.00 0.00 0.00 0.00 0.00 0.11 0.98 1.00 0.76 0.00 0.00 0.00 0.00 0.00 
 0.00 0.01 0.78 1.00 1.00 0.22 0.00 0.00 0.00 0.00 0.00 0.29 1.00 1.00 0.56 0.00 0.00 0.00 0.00 0.15 
 0.00 0.13 0.98 1.00 0.89 0.02 0.00 0.00 0.00 0.00 0.00 0.53 1.00 1.00 0.43 0.00 0.00 0.09 0.53 0.91 
 0.00 0.34 1.00 1.00 0.72 0.00 0.00 0.00 0.00 0.00 0.00 0.76 1.00 1.00 0.53 0.07 0.41 0.90 0.79 0.18 
 0.00 0.62 1.00 1.00 0.47 0.00 0.00 0.00 0.00 0.00 0.09 0.96 1.00 1.00 0.98 0.93 0.96 0.54 0.04 0.00 
 0.05 0.90 1.00 1.00 0.22 0.00 0.00 0.00 0.00 0.00 0.15 1.00 1.00 1.00 1.00 0.80 0.23 0.00 0.00 0.00 
 0.19 1.00 0.92 0.60 0.02 0.00 0.00 0.00 0.00 0.00 0.14 1.00 1.00 0.92 0.47 0.03 0.00 0.00 0.00 0.00 
 0.26 0.41 0.07 0.00 0.00 0.00 0.00 0.00 0.00 0.00 0.02 0.75 0.59 0.11 0.00 0.00 0.00 0.00 0.00 0.00 
 