-0.67 0.20 0.29 0.29 0.20 -0.65 -1.00 -1.00 -0.97 -0.33 0.36 0.78 0.98 0.98 0.85 0.52 -0.05 -0.85 -1.00 -1.00 
 0.19 1.00 1.00 1.00 1.00 0.25 -1.00 -0.64 0.65 1.00 1.00 1.00 1.00 1.00 1.00 1.00 1.00 0.84 -0.53 -1.00 
 0.25 1.00 1.00 1.00 1.00 0.31 -0.55 0.90 1.00 0.96 0.69 0.67 0.92 1.00 1.00 1.00 1.00 1.00 0.85 -0.84 
 0.25 1.00 1.00 1.00 1.00 0.47 0.82 0.84 -0.20 -0.91 -1.00 -1.00 -0.94 -0.03 1.00 1.00 1.00 1.00 1.00 -0.04 
 0.25 1.00 1.00 1.00 1.00 1.00 0.80 -0.74 -1.00 -1.00 -1.00 -1.00 -1.00 -1.00 0.55 1.00 1.00 1.00 1.00 0.47 
 0.25 1.00 1.00 1.00 1.00 1.00 -0.35 -1.00 -1.00 -1.00 -1.00 -1.00 -1.00 -1.00 0.15 1.00 1.00 1.00 1.00 0.68 
 0.25 1.00 1.00 1.00 1.00 0.87 -0.97 -1.00 -1.00 -1.00 -1.00 -1.00 -1.00 -1.00 0.10 1.00 1.00 1.00 1.00 0.71 
 0.25 1.00 1.00 1.00 1.00 0.58 -1.00 -1.00 -1.00 -1.00 -1.00 -1.00 -1.00 -1.00 0.10 1.00 1.00 1.00 1.00 0.71 
 0.25 1.00 1.00 1.00 1.00 0.52 -1.00 -1.00 -1.00 -1.00 -1.00 -1.00 -1.00 -1.00 0.10 1.00 1.00 1.00 1.00 0.71 
 0.25 1.00 1.00 1.00 1.00 0.52 -1.00 -1.00 -1.00 -1.00 -1.00 -1.00 -1.00 -1.00 0.10 1.00 1.00 1.00 1.00 0.71 
 0.25 1.00 1.00 1.00 1.00 0.52 -1.00 -1.00 -1.00 -1.00 -1.00 -1.00 -1.00 -1.00 0.10 1.00 1.00 1.00 1.00 0.71 
 0.25 1.00 1.00 1.00 1.00 0.52 -1.00 -1.00 -1.00 -1.00 -1.00 -1.00 -1.00 -1.00 0.10 1.00 1.00 1.00 1.00 0.71 
 0.25 1.00 1.00 1.00 1.00 0.52 -1.00 -1.00 -1.00 -1.00 -1.00 -1.00 -1.00 -1.00 0.10 1.00 1.00 1.00 1.00 0.71 
 0.25 1.00 1.00 1.00 1.00 0.52 -1.00 -1.00 -1.00 -1.00 -1.00 -1.00 -1.00 -1.00 0.10 1.00 1.00 1.00 1.00 0.71 
 0.25 1.00 1.00 1.00 1.00 0.52 -1.00 -1.00 -1.00 -1.00 -1.00 -1.00 -1.00 -1.00 0.10 1.00 1.00 1.00 1.00 0.71 
 0.25 1.00 1.00 1.00 1.00 0.52 -1.00 -1.00 -1.00 -1.00 -1.00 -1.00 -1.00 -1.00 0.10 1.00 1.00 1.00 1.00 0.71 
 0.25 1.00 1.00 1.00 1.00 0.52 -1.00 -1.00 -1.00 -1.00 -1.00 -1.00 -1.00 -1.00 0.10 1.00 1.00 1.00 1.00 0.71 
 0.25 1.00 1.00 1.00 1.00 0.52 -1.00 -1.00 -1.00 -1.00 -1.00 -1.00 -1.00 -1.00 0.10 1.00 1.00 1.00 1.00 0.71 
 0.25 1.00 1.00 1.00 1.00 0.52 -1.00 -1.00 -1.00 -1.00 -1.00 -1.00 -1.00 -1.00 0.09 1.00 1.00 1.00 1.00 0.71 
 -0.01 1.00 1.00 1.00 1.00 0.26 -1.00 -1.00 -1.00 -1.00 -1.00 -1.00 -1.00 -1.00 -0.18 1.00 1.00 1.00 1.00 0.44 
 