-1.00 -1.00 -1.00 -1.00 -0.61 0.40 0.92 -0.36 -1.00 -1.00 -1.00 -1.00 -1.00 -1.00 -0.78 0.07 0.73 0.95 -0.19 -1.00 
 -1.00 -1.00 -0.91 0.15 0.98 1.00 1.00 0.03 -1.00 -1.00 -1.00 -1.00 -0.95 0.00 0.94 1.00 1.00 1.00 0.40 -1.00 
 -1.00 -0.54 0.73 0.70 1.00 1.00 1.00 -0.22 -1.00 -1.00 -1.00 -0.73 0.62 0.95 0.64 0.99 1.00 1.00 0.26 -1.00 
 -0.00 0.69 -0.47 -1.00 0.60 1.00 1.00 -0.65 -1.00 -1.00 -0.55 0.84 0.13 -0.84 -1.00 0.45 1.00 1.00 -0.05 -1.00 
 -0.24 -0.93 -1.00 -1.00 0.57 1.00 0.86 -0.98 -1.00 -0.49 0.80 -0.44 -1.00 -1.00 -1.00 0.45 1.00 1.00 -0.47 -1.00 
 -1.00 -1.00 -1.00 -1.00 0.81 1.00 0.40 -1.00 -0.61 0.78 -0.58 -1.00 -1.00 -1.00 -1.00 0.75 1.00 0.96 -0.91 -1.00 
 -1.00 -1.00 -1.00 -0.87 1.00 1.00 -0.07 -0.81 0.74 -0.51 -1.00 -1.00 -1.00 -1.00 -0.81 1.00 1.00 0.57 -1.00 -1.00 
 -1.00 -1.00 -1.00 -0.53 1.00 1.00 -0.51 0.51 -0.15 -1.00 -1.00 -1.00 -1.00 -1.00 -0.33 1.00 1.00 0.09 -1.00 -1.00 
 -1.00 -1.00 -1.00 -0.15 1.00 0.94 0.06 0.44 -0.99 -1.00 -1.00 -1.00 -1.00 -1.00 0.16 1.00 1.00 -0.39 -1.00 -1.00 
 -1.00 -1.00 -1.00 0.25 1.00 0.89 0.90 -0.76 -1.00 -1.00 -1.00 -1.00 -1.00 -1.00 0.65 1.00 0.99 -0.85 -1.00 -1.00 
 -1.00 -1.00 -1.00 0.67 1.00 1.00 0.04 -1.00 -1.00 -1.00 -1.00 -1.00 -1.00 -0.84 0.99 1.00 0.65 -1.00 -1.00 -1.00 
 -1.00 -1.00 -0.87 0.98 1.00 0.93 -0.84 -1.00 -1.00 -1.00 -1.00 -1.00 -1.00 -0.36 1.00 1.00 0.18 -1.00 -1.00 -1.00 
 -1.00 -1.00 -0.44 1.00 1.00 0.27 -1.00 -1.00 -1.00 -1.00 -1.00 -1.00 -1.00 0.12 1.00 1.00 -0.29 -1.00 -1.00 -1.00 
 -1.00 -1.00 0.02 1.00 1.00 -0.40 -1.00 -1.00 -1.00 -1.00 -1.00 -1.00 -1.00 0.62 1.00 1.00 -0.77 -1.00 -1.00 -1.00 
 -1.00 -1.00 0.50 1.00 0.95 -0.92 -1.00 -1.00 -1.00 -1.00 -1.00 -1.00 -0.87 0.98 1.00 0.75 -1.00 -1.00 -1.00 -1.00 
 -1.00 -0.94 0.94 1.00 0.53 -1.00 -1.00 -1.00 -1.00 -1.00 -1.00 -1.00 -0.41 1.00 1.00 0.27 -1.00 -1.00 -0.93 -0.38 
 -1.00 -0.50 1.00 1.00 0.11 -1.00 -1.00 -1.00 -1.00 -1.00 -1.00 -1.00 0.04 1.00 1.00 0.04 -0.99 -0.47 0.68 0.04 
 -1.00 0.03 1.00 1.00 -0.27 -1.00 -1.00 -1.00 -1.00 -1.00 -1.00 -1.00 0.39 1.00 1.00 0.81 0.58 0.80 -0.46 -1.00 
 -1.00 0.57 1.00 1.00 -0.61 -1.00 -1.00 -1.00 -1.00 -1.00 -1.00 -1.00 0.51 1.00 1.00 1.00 0.31 -0.85 -1.00 -1.00 
 -0.96 0.76 0.33 -0.15 -0.94 -1.00 -1.00 -1.00 -1.00 -1.00 -1.00 -1.00 -0.12 0.96 0.53 -0.46 -1.00 -1.00 -1.00 -1.00 
 