-1.00 -1.00 -1.00 -1.00 -1.00 -1.00 -1.00 -1.00 -1.00 -1.00 -1.00 -1.00 -1.00 -1.00 -1.00 -1.00 -1.00 -1.00 -1.00 -1.00 
 -1.00 -0.51 -0.21 -0.04 0.12 0.29 0.45 0.37 -1.00 -1.00 -0.99 -0.40 0.36 0.66 0.47 -0.36 -1.00 -1.00 -1.00 -1.00 
 -1.00 0.66 1.00 1.00 1.00 1.00 1.00 0.32 -1.00 -0.87 0.40 1.00 1.00 1.00 1.00 1.00 -0.14 -1.00 -1.00 -1.00 
 -1.00 -0.90 -0.86 -0.39 0.98 1.00 1.00 -0.11 -0.83 0.65 0.92 0.19 -0.19 0.45 1.00 1.00 0.91 -0.90 -1.00 -1.00 
 -1.00 -1.00 -1.00 -0.99 0.88 1.00 1.00 -0.45 0.60 0.58 -0.75 -1.00 -1.00 -0.91 0.96 1.00 1.00 -0.56 -1.00 -1.00 
 -1.00 -1.00 -1.00 -0.69 1.00 1.00 0.96 0.38 0.53 -0.91 -1.00 -1.00 -1.00 -0.95 0.97 1.00 1.00 -0.62 -1.00 -1.00 
 -1.00 -1.00 -1.00 -0.11 1.00 1.00 1.00 0.76 -0.84 -1.00 -1.00 -1.00 -1.00 -0.57 1.00 1.00 0.98 -0.91 -1.00 -1.00 
 -1.00 -1.00 -1.00 0.47 1.00 1.00 0.99 -0.48 -1.00 -1.00 -1.00 -1.00 -1.00 0.03 1.00 1.00 0.59 -1.00 -1.00 -1.00 
 -1.00 -1.00 -0.88 0.96 1.00 1.00 0.26 -1.00 -1.00 -1.00 -1.00 -1.00 -0.99 0.70 1.00 1.00 -0.01 -1.00 -1.00 -1.00 
 -1.00 -1.00 -0.34 1.00 1.00 0.97 -0.75 -1.00 -1.00 -1.00 -1.00 -1.00 -0.62 1.00 1.00 1.00 -0.69 -1.00 -1.00 -1.00 
 -1.00 -1.00 0.25 1.00 1.00 0.36 -1.00 -1.00 -1.00 -1.00 -1.00 -1.00 0.06 1.00 1.00 0.63 -1.00 -1.00 -1.00 -1.00 
 -1.00 -0.98 0.83 1.00 1.00 -0.35 -1.00 -1.00 -1.00 -1.00 -1.00 -0.99 0.73 1.00 1.00 -0.05 -1.00 -1.00 -1.00 -1.00 
 -1.00 -0.56 1.00 1.00 0.93 -0.91 -1.00 -1.00 -1.00 -1.00 -1.00 -0.58 1.00 1.00 1.00 -0.73 -1.00 -1.00 -0.99 -0.86 
 -1.00 0.04 1.00 1.00 0.40 -1.00 -1.00 -1.00 -1.00 -1.00 -1.00 0.08 1.00 1.00 0.58 -1.00 -1.00 -1.00 -0.29 0.82 
 -1.00 0.62 1.00 1.00 -0.18 -1.00 -1.00 -1.00 -1.00 -1.00 -1.00 0.68 1.00 1.00 -0.11 -1.00 -1.00 -0.73 0.87 0.25 
 -0.78 1.00 1.00 1.00 -0.77 -1.00 -1.00 -1.00 -1.00 -1.00 -0.89 1.00 1.00 1.00 -0.77 -1.00 -0.87 0.65 0.74 -0.87 
 -0.19 1.00 1.00 0.64 -1.00 -1.00 -1.00 -1.00 -1.00 -1.00 -0.80 1.00 1.00 0.91 -0.98 -0.72 0.62 0.87 -0.64 -1.00 
 0.40 1.00 1.00 0.04 -1.00 -1.00 -1.00 -1.00 -1.00 -1.00 -0.98 0.73 1.00 1.00 0.77 0.97 0.80 -0.60 -1.00 -1.00 
 -0.06 0.02 0.02 -0.69 -1.00 -1.00 -1.00 -1.00 -1.00 -1.00 -1.00 -0.58 0.72 1.00 0.85 0.14 -0.84 -1.00 -1.00 -1.00 
 -1.00 -1.00 -1.00 -1.00 -1.00 -1.00 -1.00 -1.00 -1.00 -1.00 -1.00 -1.00 -0.99 -0.89 -0.99 -1.00 -1.00 -1.00 -1.00 -1.00 
 