-1.00 -1.00 -1.00 -0.67 -0.29 -0.49 -0.97 -1.00 -1.00 -1.00 -0.98 -0.63 -0.31 -0.31 -0.70 -1.00 -1.00 -1.00 -1.00 -1.00 
 -1.00 -0.98 0.17 1.00 1.00 1.00 0.62 -0.80 -0.99 -0.33 0.70 1.00 1.00 1.00 1.00 0.34 -0.91 -1.00 -1.00 -1.00 
 -1.00 -0.08 1.00 1.00 1.00 1.00 1.00 0.37 0.20 1.00 1.00 1.00 1.00 1.00 1.00 1.00 0.21 -1.00 -1.00 -1.00 
 -0.91 0.88 1.00 1.00 -0.11 0.89 1.00 1.00 1.00 1.00 0.98 0.22 -0.42 -0.26 0.95 1.00 0.95 -0.89 -1.00 -1.00 
 -0.28 1.00 1.00 0.46 -1.00 0.65 1.00 1.00 1.00 0.96 -0.39 -1.00 -1.00 -1.00 0.50 1.00 1.00 -0.57 -1.00 -1.00 
 0.33 1.00 1.00 -0.23 -0.95 0.91 1.00 1.00 1.00 -0.16 -1.00 -1.00 -1.00 -1.00 0.48 1.00 1.00 -0.56 -1.00 -1.00 
 0.84 1.00 1.00 -0.76 -0.55 1.00 1.00 1.00 0.52 -0.99 -1.00 -1.00 -1.00 -0.99 0.80 1.00 1.00 -0.82 -1.00 -1.00 
 0.71 1.00 0.59 -1.00 -0.04 1.00 1.00 1.00 -0.54 -1.00 -1.00 -1.00 -1.00 -0.73 1.00 1.00 0.77 -1.00 -1.00 -1.00 
 -0.89 -0.58 -0.91 -1.00 0.45 1.00 1.00 0.56 -1.00 -1.00 -1.00 -1.00 -1.00 -0.19 1.00 1.00 0.28 -1.00 -1.00 -1.00 
 -1.00 -1.00 -1.00 -0.95 0.91 1.00 1.00 -0.24 -1.00 -1.00 -1.00 -1.00 -1.00 0.40 1.00 1.00 -0.27 -1.00 -1.00 -1.00 
 -1.00 -1.00 -1.00 -0.54 1.00 1.00 0.93 -0.89 -1.00 -1.00 -1.00 -1.00 -0.90 0.94 1.00 0.98 -0.84 -1.00 -1.00 -1.00 
 -1.00 -1.00 -1.00 -0.04 1.00 1.00 0.37 -1.00 -1.00 -1.00 -1.00 -1.00 -0.30 1.00 1.00 0.52 -1.00 -0.99 -0.87 -0.98 
 -1.00 -1.00 -1.00 0.46 1.00 1.00 -0.25 -1.00 -1.00 -1.00 -1.00 -1.00 0.38 1.00 1.00 -0.14 -1.00 0.12 1.00 0.72 
 -1.00 -1.00 -0.95 0.92 1.00 0.99 -0.83 -1.00 -1.00 -1.00 -1.00 -0.86 0.95 1.00 0.98 -0.80 -0.95 0.89 1.00 1.00 
 -1.00 -1.00 -0.54 1.00 1.00 0.61 -1.00 -1.00 -1.00 -1.00 -1.00 -0.27 1.00 1.00 0.49 -1.00 -0.38 1.00 1.00 0.58 
 -1.00 -1.00 -0.04 1.00 1.00 0.07 -1.00 -1.00 -1.00 -1.00 -1.00 0.13 1.00 1.00 -0.12 -0.99 0.54 1.00 1.00 -0.20 
 -1.00 -1.00 0.47 1.00 1.00 -0.43 -1.00 -1.00 -1.00 -1.00 -1.00 0.14 1.00 1.00 -0.13 0.07 1.00 1.00 0.73 -0.95 
 -1.00 -0.95 0.92 1.00 0.96 -0.90 -1.00 -1.00 -1.00 -1.00 -1.00 -0.33 1.00 1.00 1.00 1.00 1.00 0.96 -0.52 -1.00 
 -1.00 -0.91 0.92 1.00 0.41 -1.00 -1.00 -1.00 -1.00 -1.00 -1.00 -0.98 0.41 1.00 1.00 1.00 0.87 -0.39 -1.00 -1.00 
 -1.00 -1.00 -0.54 -0.04 -0.79 -1.00 -1.00 -1.00 -1.00 -1.00 -1.00 -1.00 -0.98 -0.36 -0.00 -0.21 -0.85 -1.00 -1.00 -1.00 
 