0.00 0.00 0.00 0.00 0.89 1.00 1.00 0.33 0.00 0.00 0.00 0.00 0.00 0.11 1.00 1.00 0.78 0.00 0.00 0.00 
 0.00 0.00 0.00 0.00 0.89 1.00 1.00 0.77 0.00 0.00 0.00 0.00 0.00 0.11 1.00 1.00 0.78 0.00 0.00 0.00 
 0.00 0.00 0.00 0.00 0.89 1.00 1.00 0.99 0.22 0.00 0.00 0.00 0.00 0.11 1.00 1.00 0.78 0.00 0.00 0.00 
 0.00 0.00 0.00 0.00 0.89 1.00 1.00 1.00 0.67 0.00 0.00 0.00 0.00 0.11 1.00 1.00 0.78 0.00 0.00 0.00 
 0.00 0.00 0.00 0.00 0.89 1.00 1.00 1.00 0.96 0.13 0.00 0.00 0.00 0.11 1.00 1.00 0.78 0.00 0.00 0.00 
 0.00 0.00 0.00 0.00 0.89 1.00 0.99 0.99 1.00 0.56 0.00 0.00 0.00 0.11 1.00 1.00 0.78 0.00 0.00 0.00 
 0.00 0.00 0.00 0.00 0.89 1.00 0.89 0.65 1.00 0.91 0.05 0.00 0.00 0.11 1.00 1.00 0.78 0.00 0.00 0.00 
 0.00 0.00 0.00 0.00 0.89 1.00 0.89 0.22 1.00 1.00 0.45 0.00 0.00 0.11 1.00 1.00 0.78 0.00 0.00 0.00 
 0.00 0.00 0.00 0.00 0.89 1.00 0.89 0.02 0.77 1.00 0.85 0.02 0.00 0.11 1.00 1.00 0.78 0.00 0.00 0.00 
 0.00 0.00 0.00 0.00 0.89 1.00 0.89 0.00 0.32 1.00 1.00 0.33 0.00 0.11 1.00 1.00 0.78 0.00 0.00 0.00 
 0.00 0.00 0.00 0.00 0.89 1.00 0.89 0.00 0.04 0.87 1.00 0.77 0.00 0.11 1.00 1.00 0.78 0.00 0.00 0.00 
 0.00 0.00 0.00 0.00 0.89 1.00 0.89 0.00 0.00 0.44 1.00 0.99 0.22 0.11 1.00 1.00 0.78 0.00 0.00 0.00 
 0.00 0.00 0.00 0.00 0.89 1.00 0.89 0.00 0.00 0.07 0.94 1.00 0.67 0.11 1.00 1.00 0.78 0.00 0.00 0.00 
 0.00 0.00 0.00 0.00 0.89 1.00 0.89 0.00 0.00 0.00 0.56 1.00 0.96 0.24 1.00 1.00 0.78 0.00 0.00 0.00 
 0.00 0.00 0.00 0.00 0.89 1.00 0.89 0.00 0.00 0.00 0.15 0.99 1.00 0.65 1.00 1.00 0.78 0.00 0.00 0.00 
 0.00 0.00 0.00 0.00 0.89 1.00 0.89 0.00 0.00 0.00 0.00 0.67 1.00 0.99 1.00 1.00 0.78 0.00 0.00 0.00 
 0.00 0.00 0.00 0.00 0.89 1.00 0.89 0.00 0.00 0.00 0.00 0.24 1.00 1.00 1.00 1.00 0.78 0.00 0.00 0.00 
 0.00 0.00 0.00 0.00 0.89 1.00 0.89 0.00 0.00 0.00 0.00 0.02 0.78 1.00 1.00 1.00 0.78 0.00 0.00 0.00 
 0.00 0.00 0.00 0.00 0.89 1.00 0.89 0.00 0.00 0.00 0.00 0.00 0.33 1.00 1.00 1.00 0.78 0.00 0.00 0.00 
 0.00 0.00 0.00 0.00 0.89 1.00 0.89 0.00 0.00 0.00 0.00 0.00 0.04 0.88 1.00 1.00 0.78 0.00 0.00 0.00 
 