0.00 0.43 0.96 0.33 0.00 0.00 0.00 0.00 0.00 0.00 0.00 0.00 0.00 0.00 0.00 0.00 0.25 0.86 0.49 0.00 
 0.00 0.43 1.00 0.94 0.23 0.00 0.00 0.00 0.00 0.00 0.00 0.00 0.00 0.00 0.00 0.00 0.29 1.00 0.57 0.00 
 0.00 0.43 1.00 1.00 0.90 0.15 0.00 0.00 0.00 0.00 0.00 0.00 0.00 0.00 0.00 0.00 0.29 1.00 0.57 0.00 
 0.00 0.43 1.00 1.00 1.00 0.86 0.13 0.00 0.00 0.00 0.00 0.00 0.00 0.00 0.00 0.00 0.29 1.00 0.57 0.00 
 0.00 0.43 1.00 0.92 1.00 1.00 0.78 0.08 0.00 0.00 0.00 0.00 0.00 0.00 0.00 0.00 0.29 1.00 0.57 0.00 
 0.00 0.43 1.00 0.37 0.82 1.00 1.00 0.72 0.04 0.00 0.00 0.00 0.00 0.00 0.00 0.00 0.29 1.00 0.57 0.00 
 0.00 0.43 1.00 0.29 0.15 0.88 1.00 1.00 0.67 0.02 0.00 0.00 0.00 0.00 0.00 0.00 0.29 1.00 0.57 0.00 
 0.00 0.43 1.00 0.29 0.00 0.23 0.92 1.00 1.00 0.57 0.02 0.00 0.00 0.00 0.00 0.00 0.29 1.00 0.57 0.00 
 0.00 0.43 1.00 0.31 0.00 0.00 0.27 0.96 1.00 1.00 0.45 0.00 0.00 0.00 0.00 0.00 0.29 1.00 0.57 0.00 
 0.00 0.43 1.00 0.43 0.00 0.00 0.00 0.33 0.98 1.00 0.98 0.39 0.00 0.00 0.00 0.00 0.29 1.00 0.57 0.00 
 0.00 0.43 1.00 0.43 0.00 0.00 0.00 0.00 0.43 0.98 1.00 0.96 0.31 0.00 0.00 0.00 0.29 1.00 0.57 0.00 
 0.00 0.43 1.00 0.43 0.00 0.00 0.00 0.00 0.00 0.55 1.00 1.00 0.92 0.23 0.00 0.00 0.29 1.00 0.57 0.00 
 0.00 0.43 1.00 0.43 0.00 0.00 0.00 0.00 0.00 0.02 0.64 1.00 1.00 0.90 0.15 0.00 0.29 1.00 0.57 0.00 
 0.00 0.43 1.00 0.43 0.00 0.00 0.00 0.00 0.00 0.00 0.04 0.69 1.00 1.00 0.86 0.11 0.29 1.00 0.57 0.00 
 0.00 0.43 1.00 0.43 0.00 0.00 0.00 0.00 0.00 0.00 0.00 0.08 0.78 1.00 1.00 0.78 0.27 1.00 0.57 0.00 
 0.00 0.43 1.00 0.43 0.00 0.00 0.00 0.00 0.00 0.00 0.00 0.00 0.13 0.86 1.00 1.00 0.82 1.00 0.57 0.00 
 0.00 0.43 1.00 0.43 0.00 0.00 0.00 0.00 0.00 0.00 0.00 0.00 0.00 0.16 0.92 1.00 1.00 1.00 0.57 0.00 
 0.00 0.43 1.00 0.43 0.00 0.00 0.00 0.00 0.00 0.00 0.00 0.00 0.00 0.00 0.23 0.94 1.00 1.00 0.57 0.00 
 0.00 0.43 1.00 0.43 0.00 0.00 0.00 0.00 0.00 0.00 0.00 0.00 0.00 0.00 0.00 0.33 0.96 1.00 0.57 0.00 
 0.00 0.43 1.00 0.43 0.00 0.00 0.00 0.00 0.00 0.00 0.00 0.00 0.00 0.00 0.00 0.00 0.41 1.00 0.57 0.00 
 