0.00 0.17 0.56 0.67 0.67 0.56 0.11 0.00 0.00 0.11 0.45 0.81 1.00 1.00 1.00 0.86 0.56 0.17 0.00 0.00 
 0.00 0.50 1.00 1.00 1.00 1.00 0.50 0.03 0.33 0.89 1.00 1.00 1.00 1.00 1.00 1.00 1.00 0.95 0.39 0.00 
 0.00 0.50 1.00 1.00 1.00 1.00 0.53 0.47 1.00 1.00 1.00 1.00 1.00 1.00 1.00 1.00 1.00 1.00 0.97 0.33 
 0.00 0.50 1.00 1.00 1.00 1.00 0.89 1.00 1.00 1.00 1.00 1.00 1.00 1.00 1.00 1.00 1.00 1.00 1.00 0.89 
 0.00 0.50 1.00 1.00 1.00 1.00 1.00 1.00 1.00 1.00 0.97 0.84 0.86 1.00 1.00 1.00 1.00 1.00 1.00 1.00 
 0.00 0.50 1.00 1.00 1.00 1.00 1.00 1.00 1.00 0.75 0.22 0.00 0.03 0.39 0.95 1.00 1.00 1.00 1.00 1.00 
 0.00 0.50 1.00 1.00 1.00 1.00 1.00 1.00 0.67 0.03 0.00 0.00 0.00 0.00 0.42 1.00 1.00 1.00 1.00 1.00 
 0.00 0.50 1.00 1.00 1.00 1.00 1.00 0.70 0.03 0.00 0.00 0.00 0.00 0.00 0.14 0.97 1.00 1.00 1.00 1.00 
 0.00 0.50 1.00 1.00 1.00 1.00 1.00 0.33 0.00 0.00 0.00 0.00 0.00 0.00 0.00 0.84 1.00 1.00 1.00 1.00 
 0.00 0.50 1.00 1.00 1.00 1.00 1.00 0.33 0.00 0.00 0.00 0.00 0.00 0.00 0.00 0.84 1.00 1.00 1.00 1.00 
 0.00 0.50 1.00 1.00 1.00 1.00 1.00 0.33 0.00 0.00 0.00 0.00 0.00 0.00 0.00 0.84 1.00 1.00 1.00 1.00 
 0.00 0.50 1.00 1.00 1.00 1.00 1.00 0.33 0.00 0.00 0.00 0.00 0.00 0.00 0.00 0.84 1.00 1.00 1.00 1.00 
 0.00 0.50 1.00 1.00 1.00 1.00 1.00 0.33 0.00 0.00 0.00 0.00 0.00 0.00 0.00 0.84 1.00 1.00 1.00 1.00 
 0.00 0.50 1.00 1.00 1.00 1.00 1.00 0.33 0.00 0.00 0.00 0.00 0.00 0.00 0.00 0.84 1.00 1.00 1.00 1.00 
 0.00 0.50 1.00 1.00 1.00 1.00 1.00 0.33 0.00 0.00 0.00 0.00 0.00 0.00 0.00 0.84 1.00 1.00 1.00 1.00 
 0.00 0.50 1.00 1.00 1.00 1.00 1.00 0.33 0.00 0.00 0.00 0.00 0.00 0.00 0.00 0.84 1.00 1.00 1.00 1.00 
 0.00 0.50 1.00 1.00 1.00 1.00 1.00 0.33 0.00 0.00 0.00 0.00 0.00 0.00 0.00 0.84 1.00 1.00 1.00 1.00 
 0.00 0.50 1.00 1.00 1.00 1.00 1.00 0.33 0.00 0.00 0.00 0.00 0.00 0.00 0.00 0.84 1.00 1.00 1.00 1.00 
 0.00 0.50 1.00 1.00 1.00 1.00 1.00 0.33 0.00 0.00 0.00 0.00 0.00 0.00 0.00 0.84 1.00 1.00 1.00 1.00 
 0.00 0.50 1.00 1.00 1.00 1.00 1.00 0.33 0.00 0.00 0.00 0.00 0.00 0.00 0.00 0.84 1.00 1.00 1.00 1.00 
 