0.30 0.30 0.30 0.30 0.29 0.04 0.00 0.00 0.00 0.00 0.00 0.00 0.00 0.03 0.30 0.30 0.30 0.30 0.30 0.30 
 0.31 0.54 0.93 1.00 1.00 0.66 0.01 0.00 0.00 0.00 0.00 0.00 0.00 0.03 0.30 0.49 0.97 0.98 0.52 0.30 
 0.00 0.00 0.12 0.84 1.00 1.00 0.50 0.00 0.00 0.00 0.00 0.00 0.00 0.00 0.00 0.00 0.64 0.74 0.00 0.00 
 0.00 0.00 0.00 0.31 1.00 1.00 0.98 0.34 0.00 0.00 0.00 0.00 0.00 0.00 0.00 0.00 0.50 0.60 0.00 0.00 
 0.00 0.00 0.00 0.30 0.96 0.98 1.00 0.95 0.20 0.00 0.00 0.00 0.00 0.00 0.00 0.00 0.50 0.60 0.00 0.00 
 0.00 0.00 0.00 0.30 0.80 0.45 1.00 1.00 0.88 0.10 0.00 0.00 0.00 0.00 0.00 0.00 0.50 0.60 0.00 0.00 
 0.00 0.00 0.00 0.30 0.80 0.01 0.62 1.00 1.00 0.77 0.04 0.00 0.00 0.00 0.00 0.00 0.50 0.60 0.00 0.00 
 0.00 0.00 0.00 0.30 0.80 0.00 0.04 0.77 1.00 1.00 0.65 0.01 0.00 0.00 0.00 0.00 0.50 0.60 0.00 0.00 
 0.00 0.00 0.00 0.30 0.80 0.00 0.00 0.11 0.88 1.00 1.00 0.49 0.00 0.00 0.00 0.00 0.50 0.60 0.00 0.00 
 0.00 0.00 0.00 0.30 0.80 0.00 0.00 0.00 0.20 0.95 1.00 0.98 0.32 0.00 0.00 0.00 0.50 0.60 0.00 0.00 
 0.00 0.00 0.00 0.30 0.80 0.00 0.00 0.00 0.00 0.34 0.99 1.00 0.94 0.19 0.00 0.00 0.50 0.60 0.00 0.00 
 0.00 0.00 0.00 0.30 0.80 0.00 0.00 0.00 0.00 0.00 0.50 1.00 1.00 0.87 0.10 0.00 0.50 0.60 0.00 0.00 
 0.00 0.00 0.00 0.30 0.80 0.00 0.00 0.00 0.00 0.00 0.02 0.67 1.00 1.00 0.76 0.04 0.50 0.60 0.00 0.00 
 0.00 0.00 0.00 0.30 0.80 0.00 0.00 0.00 0.00 0.00 0.00 0.05 0.80 1.00 1.00 0.63 0.51 0.60 0.00 0.00 
 0.00 0.00 0.00 0.30 0.80 0.00 0.00 0.00 0.00 0.00 0.00 0.00 0.12 0.90 1.00 1.00 0.88 0.60 0.00 0.00 
 0.00 0.00 0.00 0.30 0.80 0.00 0.00 0.00 0.00 0.00 0.00 0.00 0.00 0.24 0.96 1.00 1.00 0.60 0.00 0.00 
 0.00 0.00 0.00 0.31 0.81 0.00 0.00 0.00 0.00 0.00 0.00 0.00 0.00 0.00 0.37 0.99 1.00 0.60 0.00 0.00 
 0.00 0.00 0.00 0.48 0.91 0.02 0.00 0.00 0.00 0.00 0.00 0.00 0.00 0.00 0.00 0.54 1.00 0.60 0.00 0.00 
 0.00 0.36 0.51 0.94 1.00 0.73 0.42 0.16 0.00 0.00 0.00 0.00 0.00 0.00 0.00 0.02 0.70 0.60 0.00 0.00 
 0.00 0.18 0.20 0.20 0.20 0.20 0.20 0.08 0.00 0.00 0.00 0.00 0.00 0.00 0.00 0.00 0.07 0.29 0.00 0.00 
 