0.00 0.00 0.89 1.00 1.00 0.72 0.02 0.00 0.00 0.00 0.00 0.00 0.00 0.00 0.00 0.00 0.00 0.89 1.00 0.67 
 0.00 0.00 0.89 1.00 1.00 1.00 0.36 0.00 0.00 0.00 0.00 0.00 0.00 0.00 0.00 0.00 0.00 0.89 1.00 0.67 
 0.00 0.00 0.89 1.00 0.99 1.00 0.90 0.09 0.00 0.00 0.00 0.00 0.00 0.00 0.00 0.00 0.00 0.89 1.00 0.67 
 0.00 0.00 0.89 1.00 0.77 0.99 1.00 0.63 0.00 0.00 0.00 0.00 0.00 0.00 0.00 0.00 0.00 0.89 1.00 0.67 
 0.00 0.00 0.89 1.00 0.67 0.60 1.00 0.99 0.29 0.00 0.00 0.00 0.00 0.00 0.00 0.00 0.00 0.89 1.00 0.67 
 0.00 0.00 0.89 1.00 0.67 0.09 0.89 1.00 0.87 0.05 0.00 0.00 0.00 0.00 0.00 0.00 0.00 0.89 1.00 0.67 
 0.00 0.00 0.89 1.00 0.67 0.00 0.33 1.00 1.00 0.56 0.00 0.00 0.00 0.00 0.00 0.00 0.00 0.89 1.00 0.67 
 0.00 0.00 0.89 1.00 0.67 0.00 0.02 0.67 1.00 0.96 0.21 0.00 0.00 0.00 0.00 0.00 0.00 0.89 1.00 0.67 
 0.00 0.00 0.89 1.00 0.67 0.00 0.00 0.13 0.93 1.00 0.79 0.03 0.00 0.00 0.00 0.00 0.00 0.89 1.00 0.67 
 0.00 0.00 0.89 1.00 0.67 0.00 0.00 0.00 0.37 1.00 1.00 0.48 0.00 0.00 0.00 0.00 0.00 0.89 1.00 0.67 
 0.00 0.00 0.89 1.00 0.67 0.00 0.00 0.00 0.03 0.73 1.00 0.94 0.15 0.00 0.00 0.00 0.00 0.89 1.00 0.67 
 0.00 0.00 0.89 1.00 0.67 0.00 0.00 0.00 0.00 0.14 0.95 1.00 0.73 0.02 0.00 0.00 0.00 0.89 1.00 0.67 
 0.00 0.00 0.89 1.00 0.67 0.00 0.00 0.00 0.00 0.00 0.45 1.00 1.00 0.40 0.00 0.00 0.00 0.89 1.00 0.67 
 0.00 0.00 0.89 1.00 0.67 0.00 0.00 0.00 0.00 0.00 0.03 0.77 1.00 0.91 0.10 0.00 0.00 0.89 1.00 0.67 
 0.00 0.00 0.89 1.00 0.67 0.00 0.00 0.00 0.00 0.00 0.00 0.19 0.96 1.00 0.65 0.00 0.00 0.89 1.00 0.67 
 0.00 0.00 0.89 1.00 0.67 0.00 0.00 0.00 0.00 0.00 0.00 0.00 0.48 1.00 0.99 0.31 0.00 0.89 1.00 0.67 
 0.00 0.00 0.89 1.00 0.67 0.00 0.00 0.00 0.00 0.00 0.00 0.00 0.04 0.82 1.00 0.88 0.06 0.89 1.00 0.67 
 0.00 0.00 0.89 1.00 0.67 0.00 0.00 0.00 0.00 0.00 0.00 0.00 0.00 0.22 0.99 1.00 0.58 0.84 1.00 0.67 
 0.00 0.00 0.89 1.00 0.67 0.00 0.00 0.00 0.00 0.00 0.00 0.00 0.00 0.00 0.56 1.00 0.96 0.91 1.00 0.67 
 0.00 0.00 0.89 1.00 0.67 0.00 0.00 0.00 0.00 0.00 0.00 0.00 0.00 0.00 0.06 0.88 1.00 1.00 1.00 0.67 
 