0.39 1.00 1.00 1.00 1.00 0.38 0.00 0.00 0.00 0.00 0.00 0.00 0.63 1.00 1.00 1.00 1.00 1.00 0.99 0.27 
 0.09 0.38 0.38 0.77 1.00 0.89 0.06 0.00 0.00 0.00 0.00 0.00 0.17 0.38 0.38 0.45 1.00 0.53 0.36 0.05 
 0.00 0.00 0.00 0.63 0.86 0.93 0.56 0.00 0.00 0.00 0.00 0.00 0.00 0.00 0.00 0.13 1.00 0.25 0.00 0.00 
 0.00 0.00 0.00 0.63 0.75 0.41 0.97 0.20 0.00 0.00 0.00 0.00 0.00 0.00 0.00 0.13 1.00 0.25 0.00 0.00 
 0.00 0.00 0.00 0.63 0.75 0.03 0.80 0.77 0.02 0.00 0.00 0.00 0.00 0.00 0.00 0.13 1.00 0.25 0.00 0.00 
 0.00 0.00 0.00 0.63 0.75 0.00 0.24 0.99 0.41 0.00 0.00 0.00 0.00 0.00 0.00 0.13 1.00 0.25 0.00 0.00 
 0.00 0.00 0.00 0.63 0.75 0.00 0.00 0.60 0.89 0.08 0.00 0.00 0.00 0.00 0.00 0.13 1.00 0.25 0.00 0.00 
 0.00 0.00 0.00 0.63 0.75 0.00 0.00 0.09 0.91 0.60 0.00 0.00 0.00 0.00 0.00 0.13 1.00 0.25 0.00 0.00 
 0.00 0.00 0.00 0.63 0.75 0.00 0.00 0.00 0.39 0.97 0.22 0.00 0.00 0.00 0.00 0.13 1.00 0.25 0.00 0.00 
 0.00 0.00 0.00 0.63 0.75 0.00 0.00 0.00 0.03 0.78 0.78 0.02 0.00 0.00 0.00 0.13 1.00 0.25 0.00 0.00 
 0.00 0.00 0.00 0.63 0.75 0.00 0.00 0.00 0.00 0.22 0.99 0.42 0.00 0.00 0.00 0.13 1.00 0.25 0.00 0.00 
 0.00 0.00 0.00 0.63 0.75 0.00 0.00 0.00 0.00 0.00 0.58 0.91 0.09 0.00 0.00 0.13 1.00 0.25 0.00 0.00 
 0.00 0.00 0.00 0.63 0.75 0.00 0.00 0.00 0.00 0.00 0.08 0.89 0.61 0.00 0.00 0.13 1.00 0.25 0.00 0.00 
 0.00 0.00 0.00 0.63 0.75 0.00 0.00 0.00 0.00 0.00 0.00 0.36 0.97 0.25 0.00 0.13 1.00 0.25 0.00 0.00 
 0.00 0.00 0.00 0.63 0.75 0.00 0.00 0.00 0.00 0.00 0.00 0.03 0.75 0.80 0.02 0.13 1.00 0.25 0.00 0.00 
 0.00 0.00 0.00 0.63 0.75 0.00 0.00 0.00 0.00 0.00 0.00 0.00 0.20 0.99 0.44 0.13 1.00 0.25 0.00 0.00 
 0.00 0.00 0.00 0.63 0.75 0.00 0.00 0.00 0.00 0.00 0.00 0.00 0.00 0.56 0.93 0.24 1.00 0.25 0.00 0.00 
 0.00 0.00 0.00 0.63 0.75 0.00 0.00 0.00 0.00 0.00 0.00 0.00 0.00 0.08 0.89 0.77 1.00 0.25 0.00 0.00 
 0.00 0.19 0.38 0.77 0.85 0.38 0.38 0.36 0.06 0.00 0.00 0.00 0.00 0.00 0.35 1.00 1.00 0.25 0.00 0.00 
 0.00 0.63 1.00 1.00 1.00 1.00 1.00 0.99 0.27 0.00 0.00 0.00 0.00 0.00 0.02 0.74 1.00 0.25 0.00 0.00 
 