0.00 0.00 0.00 0.25 0.57 0.57 0.08 0.00 0.21 0.65 0.92 1.00 0.94 0.69 0.25 0.00 0.00 0.00 0.00 0.00 
 0.00 0.00 0.00 0.43 1.00 1.00 0.16 0.45 0.98 1.00 1.00 1.00 1.00 1.00 0.98 0.55 0.02 0.00 0.00 0.00 
 0.00 0.00 0.00 0.43 1.00 1.00 0.49 1.00 1.00 1.00 0.88 0.90 1.00 1.00 1.00 1.00 0.39 0.00 0.00 0.00 
 0.00 0.00 0.00 0.43 1.00 1.00 0.96 1.00 0.74 0.25 0.02 0.04 0.35 0.90 1.00 1.00 0.82 0.00 0.00 0.00 
 0.00 0.00 0.00 0.43 1.00 1.00 1.00 0.67 0.02 0.00 0.00 0.00 0.00 0.23 0.98 1.00 0.98 0.15 0.00 0.00 
 0.00 0.00 0.00 0.43 1.00 1.00 0.94 0.13 0.00 0.00 0.00 0.00 0.00 0.00 0.74 1.00 1.00 0.29 0.00 0.00 
 0.00 0.00 0.00 0.43 1.00 1.00 0.78 0.00 0.00 0.00 0.00 0.00 0.00 0.00 0.55 1.00 1.00 0.41 0.00 0.00 
 0.00 0.00 0.00 0.43 1.00 1.00 0.59 0.00 0.00 0.00 0.00 0.00 0.00 0.00 0.43 1.00 1.00 0.43 0.00 0.00 
 0.00 0.00 0.00 0.43 1.00 1.00 0.45 0.00 0.00 0.00 0.00 0.00 0.00 0.00 0.43 1.00 1.00 0.43 0.00 0.00 
 0.00 0.00 0.00 0.43 1.00 1.00 0.43 0.00 0.00 0.00 0.00 0.00 0.00 0.00 0.43 1.00 1.00 0.43 0.00 0.00 
 0.00 0.00 0.00 0.43 1.00 1.00 0.43 0.00 0.00 0.00 0.00 0.00 0.00 0.00 0.43 1.00 1.00 0.43 0.00 0.00 
 0.00 0.00 0.00 0.43 1.00 1.00 0.43 0.00 0.00 0.00 0.00 0.00 0.00 0.00 0.43 1.00 1.00 0.43 0.00 0.00 
 0.00 0.00 0.00 0.43 1.00 1.00 0.43 0.00 0.00 0.00 0.00 0.00 0.00 0.00 0.43 1.00 1.00 0.43 0.00 0.00 
 0.00 0.00 0.00 0.43 1.00 1.00 0.43 0.00 0.00 0.00 0.00 0.00 0.00 0.00 0.43 1.00 1.00 0.43 0.00 0.00 
 0.00 0.00 0.00 0.43 1.00 1.00 0.43 0.00 0.00 0.00 0.00 0.00 0.00 0.00 0.43 1.00 1.00 0.43 0.00 0.00 
 0.00 0.00 0.00 0.43 1.00 1.00 0.43 0.00 0.00 0.00 0.00 0.00 0.00 0.00 0.43 1.00 1.00 0.43 0.00 0.00 
 0.00 0.00 0.00 0.43 1.00 1.00 0.43 0.00 0.00 0.00 0.00 0.00 0.00 0.00 0.43 1.00 1.00 0.43 0.00 0.00 
 0.00 0.00 0.00 0.43 1.00 1.00 0.43 0.00 0.00 0.00 0.00 0.00 0.00 0.00 0.43 1.00 1.00 0.43 0.00 0.00 
 0.00 0.00 0.00 0.43 1.00 1.00 0.43 0.00 0.00 0.00 0.00 0.00 0.00 0.00 0.43 1.00 1.00 0.43 0.00 0.00 
 0.00 0.00 0.00 0.43 1.00 1.00 0.43 0.00 0.00 0.00 0.00 0.00 0.00 0.00 0.43 1.00 1.00 0.43 0.00 0.00 
 