0.00 0.00 0.00 0.00 0.00 0.00 0.00 0.00 0.00 0.00 0.00 0.00 0.00 0.00 0.00 0.00 0.00 0.16 0.12 0.00 
 0.00 0.00 0.00 0.00 0.00 0.00 0.00 0.00 0.00 0.00 0.00 0.00 0.00 0.00 0.00 0.00 0.21 0.98 0.94 0.31 
 0.00 0.00 0.00 0.00 0.00 0.00 0.02 0.11 0.00 0.00 0.00 0.00 0.00 0.00 0.00 0.04 0.81 1.00 1.00 0.71 
 0.00 0.00 0.00 0.00 0.00 0.17 0.76 0.88 0.00 0.00 0.00 0.00 0.00 0.00 0.00 0.43 0.75 0.56 0.43 0.01 
 0.00 0.00 0.12 0.45 0.74 0.98 1.00 0.82 0.00 0.00 0.00 0.00 0.00 0.00 0.06 0.92 0.21 0.00 0.00 0.00 
 0.01 0.38 0.94 0.94 0.85 1.00 1.00 0.94 0.02 0.00 0.00 0.00 0.00 0.00 0.40 0.65 0.00 0.00 0.00 0.00 
 0.40 1.00 0.64 0.05 0.29 1.00 1.00 1.00 0.27 0.00 0.00 0.00 0.00 0.01 0.77 0.24 0.00 0.00 0.00 0.00 
 0.90 0.79 0.10 0.00 0.41 1.00 1.00 1.00 0.81 0.03 0.00 0.00 0.00 0.32 0.79 0.00 0.00 0.00 0.00 0.00 
 0.43 0.07 0.00 0.00 0.20 1.00 0.78 1.00 1.00 0.37 0.00 0.00 0.00 0.70 0.52 0.00 0.00 0.00 0.00 0.00 
 0.00 0.00 0.00 0.00 0.29 0.90 0.06 0.90 1.00 0.89 0.05 0.00 0.29 0.96 0.11 0.00 0.00 0.00 0.00 0.00 
 0.00 0.00 0.00 0.00 0.55 0.64 0.00 0.33 1.00 1.00 0.47 0.00 0.59 0.91 0.01 0.00 0.00 0.00 0.00 0.00 
 0.00 0.00 0.00 0.00 0.81 0.76 0.00 0.03 0.68 1.00 0.93 0.12 0.88 0.74 0.00 0.00 0.00 0.00 0.00 0.00 
 0.00 0.00 0.00 0.04 0.93 0.47 0.00 0.00 0.15 0.95 1.00 0.90 1.00 0.81 0.00 0.00 0.00 0.00 0.00 0.00 
 0.00 0.00 0.00 0.19 1.00 0.19 0.00 0.00 0.00 0.44 1.00 1.00 1.00 0.87 0.00 0.00 0.00 0.00 0.00 0.00 
 0.00 0.00 0.00 0.43 0.98 0.11 0.00 0.00 0.00 0.02 0.58 1.00 1.00 0.87 0.02 0.00 0.00 0.00 0.00 0.00 
 0.00 0.00 0.00 0.65 0.79 0.00 0.00 0.00 0.00 0.00 0.11 0.97 1.00 1.00 0.32 0.00 0.00 0.00 0.00 0.00 
 0.00 0.00 0.09 0.94 0.51 0.00 0.00 0.00 0.00 0.00 0.00 0.65 1.00 1.00 0.47 0.00 0.00 0.00 0.00 0.00 
 0.00 0.01 0.73 1.00 0.18 0.00 0.00 0.00 0.00 0.00 0.00 0.52 1.00 0.94 0.14 0.00 0.00 0.00 0.00 0.00 
 0.00 0.01 0.79 0.60 0.00 0.00 0.00 0.00 0.00 0.00 0.00 0.40 0.82 0.20 0.00 0.00 0.00 0.00 0.00 0.00 
 0.00 0.00 0.04 0.00 0.00 0.00 0.00 0.00 0.00 0.00 0.00 0.03 0.05 0.00 0.00 0.00 0.00 0.00 0.00 0.00 
 