0.19 0.11 0.10 0.10 0.15 0.00 0.00 0.00 0.00 0.00 0.00 0.00 0.00 0.00 0.00 0.07 0.15 0.10 0.10 0.10 
 0.69 0.81 0.99 1.00 0.98 0.32 0.00 0.00 0.00 0.00 0.00 0.00 0.00 0.00 0.00 0.27 0.74 0.91 1.00 0.94 
 0.00 0.00 0.64 1.00 1.00 0.93 0.16 0.00 0.00 0.00 0.00 0.00 0.00 0.00 0.00 0.00 0.00 0.21 1.00 0.38 
 0.00 0.00 0.50 0.98 1.00 1.00 0.81 0.05 0.00 0.00 0.00 0.00 0.00 0.00 0.00 0.00 0.00 0.10 1.00 0.30 
 0.00 0.00 0.50 0.72 0.72 1.00 1.00 0.64 0.01 0.00 0.00 0.00 0.00 0.00 0.00 0.00 0.00 0.10 1.00 0.24 
 0.00 0.00 0.50 0.70 0.08 0.85 1.00 1.00 0.42 0.00 0.00 0.00 0.00 0.00 0.00 0.00 0.00 0.10 1.00 0.20 
 0.00 0.00 0.50 0.70 0.00 0.18 0.94 1.00 0.96 0.23 0.00 0.00 0.00 0.00 0.00 0.00 0.00 0.10 1.00 0.20 
 0.00 0.00 0.50 0.70 0.00 0.00 0.33 0.99 1.00 0.88 0.10 0.00 0.00 0.00 0.00 0.00 0.00 0.10 1.00 0.20 
 0.00 0.00 0.50 0.70 0.00 0.00 0.00 0.51 1.00 1.00 0.76 0.03 0.00 0.00 0.00 0.00 0.00 0.10 1.00 0.20 
 0.00 0.00 0.50 0.70 0.00 0.00 0.00 0.02 0.70 1.00 1.00 0.59 0.00 0.00 0.00 0.00 0.00 0.10 1.00 0.20 
 0.00 0.00 0.50 0.70 0.00 0.00 0.00 0.00 0.07 0.84 1.00 0.99 0.40 0.00 0.00 0.00 0.00 0.10 1.00 0.20 
 0.00 0.00 0.50 0.70 0.00 0.00 0.00 0.00 0.00 0.17 0.94 1.00 0.96 0.23 0.00 0.00 0.00 0.10 1.00 0.20 
 0.00 0.00 0.50 0.70 0.00 0.00 0.00 0.00 0.00 0.00 0.32 0.99 1.00 0.88 0.10 0.00 0.00 0.10 1.00 0.20 
 0.00 0.00 0.50 0.70 0.00 0.00 0.00 0.00 0.00 0.00 0.00 0.50 1.00 1.00 0.76 0.03 0.00 0.10 1.00 0.20 
 0.00 0.00 0.50 0.70 0.00 0.00 0.00 0.00 0.00 0.00 0.00 0.02 0.67 1.00 1.00 0.59 0.00 0.10 1.00 0.20 
 0.00 0.00 0.50 0.70 0.00 0.00 0.00 0.00 0.00 0.00 0.00 0.00 0.06 0.82 1.00 0.99 0.42 0.10 1.00 0.20 
 0.00 0.00 0.56 0.73 0.00 0.00 0.00 0.00 0.00 0.00 0.00 0.00 0.00 0.14 0.91 1.00 0.98 0.40 1.00 0.20 
 0.00 0.00 0.60 0.80 0.00 0.00 0.00 0.00 0.00 0.00 0.00 0.00 0.00 0.00 0.26 0.97 1.00 0.99 1.00 0.20 
 0.00 0.01 0.70 0.87 0.02 0.00 0.00 0.00 0.00 0.00 0.00 0.00 0.00 0.00 0.00 0.41 1.00 1.00 1.00 0.20 
 0.62 0.81 1.00 1.00 0.85 0.69 0.06 0.00 0.00 0.00 0.00 0.00 0.00 0.00 0.00 0.01 0.58 1.00 1.00 0.25 
 