0.00 0.00 0.60 1.00 1.00 1.00 0.82 0.01 0.00 0.00 0.00 0.00 0.00 0.00 0.00 0.60 1.00 0.90 0.00 0.00 
 0.00 0.00 0.60 1.00 1.00 1.00 1.00 0.37 0.00 0.00 0.00 0.00 0.00 0.00 0.00 0.60 1.00 0.90 0.00 0.00 
 0.00 0.00 0.60 1.00 0.94 0.87 1.00 0.86 0.03 0.00 0.00 0.00 0.00 0.00 0.00 0.60 1.00 0.90 0.00 0.00 
 0.00 0.00 0.60 1.00 0.90 0.39 1.00 1.00 0.43 0.00 0.00 0.00 0.00 0.00 0.00 0.60 1.00 0.90 0.00 0.00 
 0.00 0.00 0.60 1.00 0.90 0.03 0.84 1.00 0.89 0.04 0.00 0.00 0.00 0.00 0.00 0.60 1.00 0.90 0.00 0.00 
 0.00 0.00 0.60 1.00 0.90 0.00 0.33 1.00 1.00 0.50 0.00 0.00 0.00 0.00 0.00 0.60 1.00 0.90 0.00 0.00 
 0.00 0.00 0.60 1.00 0.90 0.00 0.02 0.79 1.00 0.92 0.07 0.00 0.00 0.00 0.00 0.60 1.00 0.90 0.00 0.00 
 0.00 0.00 0.60 1.00 0.90 0.00 0.00 0.26 1.00 1.00 0.55 0.00 0.00 0.00 0.00 0.60 1.00 0.90 0.00 0.00 
 0.00 0.00 0.60 1.00 0.90 0.00 0.00 0.01 0.73 1.00 0.94 0.12 0.00 0.00 0.00 0.60 1.00 0.90 0.00 0.00 
 0.00 0.00 0.60 1.00 0.90 0.00 0.00 0.00 0.21 0.99 1.00 0.61 0.00 0.00 0.00 0.60 1.00 0.90 0.00 0.00 
 0.00 0.00 0.60 1.00 0.90 0.00 0.00 0.00 0.00 0.67 1.00 0.97 0.16 0.00 0.00 0.60 1.00 0.90 0.00 0.00 
 0.00 0.00 0.60 1.00 0.90 0.00 0.00 0.00 0.00 0.18 0.99 1.00 0.66 0.00 0.00 0.60 1.00 0.90 0.00 0.00 
 0.00 0.00 0.60 1.00 0.90 0.00 0.00 0.00 0.00 0.00 0.60 1.00 0.98 0.21 0.00 0.60 1.00 0.90 0.00 0.00 
 0.00 0.00 0.60 1.00 0.90 0.00 0.00 0.00 0.00 0.00 0.13 0.96 1.00 0.72 0.00 0.60 1.00 0.90 0.00 0.00 
 0.00 0.00 0.60 1.00 0.90 0.00 0.00 0.00 0.00 0.00 0.00 0.55 1.00 0.99 0.25 0.60 1.00 0.90 0.00 0.00 
 0.00 0.00 0.60 1.00 0.90 0.00 0.00 0.00 0.00 0.00 0.00 0.10 0.93 1.00 0.78 0.61 1.00 0.90 0.00 0.00 
 0.00 0.00 0.60 1.00 0.90 0.00 0.00 0.00 0.00 0.00 0.00 0.00 0.49 1.00 1.00 0.88 1.00 0.90 0.00 0.00 
 0.00 0.00 0.60 1.00 0.90 0.00 0.00 0.00 0.00 0.00 0.00 0.00 0.06 0.91 1.00 1.00 1.00 0.90 0.00 0.00 
 0.00 0.00 0.60 1.00 0.90 0.00 0.00 0.00 0.00 0.00 0.00 0.00 0.00 0.43 1.00 1.00 1.00 0.90 0.00 0.00 
 0.00 0.00 0.60 1.00 0.90 0.00 0.00 0.00 0.00 0.00 0.00 0.00 0.00 0.04 0.88 1.00 1.00 0.90 0.00 0.00 
 