0.09 0.84 1.00 1.00 1.00 0.78 0.11 0.00 0.00 0.00 0.00 0.00 0.00 0.00 0.00 0.53 1.00 1.00 1.00 1.00 
 0.00 0.11 0.53 1.00 1.00 1.00 0.81 0.09 0.00 0.00 0.00 0.00 0.00 0.00 0.00 0.11 0.53 0.97 0.97 0.58 
 0.00 0.00 0.06 0.89 0.97 0.95 1.00 0.70 0.03 0.00 0.00 0.00 0.00 0.00 0.00 0.00 0.00 0.84 0.84 0.00 
 0.00 0.00 0.00 0.84 0.84 0.31 0.97 1.00 0.56 0.00 0.00 0.00 0.00 0.00 0.00 0.00 0.00 0.84 0.84 0.00 
 0.00 0.00 0.00 0.84 0.84 0.00 0.45 1.00 0.97 0.39 0.00 0.00 0.00 0.00 0.00 0.00 0.00 0.84 0.84 0.00 
 0.00 0.00 0.00 0.84 0.84 0.00 0.03 0.61 1.00 0.95 0.22 0.00 0.00 0.00 0.00 0.00 0.00 0.84 0.84 0.00 
 0.00 0.00 0.00 0.84 0.84 0.00 0.00 0.09 0.84 1.00 0.84 0.09 0.00 0.00 0.00 0.00 0.00 0.84 0.84 0.00 
 0.00 0.00 0.00 0.84 0.84 0.00 0.00 0.00 0.22 0.95 1.00 0.67 0.03 0.00 0.00 0.00 0.00 0.84 0.84 0.00 
 0.00 0.00 0.00 0.84 0.84 0.00 0.00 0.00 0.00 0.45 1.00 1.00 0.47 0.00 0.00 0.00 0.00 0.84 0.84 0.00 
 0.00 0.00 0.00 0.84 0.84 0.00 0.00 0.00 0.00 0.06 0.75 1.00 0.95 0.20 0.00 0.00 0.00 0.84 0.84 0.00 
 0.00 0.00 0.00 0.84 0.84 0.00 0.00 0.00 0.00 0.00 0.20 0.95 1.00 0.78 0.03 0.00 0.00 0.84 0.84 0.00 
 0.00 0.00 0.00 0.84 0.84 0.00 0.00 0.00 0.00 0.00 0.00 0.45 1.00 1.00 0.50 0.00 0.00 0.84 0.84 0.00 
 0.00 0.00 0.00 0.84 0.84 0.00 0.00 0.00 0.00 0.00 0.00 0.06 0.78 1.00 0.95 0.20 0.00 0.84 0.84 0.00 
 0.00 0.00 0.00 0.84 0.84 0.00 0.00 0.00 0.00 0.00 0.00 0.00 0.22 0.97 1.00 0.75 0.03 0.84 0.84 0.00 
 0.00 0.00 0.00 0.84 0.84 0.00 0.00 0.00 0.00 0.00 0.00 0.00 0.00 0.50 1.00 1.00 0.45 0.84 0.84 0.00 
 0.00 0.00 0.00 0.84 0.84 0.00 0.00 0.00 0.00 0.00 0.00 0.00 0.00 0.06 0.81 1.00 0.92 0.92 0.84 0.00 
 0.00 0.00 0.00 0.84 0.84 0.00 0.00 0.00 0.00 0.00 0.00 0.00 0.00 0.00 0.22 0.97 1.00 1.00 0.84 0.00 
 0.00 0.00 0.00 0.84 0.84 0.00 0.00 0.00 0.00 0.00 0.00 0.00 0.00 0.00 0.00 0.50 1.00 1.00 0.84 0.00 
 0.00 0.00 0.03 0.86 0.84 0.00 0.00 0.00 0.00 0.00 0.00 0.00 0.00 0.00 0.00 0.06 0.81 1.00 0.84 0.00 
 0.00 0.06 0.45 1.00 0.97 0.45 0.06 0.00 0.00 0.00 0.00 0.00 0.00 0.00 0.00 0.00 0.28 1.00 0.84 0.00 
 