0.00 0.00 0.46 0.70 0.96 0.92 0.06 0.00 0.00 0.00 0.00 0.00 0.00 0.29 0.82 0.99 0.91 0.49 0.00 0.00 
 0.00 0.00 0.00 0.00 0.51 0.95 0.54 0.00 0.00 0.00 0.00 0.00 0.00 0.00 0.01 0.74 0.11 0.00 0.00 0.00 
 0.00 0.00 0.00 0.00 0.40 0.47 0.98 0.14 0.00 0.00 0.00 0.00 0.00 0.00 0.00 0.40 0.00 0.00 0.00 0.00 
 0.00 0.00 0.00 0.00 0.40 0.03 0.87 0.68 0.00 0.00 0.00 0.00 0.00 0.00 0.00 0.40 0.00 0.00 0.00 0.00 
 0.00 0.00 0.00 0.00 0.40 0.00 0.33 1.00 0.25 0.00 0.00 0.00 0.00 0.00 0.00 0.40 0.00 0.00 0.00 0.00 
 0.00 0.00 0.00 0.00 0.40 0.00 0.00 0.76 0.81 0.01 0.00 0.00 0.00 0.00 0.00 0.40 0.00 0.00 0.00 0.00 
 0.00 0.00 0.00 0.00 0.40 0.00 0.00 0.20 1.00 0.38 0.00 0.00 0.00 0.00 0.00 0.40 0.00 0.00 0.00 0.00 
 0.00 0.00 0.00 0.00 0.40 0.00 0.00 0.00 0.63 0.90 0.05 0.00 0.00 0.00 0.00 0.40 0.00 0.00 0.00 0.00 
 0.00 0.00 0.00 0.00 0.40 0.00 0.00 0.00 0.11 0.96 0.52 0.00 0.00 0.00 0.00 0.40 0.00 0.00 0.00 0.00 
 0.00 0.00 0.00 0.00 0.40 0.00 0.00 0.00 0.00 0.49 0.96 0.12 0.00 0.00 0.00 0.40 0.00 0.00 0.00 0.00 
 0.00 0.00 0.00 0.00 0.40 0.00 0.00 0.00 0.00 0.04 0.89 0.65 0.00 0.00 0.00 0.40 0.00 0.00 0.00 0.00 
 0.00 0.00 0.00 0.00 0.40 0.00 0.00 0.00 0.00 0.00 0.36 1.00 0.22 0.00 0.00 0.40 0.00 0.00 0.00 0.00 
 0.00 0.00 0.00 0.00 0.40 0.00 0.00 0.00 0.00 0.00 0.01 0.78 0.78 0.01 0.00 0.40 0.00 0.00 0.00 0.00 
 0.00 0.00 0.00 0.00 0.40 0.00 0.00 0.00 0.00 0.00 0.00 0.23 1.00 0.36 0.00 0.40 0.00 0.00 0.00 0.00 
 0.00 0.00 0.00 0.00 0.40 0.00 0.00 0.00 0.00 0.00 0.00 0.00 0.65 0.89 0.04 0.40 0.00 0.00 0.00 0.00 
 0.00 0.00 0.00 0.00 0.40 0.00 0.00 0.00 0.00 0.00 0.00 0.00 0.12 0.97 0.49 0.40 0.00 0.00 0.00 0.00 
 0.00 0.00 0.00 0.00 0.40 0.00 0.00 0.00 0.00 0.00 0.00 0.00 0.00 0.52 0.96 0.50 0.00 0.00 0.00 0.00 
 0.00 0.00 0.00 0.00 0.40 0.00 0.00 0.00 0.00 0.00 0.00 0.00 0.00 0.05 0.91 0.83 0.00 0.00 0.00 0.00 
 0.00 0.00 0.00 0.08 0.73 0.01 0.00 0.00 0.00 0.00 0.00 0.00 0.00 0.00 0.38 0.84 0.00 0.00 0.00 0.00 
 0.00 0.00 0.45 0.89 1.00 0.81 0.29 0.00 0.00 0.00 0.00 0.00 0.00 0.00 0.01 0.65 0.00 0.00 0.00 0.00 
 