-1.00 -1.00 -1.00 -1.00 -1.00 -1.00 -1.00 -1.00 -1.00 -1.00 -1.00 -1.00 -1.00 -1.00 -1.00 -1.00 -1.00 -1.00 -1.00 -1.00 
 -1.00 -1.00 -1.00 -1.00 -1.00 -1.00 -1.00 -0.95 -0.74 -1.00 -1.00 -1.00 -0.87 -0.54 -0.49 -0.65 -0.96 -1.00 -1.00 -1.00 
 -1.00 -1.00 -1.00 -0.99 -0.76 -0.30 0.25 0.86 0.13 -1.00 -0.94 0.11 0.95 1.00 1.00 1.00 0.87 -0.02 -0.98 -1.00 
 -1.00 -1.00 -0.21 0.87 1.00 1.00 1.00 1.00 -0.21 -0.73 0.60 1.00 0.87 0.93 1.00 1.00 1.00 1.00 0.04 -1.00 
 -1.00 -1.00 -0.78 -0.61 -0.40 0.98 1.00 1.00 0.08 0.75 -0.04 -0.77 -1.00 -0.97 -0.37 0.86 1.00 1.00 0.91 -0.93 
 -1.00 -1.00 -1.00 -1.00 -0.99 0.94 1.00 1.00 0.64 -0.77 -1.00 -1.00 -1.00 -1.00 -1.00 -0.33 1.00 1.00 1.00 -0.62 
 -1.00 -1.00 -1.00 -1.00 -0.80 1.00 1.00 0.93 -0.76 -1.00 -1.00 -1.00 -1.00 -1.00 -1.00 -0.95 0.95 1.00 1.00 -0.58 
 -1.00 -1.00 -1.00 -1.00 -0.47 1.00 1.00 0.46 -1.00 -1.00 -1.00 -1.00 -1.00 -1.00 -1.00 -1.00 0.84 1.00 1.00 -0.74 
 -1.00 -1.00 -1.00 -1.00 -0.15 1.00 1.00 0.12 -1.00 -1.00 -1.00 -1.00 -1.00 -1.00 -1.00 -0.93 0.98 1.00 0.92 -0.98 
 -1.00 -1.00 -1.00 -1.00 0.19 1.00 1.00 -0.21 -1.00 -1.00 -1.00 -1.00 -1.00 -1.00 -1.00 -0.62 1.00 1.00 0.61 -1.00 
 -1.00 -1.00 -1.00 -1.00 0.53 1.00 1.00 -0.55 -1.00 -1.00 -1.00 -1.00 -1.00 -1.00 -1.00 -0.29 1.00 1.00 0.27 -1.00 
 -1.00 -1.00 -1.00 -0.99 0.86 1.00 1.00 -0.87 -1.00 -1.00 -1.00 -1.00 -1.00 -1.00 -1.00 0.04 1.00 1.00 -0.06 -1.00 
 -1.00 -1.00 -1.00 -0.80 1.00 1.00 0.79 -1.00 -1.00 -1.00 -1.00 -1.00 -1.00 -1.00 -1.00 0.37 1.00 1.00 -0.40 -1.00 
 -1.00 -1.00 -1.00 -0.47 1.00 1.00 0.45 -1.00 -1.00 -1.00 -1.00 -1.00 -1.00 -1.00 -1.00 0.71 1.00 1.00 -0.73 -1.00 
 -1.00 -1.00 -1.00 -0.14 1.00 1.00 0.12 -1.00 -1.00 -1.00 -1.00 -1.00 -1.00 -1.00 -0.93 0.98 1.00 0.92 -0.98 -1.00 
 -1.00 -1.00 -1.00 0.22 1.00 1.00 -0.20 -1.00 -1.00 -1.00 -1.00 -1.00 -1.00 -1.00 -0.62 1.00 1.00 0.62 -1.00 -1.00 
 -1.00 -1.00 -0.97 0.73 1.00 1.00 -0.33 -1.00 -1.00 -1.00 -1.00 -1.00 -1.00 -1.00 -0.29 1.00 1.00 0.48 -1.00 -1.00 
 0.06 0.33 0.65 1.00 1.00 1.00 0.80 0.36 0.14 -1.00 -1.00 -1.00 -1.00 -1.00 0.05 1.00 1.00 0.98 0.45 0.27 
 -0.07 -0.09 -0.15 -0.19 -0.22 -0.19 -0.14 -0.08 -0.18 -1.00 -1.00 -1.00 -1.00 -1.00 -0.37 -0.11 -0.20 -0.21 -0.14 -0.05 
 -1.00 -1.00 -1.00 -1.00 -1.00 -1.00 -1.00 -1.00 -1.00 -1.00 -1.00 -1.00 -1.00 -1.00 -1.00 -1.00 -1.00 -1.00 -1.00 -1.00 
 