-1.00 -1.00 -1.00 -1.00 -1.00 -1.00 -1.00 -1.00 -1.00 -1.00 -1.00 -1.00 -1.00 -1.00 -1.00 -1.00 -1.00 -1.00 -1.00 -1.00 
 -1.00 -1.00 -1.00 -1.00 -1.00 -1.00 -1.00 -1.00 -1.00 -1.00 -1.00 -1.00 -0.73 -0.30 -0.18 -0.39 -0.89 -1.00 -1.00 -1.00 
 -1.00 -1.00 -0.62 0.11 0.24 0.36 0.49 0.62 0.25 -1.00 -0.66 0.46 1.00 1.00 1.00 1.00 0.89 -0.22 -1.00 -1.00 
 -1.00 -1.00 0.00 1.00 1.00 1.00 1.00 1.00 0.13 -0.35 0.93 0.95 0.56 0.62 1.00 1.00 1.00 1.00 -0.42 -1.00 
 -1.00 -1.00 -0.98 -0.97 -0.68 1.00 1.00 1.00 0.41 0.97 0.17 -0.84 -1.00 -1.00 -0.51 0.90 1.00 1.00 0.51 -1.00 
 -1.00 -1.00 -1.00 -1.00 -0.84 1.00 1.00 1.00 1.00 -0.15 -1.00 -1.00 -1.00 -1.00 -1.00 0.13 1.00 1.00 0.94 -1.00 
 -1.00 -1.00 -1.00 -1.00 -0.52 1.00 1.00 1.00 0.32 -1.00 -1.00 -1.00 -1.00 -1.00 -1.00 -0.17 1.00 1.00 0.95 -1.00 
 -1.00 -1.00 -1.00 -1.00 -0.18 1.00 1.00 1.00 -0.63 -1.00 -1.00 -1.00 -1.00 -1.00 -1.00 -0.09 1.00 1.00 0.74 -1.00 
 -1.00 -1.00 -1.00 -1.00 0.15 1.00 1.00 0.69 -1.00 -1.00 -1.00 -1.00 -1.00 -1.00 -1.00 0.18 1.00 1.00 0.43 -1.00 
 -1.00 -1.00 -1.00 -1.00 0.48 1.00 1.00 0.18 -1.00 -1.00 -1.00 -1.00 -1.00 -1.00 -1.00 0.51 1.00 1.00 0.10 -1.00 
 -1.00 -1.00 -1.00 -1.00 0.82 1.00 1.00 -0.21 -1.00 -1.00 -1.00 -1.00 -1.00 -1.00 -0.99 0.84 1.00 1.00 -0.24 -1.00 
 -1.00 -1.00 -1.00 -0.85 1.00 1.00 1.00 -0.55 -1.00 -1.00 -1.00 -1.00 -1.00 -1.00 -0.82 1.00 1.00 1.00 -0.57 -1.00 
 -1.00 -1.00 -1.00 -0.51 1.00 1.00 1.00 -0.87 -1.00 -1.00 -1.00 -1.00 -1.00 -1.00 -0.48 1.00 1.00 0.99 -0.90 -1.00 
 -1.00 -1.00 -1.00 -0.18 1.00 1.00 0.79 -1.00 -1.00 -1.00 -1.00 -1.00 -1.00 -1.00 -0.15 1.00 1.00 0.76 -1.00 -1.00 
 -1.00 -1.00 -1.00 0.15 1.00 1.00 0.45 -1.00 -1.00 -1.00 -1.00 -1.00 -1.00 -1.00 0.18 1.00 1.00 0.43 -1.00 -1.00 
 -1.00 -1.00 -1.00 0.49 1.00 1.00 0.12 -1.00 -1.00 -1.00 -1.00 -1.00 -1.00 -1.00 0.52 1.00 1.00 0.10 -1.00 -1.00 
 -1.00 -1.00 -0.69 0.94 1.00 1.00 0.20 -0.99 -1.00 -1.00 -1.00 -1.00 -1.00 -0.67 0.95 1.00 1.00 0.17 -0.99 -1.00 
 0.41 0.74 0.98 1.00 1.00 1.00 1.00 0.81 0.64 -0.96 -1.00 0.50 0.74 0.98 1.00 1.00 1.00 1.00 0.80 0.58 
 -0.15 -0.11 -0.11 -0.11 -0.11 -0.11 -0.11 -0.11 -0.20 -1.00 -0.98 -0.11 -0.11 -0.11 -0.11 -0.11 -0.11 -0.11 -0.11 -0.24 
 -1.00 -1.00 -1.00 -1.00 -1.00 -1.00 -1.00 -1.00 -1.00 -1.00 -1.00 -1.00 -1.00 -1.00 -1.00 -1.00 -1.00 -1.00 -1.00 -1.00 
 