-1.00 -1.00 -1.00 -1.00 -0.93 0.53 0.54 0.54 -0.47 -1.00 -0.93 -0.22 0.44 0.83 0.98 0.91 0.57 -0.18 -0.98 -1.00 
 -1.00 -1.00 -1.00 -1.00 -0.55 1.00 1.00 1.00 -0.67 -0.39 0.77 1.00 1.00 1.00 1.00 1.00 1.00 1.00 0.18 -1.00 
 -1.00 -1.00 -1.00 -1.00 -0.13 1.00 1.00 0.90 0.07 1.00 1.00 0.82 0.69 0.88 1.00 1.00 1.00 1.00 0.99 -0.73 
 -1.00 -1.00 -1.00 -1.00 0.30 1.00 1.00 1.00 1.00 0.63 -0.55 -0.99 -1.00 -0.98 -0.40 0.87 1.00 1.00 1.00 -0.29 
 -1.00 -1.00 -1.00 -1.00 0.73 1.00 1.00 1.00 0.58 -0.90 -1.00 -1.00 -1.00 -1.00 -1.00 -0.11 1.00 1.00 1.00 -0.20 
 -1.00 -1.00 -1.00 -0.84 1.00 1.00 1.00 0.92 -0.74 -1.00 -1.00 -1.00 -1.00 -1.00 -1.00 -0.44 1.00 1.00 1.00 -0.35 
 -1.00 -1.00 -1.00 -0.43 1.00 1.00 1.00 0.09 -1.00 -1.00 -1.00 -1.00 -1.00 -1.00 -1.00 -0.25 1.00 1.00 1.00 -0.66 
 -1.00 -1.00 -1.00 -0.00 1.00 1.00 0.99 -0.73 -1.00 -1.00 -1.00 -1.00 -1.00 -1.00 -1.00 0.15 1.00 1.00 0.90 -0.98 
 -1.00 -1.00 -1.00 0.42 1.00 1.00 0.63 -1.00 -1.00 -1.00 -1.00 -1.00 -1.00 -1.00 -1.00 0.57 1.00 1.00 0.50 -1.00 
 -1.00 -1.00 -0.99 0.84 1.00 1.00 0.16 -1.00 -1.00 -1.00 -1.00 -1.00 -1.00 -1.00 -0.95 0.95 1.00 1.00 0.07 -1.00 
 -1.00 -1.00 -0.73 1.00 1.00 1.00 -0.26 -1.00 -1.00 -1.00 -1.00 -1.00 -1.00 -1.00 -0.58 1.00 1.00 1.00 -0.35 -1.00 
 -1.00 -1.00 -0.30 1.00 1.00 1.00 -0.68 -1.00 -1.00 -1.00 -1.00 -1.00 -1.00 -1.00 -0.16 1.00 1.00 1.00 -0.77 -1.00 
 -1.00 -1.00 0.12 1.00 1.00 0.88 -0.98 -1.00 -1.00 -1.00 -1.00 -1.00 -1.00 -1.00 0.26 1.00 1.00 0.80 -1.00 -1.00 
 -1.00 -1.00 0.55 1.00 1.00 0.47 -1.00 -1.00 -1.00 -1.00 -1.00 -1.00 -1.00 -1.00 0.69 1.00 1.00 0.37 -1.00 -1.00 
 -1.00 -0.95 0.93 1.00 1.00 0.06 -1.00 -1.00 -1.00 -1.00 -1.00 -1.00 -1.00 -0.87 0.99 1.00 1.00 -0.05 -1.00 -1.00 
 -1.00 -0.61 1.00 1.00 1.00 -0.36 -1.00 -1.00 -1.00 -1.00 -1.00 -1.00 -1.00 -0.47 1.00 1.00 1.00 -0.47 -1.00 -1.00 
 -1.00 -0.18 1.00 1.00 1.00 -0.79 -1.00 -1.00 -1.00 -1.00 -1.00 -1.00 -1.00 -0.05 1.00 1.00 0.98 -0.88 -1.00 -1.00 
 -1.00 0.25 1.00 1.00 0.79 -1.00 -1.00 -1.00 -1.00 -1.00 -1.00 -1.00 -1.00 0.37 1.00 1.00 0.68 -1.00 -1.00 -1.00 
 -1.00 0.67 1.00 1.00 0.37 -1.00 -1.00 -1.00 -1.00 -1.00 -1.00 -1.00 -0.99 0.80 1.00 1.00 0.25 -1.00 -1.00 -1.00 
 -0.89 0.98 1.00 1.00 -0.05 -1.00 -1.00 -1.00 -1.00 -1.00 -1.00 -1.00 -0.78 1.00 1.00 1.00 -0.17 -1.00 -1.00 -1.00 
 