-1.00 -1.00 -1.00 -1.00 -1.00 -1.00 -1.00 -1.00 -1.00 -1.00 -1.00 -1.00 -1.00 -1.00 -1.00 -1.00 -1.00 -1.00 -1.00 -1.00 
 -1.00 -1.00 -1.00 -1.00 -1.00 -1.00 -1.00 -1.00 -1.00 -1.00 -1.00 -1.00 -1.00 -1.00 -1.00 -1.00 -1.00 -1.00 -1.00 -1.00 
 -1.00 -1.00 -1.00 -0.97 -0.78 -0.51 -0.18 0.09 -0.63 -1.00 -1.00 -0.64 0.03 0.45 0.65 0.63 0.33 -0.41 -1.00 -1.00 
 -1.00 -1.00 0.30 0.98 1.00 1.00 1.00 1.00 -0.60 -0.67 0.44 1.00 0.71 0.44 0.59 1.00 1.00 1.00 -0.07 -1.00 
 -1.00 -1.00 -0.87 -0.61 0.46 1.00 1.00 0.99 -0.01 0.90 0.16 -0.70 -1.00 -1.00 -1.00 -0.18 1.00 1.00 0.91 -0.94 
 -1.00 -1.00 -1.00 -1.00 -0.41 1.00 1.00 1.00 0.55 -0.69 -1.00 -1.00 -1.00 -1.00 -1.00 -0.95 0.98 1.00 1.00 -0.75 
 -1.00 -1.00 -1.00 -1.00 -0.32 1.00 1.00 0.52 -0.96 -1.00 -1.00 -1.00 -1.00 -1.00 -1.00 -0.96 0.98 1.00 0.99 -0.91 
 -1.00 -1.00 -1.00 -1.00 0.00 1.00 1.00 0.07 -1.00 -1.00 -1.00 -1.00 -1.00 -1.00 -1.00 -0.68 1.00 1.00 0.75 -1.00 
 -1.00 -1.00 -1.00 -1.00 0.33 1.00 1.00 -0.27 -1.00 -1.00 -1.00 -1.00 -1.00 -1.00 -1.00 -0.35 1.00 1.00 0.41 -1.00 
 -1.00 -1.00 -1.00 -1.00 0.67 1.00 1.00 -0.61 -1.00 -1.00 -1.00 -1.00 -1.00 -1.00 -1.00 -0.01 1.00 1.00 0.07 -1.00 
 -1.00 -1.00 -1.00 -0.95 0.96 1.00 0.98 -0.92 -1.00 -1.00 -1.00 -1.00 -1.00 -1.00 -1.00 0.33 1.00 1.00 -0.25 -1.00 
 -1.00 -1.00 -1.00 -0.66 1.00 1.00 0.73 -1.00 -1.00 -1.00 -1.00 -1.00 -1.00 -1.00 -1.00 0.65 1.00 1.00 -0.59 -1.00 
 -1.00 -1.00 -1.00 -0.33 1.00 1.00 0.39 -1.00 -1.00 -1.00 -1.00 -1.00 -1.00 -1.00 -0.96 0.95 1.00 0.98 -0.91 -1.00 
 -1.00 -1.00 -1.00 0.00 1.00 1.00 0.06 -1.00 -1.00 -1.00 -1.00 -1.00 -1.00 -1.00 -0.68 1.00 1.00 0.74 -1.00 -1.00 
 -1.00 -1.00 -1.00 0.36 1.00 1.00 -0.25 -1.00 -1.00 -1.00 -1.00 -1.00 -1.00 -1.00 -0.32 1.00 1.00 0.43 -1.00 -1.00 
 -1.00 -1.00 -0.87 0.89 1.00 1.00 -0.28 -1.00 -1.00 -1.00 -1.00 -1.00 -1.00 -1.00 0.33 1.00 1.00 0.40 -1.00 -1.00 
 -0.81 -0.50 0.52 1.00 1.00 1.00 0.62 -0.53 -0.85 -1.00 -1.00 -0.91 -0.65 0.07 1.00 1.00 1.00 0.95 -0.27 -0.76 
 0.64 0.77 0.77 0.77 0.77 0.77 0.77 0.77 0.12 -1.00 -1.00 0.04 0.77 0.77 0.77 0.77 0.77 0.77 0.77 0.71 
 -1.00 -1.00 -1.00 -1.00 -1.00 -1.00 -1.00 -1.00 -1.00 -1.00 -1.00 -1.00 -1.00 -1.00 -1.00 -1.00 -1.00 -1.00 -1.00 -1.00 
 -1.00 -1.00 -1.00 -1.00 -1.00 -1.00 -1.00 -1.00 -1.00 -1.00 -1.00 -1.00 -1.00 -1.00 -1.00 -1.00 -1.00 -1.00 -1.00 -1.00 
 