-0.15 0.37 0.37 0.37 0.36 -0.52 -1.00 -0.98 -0.27 0.51 0.91 0.98 0.75 0.21 -0.72 -1.00 -1.00 -1.00 -1.00 -1.00 
 0.67 1.00 1.00 1.00 1.00 0.17 -0.91 0.43 1.00 1.00 1.00 1.00 1.00 1.00 0.91 -0.52 -1.00 -1.00 -1.00 -1.00 
 -0.58 -0.16 -0.16 0.58 1.00 0.18 0.41 1.00 0.34 -0.48 -0.75 -0.61 -0.07 0.88 1.00 0.76 -0.94 -1.00 -1.00 -1.00 
 -1.00 -1.00 -1.00 0.27 1.00 0.82 1.00 -0.07 -1.00 -1.00 -1.00 -1.00 -1.00 -0.55 0.99 1.00 -0.33 -1.00 -1.00 -1.00 
 -1.00 -1.00 -1.00 0.27 1.00 1.00 0.40 -0.99 -1.00 -1.00 -1.00 -1.00 -1.00 -1.00 0.51 1.00 0.16 -1.00 -1.00 -1.00 
 -1.00 -1.00 -1.00 0.27 1.00 1.00 -0.60 -1.00 -1.00 -1.00 -1.00 -1.00 -1.00 -1.00 0.11 1.00 0.40 -1.00 -1.00 -1.00 
 -1.00 -1.00 -1.00 0.27 1.00 0.74 -1.00 -1.00 -1.00 -1.00 -1.00 -1.00 -1.00 -1.00 -0.02 1.00 0.47 -1.00 -1.00 -1.00 
 -1.00 -1.00 -1.00 0.27 1.00 0.35 -1.00 -1.00 -1.00 -1.00 -1.00 -1.00 -1.00 -1.00 -0.03 1.00 0.47 -1.00 -1.00 -1.00 
 -1.00 -1.00 -1.00 0.27 1.00 0.19 -1.00 -1.00 -1.00 -1.00 -1.00 -1.00 -1.00 -1.00 -0.03 1.00 0.47 -1.00 -1.00 -1.00 
 -1.00 -1.00 -1.00 0.27 1.00 0.17 -1.00 -1.00 -1.00 -1.00 -1.00 -1.00 -1.00 -1.00 -0.03 1.00 0.47 -1.00 -1.00 -1.00 
 -1.00 -1.00 -1.00 0.27 1.00 0.17 -1.00 -1.00 -1.00 -1.00 -1.00 -1.00 -1.00 -1.00 -0.03 1.00 0.47 -1.00 -1.00 -1.00 
 -1.00 -1.00 -1.00 0.27 1.00 0.17 -1.00 -1.00 -1.00 -1.00 -1.00 -1.00 -1.00 -1.00 -0.03 1.00 0.47 -1.00 -1.00 -1.00 
 -1.00 -1.00 -1.00 0.27 1.00 0.17 -1.00 -1.00 -1.00 -1.00 -1.00 -1.00 -1.00 -1.00 -0.03 1.00 0.47 -1.00 -1.00 -1.00 
 -1.00 -1.00 -1.00 0.27 1.00 0.17 -1.00 -1.00 -1.00 -1.00 -1.00 -1.00 -1.00 -1.00 -0.03 1.00 0.47 -1.00 -1.00 -1.00 
 -1.00 -1.00 -1.00 0.27 1.00 0.17 -1.00 -1.00 -1.00 -1.00 -1.00 -1.00 -1.00 -1.00 -0.03 1.00 0.47 -1.00 -1.00 -1.00 
 -1.00 -1.00 -1.00 0.27 1.00 0.17 -1.00 -1.00 -1.00 -1.00 -1.00 -1.00 -1.00 -1.00 -0.03 1.00 0.47 -1.00 -1.00 -1.00 
 -1.00 -1.00 -1.00 0.27 1.00 0.17 -1.00 -1.00 -1.00 -1.00 -1.00 -1.00 -1.00 -1.00 -0.03 1.00 0.47 -1.00 -1.00 -1.00 
 -0.99 -0.96 -0.96 0.29 1.00 0.18 -0.96 -0.96 -0.99 -1.00 -1.00 -1.00 -0.96 -0.96 -0.01 1.00 0.48 -0.96 -0.96 -0.99 
 0.38 1.00 1.00 1.00 1.00 1.00 1.00 1.00 0.27 -1.00 -1.00 0.07 1.00 1.00 1.00 1.00 1.00 1.00 1.00 0.58 
 0.50 1.00 1.00 1.00 1.00 1.00 1.00 1.00 0.40 -1.00 -1.00 0.19 1.00 1.00 1.00 1.00 1.00 1.00 1.00 0.70 
 