0.00 0.06 0.43 0.43 0.43 0.25 0.00 0.00 0.11 0.47 0.78 0.94 1.00 0.98 0.82 0.57 0.21 0.00 0.00 0.00 
 0.00 0.15 1.00 1.00 1.00 0.57 0.00 0.33 0.92 1.00 1.00 1.00 1.00 1.00 1.00 1.00 0.98 0.51 0.02 0.00 
 0.00 0.15 1.00 1.00 1.00 0.57 0.39 0.98 1.00 1.00 1.00 1.00 1.00 1.00 1.00 1.00 1.00 1.00 0.49 0.00 
 0.00 0.15 1.00 1.00 1.00 0.80 0.98 1.00 0.88 0.51 0.25 0.15 0.16 0.39 0.78 1.00 1.00 1.00 0.94 0.15 
 0.00 0.15 1.00 1.00 1.00 1.00 1.00 0.67 0.06 0.00 0.00 0.00 0.00 0.00 0.04 0.67 1.00 1.00 1.00 0.57 
 0.00 0.15 1.00 1.00 1.00 1.00 0.76 0.02 0.00 0.00 0.00 0.00 0.00 0.00 0.00 0.11 0.92 1.00 1.00 0.88 
 0.00 0.15 1.00 1.00 1.00 0.98 0.25 0.00 0.00 0.00 0.00 0.00 0.00 0.00 0.00 0.00 0.62 1.00 1.00 1.00 
 0.00 0.15 1.00 1.00 1.00 0.84 0.00 0.00 0.00 0.00 0.00 0.00 0.00 0.00 0.00 0.00 0.41 1.00 1.00 1.00 
 0.00 0.15 1.00 1.00 1.00 0.67 0.00 0.00 0.00 0.00 0.00 0.00 0.00 0.00 0.00 0.00 0.29 1.00 1.00 1.00 
 0.00 0.15 1.00 1.00 1.00 0.57 0.00 0.00 0.00 0.00 0.00 0.00 0.00 0.00 0.00 0.00 0.29 1.00 1.00 1.00 
 0.00 0.15 1.00 1.00 1.00 0.57 0.00 0.00 0.00 0.00 0.00 0.00 0.00 0.00 0.00 0.00 0.29 1.00 1.00 1.00 
 0.00 0.15 1.00 1.00 1.00 0.57 0.00 0.00 0.00 0.00 0.00 0.00 0.00 0.00 0.00 0.00 0.29 1.00 1.00 1.00 
 0.00 0.15 1.00 1.00 1.00 0.57 0.00 0.00 0.00 0.00 0.00 0.00 0.00 0.00 0.00 0.00 0.29 1.00 1.00 1.00 
 0.00 0.15 1.00 1.00 1.00 0.57 0.00 0.00 0.00 0.00 0.00 0.00 0.00 0.00 0.00 0.00 0.29 1.00 1.00 1.00 
 0.00 0.15 1.00 1.00 1.00 0.57 0.00 0.00 0.00 0.00 0.00 0.00 0.00 0.00 0.00 0.00 0.29 1.00 1.00 1.00 
 0.00 0.15 1.00 1.00 1.00 0.57 0.00 0.00 0.00 0.00 0.00 0.00 0.00 0.00 0.00 0.00 0.29 1.00 1.00 1.00 
 0.00 0.15 1.00 1.00 1.00 0.57 0.00 0.00 0.00 0.00 0.00 0.00 0.00 0.00 0.00 0.00 0.29 1.00 1.00 1.00 
 0.00 0.15 1.00 1.00 1.00 0.57 0.00 0.00 0.00 0.00 0.00 0.00 0.00 0.00 0.00 0.00 0.29 1.00 1.00 1.00 
 0.00 0.15 1.00 1.00 1.00 0.57 0.00 0.00 0.00 0.00 0.00 0.00 0.00 0.00 0.00 0.00 0.29 1.00 1.00 1.00 
 0.00 0.15 1.00 1.00 1.00 0.57 0.00 0.00 0.00 0.00 0.00 0.00 0.00 0.00 0.00 0.00 0.29 1.00 1.00 1.00 
 