0.00 0.00 0.00 0.00 0.00 0.11 0.31 0.58 0.50 0.00 0.00 0.00 0.00 0.00 0.03 0.20 0.45 0.64 0.67 0.53 
 0.00 0.00 0.06 0.28 0.64 0.95 1.00 1.00 0.95 0.11 0.00 0.00 0.03 0.28 0.75 1.00 1.00 1.00 1.00 1.00 
 0.17 0.47 0.86 1.00 1.00 1.00 1.00 1.00 1.00 0.17 0.00 0.17 0.70 1.00 1.00 1.00 1.00 1.00 1.00 1.00 
 0.92 1.00 1.00 1.00 1.00 1.00 1.00 1.00 1.00 0.17 0.28 0.92 1.00 1.00 1.00 1.00 1.00 1.00 1.00 1.00 
 0.50 0.42 0.22 0.75 1.00 1.00 1.00 1.00 0.89 0.39 0.97 1.00 0.97 0.84 0.78 0.97 1.00 1.00 1.00 1.00 
 0.00 0.00 0.00 0.50 1.00 1.00 1.00 1.00 0.97 0.97 1.00 0.89 0.39 0.00 0.00 0.67 1.00 1.00 1.00 1.00 
 0.00 0.00 0.00 0.53 1.00 1.00 1.00 1.00 1.00 1.00 0.86 0.17 0.00 0.00 0.00 0.50 1.00 1.00 1.00 1.00 
 0.00 0.00 0.00 0.67 1.00 1.00 1.00 1.00 1.00 0.95 0.22 0.00 0.00 0.00 0.00 0.50 1.00 1.00 1.00 1.00 
 0.00 0.00 0.00 0.73 1.00 1.00 1.00 1.00 1.00 0.50 0.00 0.00 0.00 0.00 0.00 0.64 1.00 1.00 1.00 1.00 
 0.00 0.00 0.03 0.86 1.00 1.00 1.00 1.00 0.86 0.06 0.00 0.00 0.00 0.00 0.00 0.75 1.00 1.00 1.00 1.00 
 0.00 0.00 0.17 1.00 1.00 1.00 1.00 1.00 0.58 0.00 0.00 0.00 0.00 0.00 0.06 0.89 1.00 1.00 1.00 1.00 
 0.00 0.00 0.17 1.00 1.00 1.00 1.00 1.00 0.33 0.00 0.00 0.00 0.00 0.00 0.17 1.00 1.00 1.00 1.00 1.00 
 0.00 0.00 0.28 1.00 1.00 1.00 1.00 0.95 0.11 0.00 0.00 0.00 0.00 0.00 0.22 1.00 1.00 1.00 1.00 0.97 
 0.00 0.00 0.42 1.00 1.00 1.00 1.00 0.84 0.00 0.00 0.00 0.00 0.00 0.00 0.39 1.00 1.00 1.00 1.00 0.81 
 0.00 0.00 0.58 1.00 1.00 1.00 1.00 0.73 0.00 0.00 0.00 0.00 0.00 0.00 0.56 1.00 1.00 1.00 1.00 0.64 
 0.00 0.00 0.75 1.00 1.00 1.00 1.00 0.56 0.00 0.00 0.00 0.00 0.00 0.00 0.73 1.00 1.00 1.00 1.00 0.47 
 0.00 0.09 0.92 1.00 1.00 1.00 1.00 0.39 0.00 0.00 0.00 0.00 0.00 0.06 0.89 1.00 1.00 1.00 1.00 0.33 
 0.00 0.17 1.00 1.00 1.00 1.00 1.00 0.28 0.00 0.00 0.00 0.00 0.00 0.17 1.00 1.00 1.00 1.00 1.00 0.36 
 0.00 0.28 1.00 1.00 1.00 1.00 1.00 0.17 0.00 0.00 0.00 0.00 0.00 0.20 1.00 1.00 1.00 1.00 1.00 0.86 
 0.00 0.47 1.00 1.00 1.00 1.00 1.00 0.17 0.00 0.00 0.00 0.00 0.00 0.33 1.00 1.00 1.00 1.00 1.00 1.00 
 