0.00 0.00 0.00 0.00 0.00 0.00 0.00 0.00 0.00 0.00 0.00 0.00 0.00 0.00 0.00 0.00 0.00 0.00 0.00 0.00 
 0.00 0.00 0.00 0.00 0.00 0.02 0.13 0.00 0.00 0.00 0.00 0.06 0.15 0.15 0.13 0.00 0.00 0.00 0.00 0.00 
 0.00 0.04 0.15 0.27 0.53 0.82 0.84 0.00 0.00 0.11 0.62 0.92 1.00 1.00 0.98 0.78 0.39 0.04 0.00 0.00 
 0.74 0.90 1.00 1.00 1.00 1.00 0.72 0.00 0.15 0.80 1.00 1.00 1.00 1.00 1.00 1.00 1.00 0.76 0.08 0.00 
 0.41 0.43 0.55 0.98 1.00 1.00 0.72 0.18 0.88 0.84 0.57 0.43 0.45 0.67 0.94 1.00 1.00 1.00 0.69 0.00 
 0.00 0.00 0.00 0.86 1.00 1.00 0.88 0.90 0.49 0.02 0.00 0.00 0.00 0.00 0.21 0.90 1.00 1.00 0.98 0.18 
 0.00 0.00 0.00 0.84 1.00 1.00 0.98 0.33 0.00 0.00 0.00 0.00 0.00 0.00 0.00 0.33 1.00 1.00 1.00 0.41 
 0.00 0.00 0.00 0.72 1.00 1.00 0.74 0.00 0.00 0.00 0.00 0.00 0.00 0.00 0.00 0.06 0.92 1.00 1.00 0.55 
 0.00 0.00 0.00 0.72 1.00 1.00 0.57 0.00 0.00 0.00 0.00 0.00 0.00 0.00 0.00 0.00 0.80 1.00 1.00 0.57 
 0.00 0.00 0.00 0.72 1.00 1.00 0.57 0.00 0.00 0.00 0.00 0.00 0.00 0.00 0.00 0.00 0.72 1.00 1.00 0.57 
 0.00 0.00 0.00 0.72 1.00 1.00 0.57 0.00 0.00 0.00 0.00 0.00 0.00 0.00 0.00 0.00 0.72 1.00 1.00 0.57 
 0.00 0.00 0.00 0.72 1.00 1.00 0.57 0.00 0.00 0.00 0.00 0.00 0.00 0.00 0.00 0.00 0.72 1.00 1.00 0.57 
 0.00 0.00 0.00 0.72 1.00 1.00 0.57 0.00 0.00 0.00 0.00 0.00 0.00 0.00 0.00 0.00 0.72 1.00 1.00 0.57 
 0.00 0.00 0.00 0.72 1.00 1.00 0.57 0.00 0.00 0.00 0.00 0.00 0.00 0.00 0.00 0.00 0.72 1.00 1.00 0.57 
 0.00 0.00 0.00 0.72 1.00 1.00 0.57 0.00 0.00 0.00 0.00 0.00 0.00 0.00 0.00 0.00 0.72 1.00 1.00 0.57 
 0.00 0.00 0.00 0.78 1.00 1.00 0.59 0.00 0.00 0.00 0.00 0.00 0.00 0.00 0.00 0.00 0.72 1.00 1.00 0.59 
 0.00 0.00 0.00 0.86 1.00 1.00 0.72 0.00 0.00 0.00 0.00 0.00 0.00 0.00 0.00 0.00 0.72 1.00 1.00 0.72 
 0.00 0.00 0.00 0.86 1.00 1.00 0.72 0.00 0.00 0.00 0.00 0.00 0.00 0.00 0.00 0.00 0.74 1.00 1.00 0.72 
 0.00 0.00 0.08 0.94 1.00 1.00 0.78 0.00 0.00 0.00 0.00 0.00 0.00 0.00 0.00 0.00 0.86 1.00 1.00 0.78 
 0.27 0.39 0.59 1.00 1.00 1.00 0.96 0.51 0.37 0.23 0.00 0.00 0.00 0.00 0.00 0.00 0.86 1.00 1.00 0.98 
 