0.00 0.00 0.33 0.50 0.50 0.42 0.00 0.00 0.14 0.47 0.78 0.95 1.00 0.97 0.81 0.61 0.28 0.03 0.00 0.00 
 0.00 0.00 0.67 1.00 1.00 0.84 0.03 0.42 0.95 1.00 1.00 1.00 1.00 1.00 1.00 1.00 1.00 0.61 0.06 0.00 
 0.00 0.00 0.67 1.00 1.00 0.86 0.47 1.00 1.00 1.00 0.95 0.84 0.86 1.00 1.00 1.00 1.00 1.00 0.61 0.00 
 0.00 0.00 0.67 1.00 1.00 1.00 1.00 1.00 0.78 0.36 0.11 0.00 0.03 0.28 0.75 1.00 1.00 1.00 0.95 0.20 
 0.00 0.00 0.67 1.00 1.00 1.00 1.00 0.70 0.03 0.00 0.00 0.00 0.00 0.00 0.06 0.73 1.00 1.00 1.00 0.58 
 0.00 0.00 0.67 1.00 1.00 1.00 0.86 0.09 0.00 0.00 0.00 0.00 0.00 0.00 0.00 0.22 1.00 1.00 1.00 0.81 
 0.00 0.00 0.67 1.00 1.00 1.00 0.53 0.00 0.00 0.00 0.00 0.00 0.00 0.00 0.00 0.06 0.89 1.00 1.00 0.95 
 0.00 0.00 0.67 1.00 1.00 1.00 0.25 0.00 0.00 0.00 0.00 0.00 0.00 0.00 0.00 0.00 0.75 1.00 1.00 1.00 
 0.00 0.00 0.67 1.00 1.00 0.95 0.11 0.00 0.00 0.00 0.00 0.00 0.00 0.00 0.00 0.00 0.67 1.00 1.00 1.00 
 0.00 0.00 0.67 1.00 1.00 0.84 0.00 0.00 0.00 0.00 0.00 0.00 0.00 0.00 0.00 0.00 0.67 1.00 1.00 1.00 
 0.00 0.00 0.67 1.00 1.00 0.84 0.00 0.00 0.00 0.00 0.00 0.00 0.00 0.00 0.00 0.00 0.67 1.00 1.00 1.00 
 0.00 0.00 0.67 1.00 1.00 0.84 0.00 0.00 0.00 0.00 0.00 0.00 0.00 0.00 0.00 0.00 0.67 1.00 1.00 1.00 
 0.00 0.00 0.67 1.00 1.00 0.84 0.00 0.00 0.00 0.00 0.00 0.00 0.00 0.00 0.00 0.00 0.67 1.00 1.00 1.00 
 0.00 0.00 0.67 1.00 1.00 0.84 0.00 0.00 0.00 0.00 0.00 0.00 0.00 0.00 0.00 0.00 0.67 1.00 1.00 1.00 
 0.00 0.00 0.67 1.00 1.00 0.84 0.00 0.00 0.00 0.00 0.00 0.00 0.00 0.00 0.00 0.00 0.67 1.00 1.00 1.00 
 0.00 0.00 0.67 1.00 1.00 0.84 0.00 0.00 0.00 0.00 0.00 0.00 0.00 0.00 0.00 0.00 0.67 1.00 1.00 1.00 
 0.00 0.00 0.67 1.00 1.00 0.84 0.00 0.00 0.00 0.00 0.00 0.00 0.00 0.00 0.00 0.00 0.67 1.00 1.00 1.00 
 0.00 0.00 0.67 1.00 1.00 0.84 0.00 0.00 0.00 0.00 0.00 0.00 0.00 0.00 0.00 0.00 0.67 1.00 1.00 1.00 
 0.00 0.00 0.67 1.00 1.00 0.84 0.00 0.00 0.00 0.00 0.00 0.00 0.00 0.00 0.00 0.00 0.67 1.00 1.00 1.00 
 0.00 0.00 0.67 1.00 1.00 0.84 0.00 0.00 0.00 0.00 0.00 0.00 0.00 0.00 0.00 0.00 0.67 1.00 1.00 1.00 
 