0.00 0.45 0.67 0.67 0.56 0.00 0.00 0.00 0.17 0.53 0.84 1.00 1.00 1.00 0.84 0.56 0.20 0.00 0.00 0.00 
 0.00 0.67 1.00 1.00 0.84 0.00 0.03 0.45 0.97 1.00 1.00 1.00 1.00 1.00 1.00 1.00 0.95 0.31 0.00 0.00 
 0.00 0.67 1.00 1.00 0.84 0.03 0.58 1.00 1.00 1.00 0.89 0.84 0.86 1.00 1.00 1.00 1.00 0.95 0.20 0.00 
 0.00 0.67 1.00 1.00 0.84 0.45 1.00 1.00 0.89 0.42 0.06 0.00 0.03 0.36 0.89 1.00 1.00 1.00 0.67 0.00 
 0.00 0.67 1.00 1.00 0.97 0.97 1.00 0.78 0.11 0.00 0.00 0.00 0.00 0.00 0.28 0.97 1.00 1.00 0.89 0.06 
 0.00 0.67 1.00 1.00 1.00 1.00 0.84 0.09 0.00 0.00 0.00 0.00 0.00 0.00 0.00 0.73 1.00 1.00 1.00 0.17 
 0.00 0.67 1.00 1.00 1.00 0.97 0.31 0.00 0.00 0.00 0.00 0.00 0.00 0.00 0.00 0.47 1.00 1.00 1.00 0.28 
 0.00 0.67 1.00 1.00 1.00 0.75 0.00 0.00 0.00 0.00 0.00 0.00 0.00 0.00 0.00 0.33 1.00 1.00 1.00 0.33 
 0.00 0.67 1.00 1.00 1.00 0.42 0.00 0.00 0.00 0.00 0.00 0.00 0.00 0.00 0.00 0.33 1.00 1.00 1.00 0.33 
 0.00 0.67 1.00 1.00 1.00 0.20 0.00 0.00 0.00 0.00 0.00 0.00 0.00 0.00 0.00 0.33 1.00 1.00 1.00 0.33 
 0.00 0.67 1.00 1.00 0.89 0.06 0.00 0.00 0.00 0.00 0.00 0.00 0.00 0.00 0.00 0.33 1.00 1.00 1.00 0.33 
 0.00 0.67 1.00 1.00 0.84 0.00 0.00 0.00 0.00 0.00 0.00 0.00 0.00 0.00 0.00 0.33 1.00 1.00 1.00 0.33 
 0.00 0.67 1.00 1.00 0.84 0.00 0.00 0.00 0.00 0.00 0.00 0.00 0.00 0.00 0.00 0.33 1.00 1.00 1.00 0.33 
 0.00 0.67 1.00 1.00 0.84 0.00 0.00 0.00 0.00 0.00 0.00 0.00 0.00 0.00 0.00 0.33 1.00 1.00 1.00 0.33 
 0.00 0.67 1.00 1.00 0.84 0.00 0.00 0.00 0.00 0.00 0.00 0.00 0.00 0.00 0.00 0.33 1.00 1.00 1.00 0.33 
 0.00 0.67 1.00 1.00 0.84 0.00 0.00 0.00 0.00 0.00 0.00 0.00 0.00 0.00 0.00 0.33 1.00 1.00 1.00 0.33 
 0.00 0.67 1.00 1.00 0.84 0.00 0.00 0.00 0.00 0.00 0.00 0.00 0.00 0.00 0.00 0.33 1.00 1.00 1.00 0.33 
 0.00 0.67 1.00 1.00 0.84 0.00 0.00 0.00 0.00 0.00 0.00 0.00 0.00 0.00 0.00 0.33 1.00 1.00 1.00 0.33 
 0.00 0.67 1.00 1.00 0.84 0.00 0.00 0.00 0.00 0.00 0.00 0.00 0.00 0.00 0.00 0.33 1.00 1.00 1.00 0.33 
 0.00 0.67 1.00 1.00 0.84 0.00 0.00 0.00 0.00 0.00 0.00 0.00 0.00 0.00 0.00 0.33 1.00 1.00 1.00 0.33 
 