0.00 0.06 0.43 0.43 0.43 0.31 0.00 0.00 0.04 0.31 0.65 0.88 1.00 1.00 0.90 0.65 0.31 0.02 0.00 0.00 
 0.00 0.15 1.00 1.00 1.00 0.72 0.02 0.29 0.82 1.00 1.00 1.00 1.00 1.00 1.00 1.00 1.00 0.67 0.08 0.00 
 0.00 0.15 1.00 1.00 1.00 0.78 0.62 1.00 1.00 1.00 1.00 1.00 1.00 1.00 1.00 1.00 1.00 1.00 0.69 0.02 
 0.00 0.15 1.00 1.00 1.00 1.00 1.00 1.00 1.00 0.86 0.59 0.43 0.43 0.57 0.84 1.00 1.00 1.00 1.00 0.33 
 0.00 0.15 1.00 1.00 1.00 1.00 1.00 0.82 0.33 0.02 0.00 0.00 0.00 0.00 0.04 0.69 1.00 1.00 1.00 0.74 
 0.00 0.15 1.00 1.00 1.00 0.96 0.51 0.02 0.00 0.00 0.00 0.00 0.00 0.00 0.00 0.13 0.96 1.00 1.00 0.98 
 0.00 0.15 1.00 1.00 1.00 0.72 0.00 0.00 0.00 0.00 0.00 0.00 0.00 0.00 0.00 0.00 0.72 1.00 1.00 1.00 
 0.00 0.15 1.00 1.00 1.00 0.72 0.00 0.00 0.00 0.00 0.00 0.00 0.00 0.00 0.00 0.00 0.57 1.00 1.00 1.00 
 0.00 0.15 1.00 1.00 1.00 0.72 0.00 0.00 0.00 0.00 0.00 0.00 0.00 0.00 0.00 0.00 0.45 1.00 1.00 1.00 
 0.00 0.15 1.00 1.00 1.00 0.72 0.00 0.00 0.00 0.00 0.00 0.00 0.00 0.00 0.00 0.00 0.43 1.00 1.00 1.00 
 0.00 0.15 1.00 1.00 1.00 0.72 0.00 0.00 0.00 0.00 0.00 0.00 0.00 0.00 0.00 0.00 0.43 1.00 1.00 1.00 
 0.00 0.15 1.00 1.00 1.00 0.72 0.00 0.00 0.00 0.00 0.00 0.00 0.00 0.00 0.00 0.00 0.43 1.00 1.00 1.00 
 0.00 0.15 1.00 1.00 1.00 0.72 0.00 0.00 0.00 0.00 0.00 0.00 0.00 0.00 0.00 0.00 0.43 1.00 1.00 1.00 
 0.00 0.15 1.00 1.00 1.00 0.72 0.00 0.00 0.00 0.00 0.00 0.00 0.00 0.00 0.00 0.00 0.43 1.00 1.00 1.00 
 0.00 0.15 1.00 1.00 1.00 0.72 0.00 0.00 0.00 0.00 0.00 0.00 0.00 0.00 0.00 0.00 0.43 1.00 1.00 1.00 
 0.00 0.15 1.00 1.00 1.00 0.72 0.00 0.00 0.00 0.00 0.00 0.00 0.00 0.00 0.00 0.00 0.43 1.00 1.00 1.00 
 0.00 0.15 1.00 1.00 1.00 0.72 0.00 0.00 0.00 0.00 0.00 0.00 0.00 0.00 0.00 0.00 0.43 1.00 1.00 1.00 
 0.00 0.15 1.00 1.00 1.00 0.72 0.00 0.00 0.00 0.00 0.00 0.00 0.00 0.00 0.00 0.00 0.43 1.00 1.00 1.00 
 0.00 0.15 1.00 1.00 1.00 0.72 0.00 0.00 0.00 0.00 0.00 0.00 0.00 0.00 0.00 0.00 0.43 1.00 1.00 1.00 
 0.00 0.15 1.00 1.00 1.00 0.72 0.00 0.00 0.00 0.00 0.00 0.00 0.00 0.00 0.00 0.00 0.43 1.00 1.00 1.00 
 