0.00 0.00 0.42 0.50 0.42 0.00 0.00 0.00 0.14 0.47 0.78 0.97 1.00 1.00 0.89 0.64 0.25 0.00 0.00 0.00 
 0.00 0.00 0.84 1.00 0.89 0.06 0.03 0.42 0.95 1.00 1.00 1.00 1.00 1.00 1.00 1.00 0.97 0.56 0.03 0.00 
 0.00 0.00 0.84 1.00 1.00 0.31 0.58 1.00 1.00 1.00 0.97 0.84 0.84 0.97 1.00 1.00 1.00 1.00 0.50 0.00 
 0.00 0.00 0.84 1.00 1.00 0.84 1.00 1.00 0.86 0.53 0.17 0.00 0.00 0.17 0.61 0.97 1.00 1.00 0.92 0.11 
 0.00 0.00 0.84 1.00 1.00 1.00 1.00 0.70 0.09 0.00 0.00 0.00 0.00 0.00 0.00 0.53 1.00 1.00 1.00 0.47 
 0.00 0.00 0.84 1.00 1.00 1.00 0.64 0.03 0.00 0.00 0.00 0.00 0.00 0.00 0.00 0.14 0.97 1.00 1.00 0.70 
 0.00 0.00 0.84 1.00 1.00 0.81 0.03 0.00 0.00 0.00 0.00 0.00 0.00 0.00 0.00 0.00 0.81 1.00 1.00 0.84 
 0.00 0.00 0.84 1.00 1.00 0.67 0.00 0.00 0.00 0.00 0.00 0.00 0.00 0.00 0.00 0.00 0.67 1.00 1.00 0.84 
 0.00 0.00 0.84 1.00 1.00 0.67 0.00 0.00 0.00 0.00 0.00 0.00 0.00 0.00 0.00 0.00 0.67 1.00 1.00 0.84 
 0.00 0.00 0.84 1.00 1.00 0.67 0.00 0.00 0.00 0.00 0.00 0.00 0.00 0.00 0.00 0.00 0.67 1.00 1.00 0.84 
 0.00 0.00 0.84 1.00 1.00 0.67 0.00 0.00 0.00 0.00 0.00 0.00 0.00 0.00 0.00 0.00 0.67 1.00 1.00 0.84 
 0.00 0.00 0.84 1.00 1.00 0.67 0.00 0.00 0.00 0.00 0.00 0.00 0.00 0.00 0.00 0.00 0.67 1.00 1.00 0.84 
 0.00 0.00 0.84 1.00 1.00 0.67 0.00 0.00 0.00 0.00 0.00 0.00 0.00 0.00 0.00 0.00 0.67 1.00 1.00 0.84 
 0.00 0.00 0.84 1.00 1.00 0.67 0.00 0.00 0.00 0.00 0.00 0.00 0.00 0.00 0.00 0.00 0.67 1.00 1.00 0.84 
 0.00 0.00 0.84 1.00 1.00 0.67 0.00 0.00 0.00 0.00 0.00 0.00 0.00 0.00 0.00 0.00 0.67 1.00 1.00 0.84 
 0.00 0.00 0.84 1.00 1.00 0.67 0.00 0.00 0.00 0.00 0.00 0.00 0.00 0.00 0.00 0.00 0.67 1.00 1.00 0.84 
 0.00 0.00 0.84 1.00 1.00 0.67 0.00 0.00 0.00 0.00 0.00 0.00 0.00 0.00 0.00 0.00 0.67 1.00 1.00 0.84 
 0.00 0.00 0.84 1.00 1.00 0.67 0.00 0.00 0.00 0.00 0.00 0.00 0.00 0.00 0.00 0.00 0.67 1.00 1.00 0.84 
 0.00 0.00 0.84 1.00 1.00 0.67 0.00 0.00 0.00 0.00 0.00 0.00 0.00 0.00 0.00 0.00 0.67 1.00 1.00 0.84 
 0.00 0.00 0.84 1.00 1.00 0.67 0.00 0.00 0.00 0.00 0.00 0.00 0.00 0.00 0.00 0.00 0.67 1.00 1.00 0.84 
 