0.00 0.00 0.00 0.00 0.00 0.00 0.00 0.00 0.00 0.00 0.00 0.00 0.00 0.00 0.00 0.00 0.00 0.00 0.00 0.00 
 0.00 0.00 0.03 0.17 0.17 0.11 0.00 0.00 0.00 0.00 0.00 0.06 0.25 0.33 0.20 0.00 0.00 0.00 0.00 0.00 
 0.22 0.47 0.81 1.00 1.00 0.84 0.03 0.00 0.00 0.00 0.25 0.84 1.00 1.00 0.97 0.53 0.00 0.00 0.00 0.00 
 0.73 0.53 0.53 0.92 1.00 1.00 0.17 0.00 0.00 0.28 0.97 1.00 1.00 1.00 1.00 0.97 0.22 0.00 0.00 0.00 
 0.00 0.00 0.00 0.53 1.00 0.89 0.06 0.00 0.14 0.92 0.92 0.50 0.36 0.78 1.00 1.00 0.53 0.00 0.00 0.00 
 0.00 0.00 0.00 0.50 1.00 0.84 0.00 0.03 0.67 0.92 0.28 0.00 0.00 0.20 1.00 1.00 0.67 0.00 0.00 0.00 
 0.00 0.00 0.00 0.50 1.00 0.84 0.00 0.28 0.97 0.33 0.00 0.00 0.00 0.09 0.92 1.00 0.67 0.00 0.00 0.00 
 0.00 0.00 0.00 0.50 1.00 0.84 0.03 0.75 0.64 0.00 0.00 0.00 0.00 0.11 0.95 1.00 0.58 0.00 0.00 0.00 
 0.00 0.00 0.00 0.50 1.00 0.84 0.22 0.95 0.17 0.00 0.00 0.00 0.00 0.17 1.00 1.00 0.50 0.00 0.00 0.00 
 0.00 0.00 0.00 0.56 1.00 0.70 0.58 0.64 0.00 0.00 0.00 0.00 0.00 0.17 1.00 1.00 0.42 0.00 0.00 0.00 
 0.00 0.00 0.00 0.67 1.00 0.73 0.89 0.22 0.00 0.00 0.00 0.00 0.00 0.17 1.00 1.00 0.33 0.00 0.00 0.00 
 0.00 0.00 0.00 0.67 1.00 0.78 0.81 0.00 0.00 0.00 0.00 0.00 0.00 0.25 1.00 1.00 0.25 0.00 0.00 0.00 
 0.00 0.00 0.00 0.67 1.00 1.00 0.53 0.00 0.00 0.00 0.00 0.00 0.00 0.33 1.00 1.00 0.17 0.00 0.00 0.00 
 0.00 0.00 0.00 0.73 1.00 1.00 0.25 0.00 0.00 0.00 0.00 0.00 0.00 0.33 1.00 1.00 0.17 0.00 0.00 0.00 
 0.00 0.00 0.00 0.84 1.00 0.86 0.03 0.00 0.00 0.00 0.00 0.00 0.00 0.33 1.00 1.00 0.17 0.00 0.00 0.00 
 0.00 0.00 0.00 0.84 1.00 0.81 0.00 0.00 0.00 0.00 0.00 0.00 0.00 0.33 1.00 1.00 0.22 0.00 0.00 0.00 
 0.00 0.00 0.09 0.92 1.00 0.67 0.00 0.00 0.00 0.00 0.00 0.00 0.00 0.31 1.00 1.00 0.73 0.25 0.36 0.58 
 0.00 0.00 0.17 1.00 1.00 0.53 0.00 0.00 0.00 0.00 0.00 0.00 0.00 0.14 0.97 1.00 1.00 0.97 0.75 0.28 
 0.00 0.00 0.09 0.42 0.31 0.09 0.00 0.00 0.00 0.00 0.00 0.00 0.00 0.00 0.36 0.67 0.50 0.20 0.00 0.00 
 0.00 0.00 0.00 0.00 0.00 0.00 0.00 0.00 0.00 0.00 0.00 0.00 0.00 0.00 0.00 0.00 0.00 0.00 0.00 0.00 
 