0.00 0.00 0.00 0.00 0.00 0.00 0.00 0.00 0.00 0.00 0.00 0.09 0.17 0.14 0.00 0.00 0.00 0.00 0.00 0.00 
 0.03 0.28 0.33 0.33 0.33 0.11 0.00 0.00 0.09 0.42 0.75 0.92 1.00 0.97 0.78 0.50 0.14 0.00 0.00 0.00 
 0.28 1.00 1.00 1.00 1.00 0.33 0.03 0.36 0.89 1.00 0.95 0.84 0.84 0.84 0.95 1.00 0.92 0.31 0.00 0.00 
 0.06 0.45 0.50 0.75 1.00 0.36 0.58 1.00 0.89 0.50 0.14 0.00 0.00 0.00 0.14 0.53 0.95 0.95 0.28 0.00 
 0.00 0.00 0.00 0.50 1.00 0.86 1.00 0.84 0.17 0.00 0.00 0.00 0.00 0.00 0.00 0.00 0.31 0.97 0.86 0.09 
 0.00 0.00 0.00 0.50 1.00 1.00 0.84 0.09 0.00 0.00 0.00 0.00 0.00 0.00 0.00 0.00 0.00 0.53 1.00 0.47 
 0.00 0.00 0.00 0.50 1.00 0.86 0.17 0.00 0.00 0.00 0.00 0.00 0.00 0.00 0.00 0.00 0.00 0.20 1.00 0.75 
 0.00 0.00 0.00 0.50 1.00 0.36 0.00 0.00 0.00 0.00 0.00 0.00 0.00 0.00 0.00 0.00 0.00 0.17 1.00 0.84 
 0.00 0.00 0.00 0.50 1.00 0.33 0.00 0.00 0.00 0.00 0.00 0.00 0.00 0.00 0.00 0.00 0.00 0.17 1.00 0.84 
 0.00 0.00 0.00 0.50 1.00 0.33 0.00 0.00 0.00 0.00 0.00 0.00 0.00 0.00 0.00 0.00 0.00 0.17 1.00 0.84 
 0.00 0.00 0.00 0.50 1.00 0.33 0.00 0.00 0.00 0.00 0.00 0.00 0.00 0.00 0.00 0.00 0.00 0.17 1.00 0.84 
 0.00 0.00 0.00 0.50 1.00 0.33 0.00 0.00 0.00 0.00 0.00 0.00 0.00 0.00 0.00 0.00 0.00 0.17 1.00 0.84 
 0.00 0.00 0.00 0.50 1.00 0.33 0.00 0.00 0.00 0.00 0.00 0.00 0.00 0.00 0.00 0.00 0.00 0.17 1.00 0.84 
 0.00 0.00 0.00 0.50 1.00 0.33 0.00 0.00 0.00 0.00 0.00 0.00 0.00 0.00 0.00 0.00 0.00 0.17 1.00 0.84 
 0.00 0.00 0.00 0.50 1.00 0.33 0.00 0.00 0.00 0.00 0.00 0.00 0.00 0.00 0.00 0.00 0.00 0.17 1.00 0.84 
 0.00 0.00 0.00 0.50 1.00 0.33 0.00 0.00 0.00 0.00 0.00 0.00 0.00 0.00 0.00 0.00 0.00 0.17 1.00 0.84 
 0.00 0.00 0.00 0.50 1.00 0.33 0.00 0.00 0.00 0.00 0.00 0.00 0.00 0.00 0.00 0.00 0.00 0.17 1.00 0.84 
 0.00 0.00 0.00 0.50 1.00 0.33 0.00 0.00 0.00 0.00 0.00 0.00 0.00 0.00 0.00 0.00 0.00 0.17 1.00 0.84 
 0.00 0.00 0.00 0.50 1.00 0.33 0.00 0.00 0.00 0.00 0.00 0.00 0.00 0.00 0.00 0.00 0.00 0.17 1.00 0.84 
 0.17 0.33 0.33 0.67 1.00 0.56 0.33 0.33 0.11 0.00 0.00 0.00 0.00 0.00 0.00 0.11 0.33 0.45 1.00 0.89 
 