0.00 0.39 0.72 0.62 0.00 0.00 0.00 0.08 0.41 0.74 0.92 1.00 1.00 0.86 0.64 0.27 0.02 0.00 0.00 0.00 
 0.00 0.43 1.00 0.86 0.00 0.00 0.27 0.88 1.00 1.00 1.00 1.00 1.00 1.00 1.00 1.00 0.64 0.04 0.00 0.00 
 0.00 0.43 1.00 0.90 0.04 0.31 0.98 0.92 0.59 0.29 0.15 0.16 0.33 0.64 0.96 1.00 1.00 0.67 0.02 0.00 
 0.00 0.43 1.00 1.00 0.31 0.94 0.78 0.15 0.00 0.00 0.00 0.00 0.00 0.00 0.27 0.94 1.00 1.00 0.33 0.00 
 0.00 0.43 1.00 1.00 0.82 0.82 0.06 0.00 0.00 0.00 0.00 0.00 0.00 0.00 0.00 0.41 1.00 1.00 0.72 0.00 
 0.00 0.43 1.00 1.00 0.98 0.25 0.00 0.00 0.00 0.00 0.00 0.00 0.00 0.00 0.00 0.08 0.92 1.00 0.88 0.02 
 0.00 0.43 1.00 1.00 0.76 0.00 0.00 0.00 0.00 0.00 0.00 0.00 0.00 0.00 0.00 0.00 0.65 1.00 1.00 0.16 
 0.00 0.43 1.00 1.00 0.49 0.00 0.00 0.00 0.00 0.00 0.00 0.00 0.00 0.00 0.00 0.00 0.51 1.00 1.00 0.29 
 0.00 0.43 1.00 1.00 0.33 0.00 0.00 0.00 0.00 0.00 0.00 0.00 0.00 0.00 0.00 0.00 0.43 1.00 1.00 0.29 
 0.00 0.43 1.00 1.00 0.29 0.00 0.00 0.00 0.00 0.00 0.00 0.00 0.00 0.00 0.00 0.00 0.43 1.00 1.00 0.29 
 0.00 0.43 1.00 1.00 0.29 0.00 0.00 0.00 0.00 0.00 0.00 0.00 0.00 0.00 0.00 0.00 0.43 1.00 1.00 0.29 
 0.00 0.43 1.00 1.00 0.29 0.00 0.00 0.00 0.00 0.00 0.00 0.00 0.00 0.00 0.00 0.00 0.43 1.00 1.00 0.29 
 0.00 0.43 1.00 1.00 0.29 0.00 0.00 0.00 0.00 0.00 0.00 0.00 0.00 0.00 0.00 0.00 0.43 1.00 1.00 0.29 
 0.00 0.43 1.00 1.00 0.29 0.00 0.00 0.00 0.00 0.00 0.00 0.00 0.00 0.00 0.00 0.00 0.43 1.00 1.00 0.29 
 0.00 0.43 1.00 1.00 0.29 0.00 0.00 0.00 0.00 0.00 0.00 0.00 0.00 0.00 0.00 0.00 0.43 1.00 1.00 0.29 
 0.00 0.43 1.00 1.00 0.29 0.00 0.00 0.00 0.00 0.00 0.00 0.00 0.00 0.00 0.00 0.00 0.43 1.00 1.00 0.29 
 0.00 0.43 1.00 1.00 0.29 0.00 0.00 0.00 0.00 0.00 0.00 0.00 0.00 0.00 0.00 0.00 0.43 1.00 1.00 0.29 
 0.00 0.43 1.00 1.00 0.29 0.00 0.00 0.00 0.00 0.00 0.00 0.00 0.00 0.00 0.00 0.00 0.43 1.00 1.00 0.29 
 0.00 0.43 1.00 1.00 0.29 0.00 0.00 0.00 0.00 0.00 0.00 0.00 0.00 0.00 0.00 0.00 0.43 1.00 1.00 0.29 
 0.00 0.43 1.00 1.00 0.29 0.00 0.00 0.00 0.00 0.00 0.00 0.00 0.00 0.00 0.00 0.00 0.43 1.00 1.00 0.29 
 