0.00 0.00 0.00 0.00 0.00 0.00 0.00 0.00 0.00 0.00 0.00 0.00 0.00 0.00 0.00 0.00 0.00 0.00 0.00 0.00 
 0.00 0.00 0.00 0.00 0.00 0.00 0.00 0.00 0.00 0.00 0.00 0.00 0.00 0.00 0.00 0.00 0.00 0.00 0.00 0.00 
 0.00 0.00 0.00 0.00 0.00 0.17 0.66 0.61 0.00 0.00 0.00 0.00 0.00 0.00 0.00 0.00 0.09 0.03 0.00 0.00 
 0.00 0.00 0.00 0.00 0.41 0.94 1.00 0.75 0.00 0.00 0.00 0.00 0.00 0.00 0.16 0.52 0.96 0.36 0.00 0.00 
 0.00 0.00 0.02 0.33 0.97 1.00 1.00 0.22 0.00 0.00 0.00 0.00 0.00 0.36 0.97 1.00 1.00 0.31 0.00 0.00 
 0.00 0.08 0.56 1.00 1.00 1.00 0.96 0.08 0.00 0.00 0.00 0.02 0.45 0.99 1.00 1.00 1.00 0.13 0.00 0.00 
 0.33 0.86 0.55 0.71 1.00 1.00 0.58 0.00 0.00 0.00 0.09 0.72 0.99 0.96 1.00 1.00 0.86 0.02 0.00 0.00 
 0.74 0.41 0.00 0.30 1.00 0.93 0.09 0.00 0.00 0.16 0.83 0.91 0.41 0.28 1.00 1.00 0.66 0.00 0.00 0.00 
 0.00 0.00 0.00 0.20 1.00 0.71 0.00 0.00 0.20 0.80 0.74 0.06 0.00 0.42 1.00 1.00 0.50 0.00 0.00 0.00 
 0.00 0.00 0.00 0.17 1.00 0.42 0.00 0.19 0.96 0.82 0.06 0.00 0.00 0.28 1.00 1.00 0.27 0.00 0.00 0.00 
 0.00 0.00 0.00 0.52 1.00 0.31 0.11 0.80 0.89 0.14 0.00 0.00 0.00 0.39 1.00 1.00 0.27 0.00 0.00 0.00 
 0.00 0.00 0.00 0.80 0.96 0.13 0.71 0.96 0.24 0.00 0.00 0.00 0.02 0.75 1.00 0.99 0.20 0.00 0.00 0.00 
 0.00 0.00 0.00 0.83 0.88 0.63 1.00 0.55 0.00 0.00 0.00 0.00 0.08 0.94 1.00 1.00 0.25 0.00 0.00 0.00 
 0.00 0.00 0.06 0.94 1.00 1.00 0.78 0.02 0.00 0.00 0.00 0.00 0.13 1.00 1.00 1.00 0.27 0.00 0.17 0.61 
 0.00 0.00 0.24 1.00 1.00 0.97 0.20 0.00 0.00 0.00 0.00 0.00 0.25 1.00 1.00 1.00 0.42 0.36 0.97 1.00 
 0.00 0.00 0.49 1.00 1.00 0.55 0.00 0.00 0.00 0.00 0.00 0.00 0.60 1.00 1.00 1.00 0.96 1.00 0.93 0.56 
 0.00 0.02 0.82 1.00 0.94 0.08 0.00 0.00 0.00 0.00 0.00 0.00 0.45 1.00 1.00 1.00 1.00 0.86 0.13 0.00 
 0.00 0.20 1.00 0.99 0.53 0.00 0.00 0.00 0.00 0.00 0.00 0.00 0.33 1.00 1.00 0.97 0.53 0.05 0.00 0.00 
 0.00 0.52 0.94 0.41 0.00 0.00 0.00 0.00 0.00 0.00 0.00 0.00 0.06 0.86 0.85 0.24 0.00 0.00 0.00 0.00 
 0.00 0.13 0.14 0.00 0.00 0.00 0.00 0.00 0.00 0.00 0.00 0.00 0.00 0.06 0.09 0.00 0.00 0.00 0.00 0.00 
 