-1.00 -1.00 -1.00 -1.00 -0.98 -0.46 0.16 0.58 0.84 0.95 0.97 0.86 0.62 0.23 -0.36 -0.95 -1.00 -1.00 -1.00 -1.00 
 -1.00 -1.00 -1.00 -0.53 0.65 1.00 1.00 1.00 1.00 1.00 1.00 1.00 1.00 1.00 1.00 0.76 -0.37 -1.00 -1.00 -1.00 
 -1.00 -1.00 -0.27 0.97 1.00 1.00 1.00 1.00 1.00 0.99 0.99 1.00 1.00 1.00 1.00 1.00 1.00 -0.04 -1.00 -1.00 
 -1.00 -0.55 0.97 1.00 1.00 1.00 1.00 0.29 -0.60 -0.95 -0.96 -0.65 0.14 0.99 1.00 1.00 1.00 1.00 -0.33 -1.00 
 -0.99 0.61 1.00 1.00 1.00 1.00 0.21 -1.00 -1.00 -1.00 -1.00 -1.00 -1.00 -0.04 1.00 1.00 1.00 1.00 0.80 -0.93 
 -0.51 1.00 1.00 1.00 1.00 0.98 -0.80 -1.00 -1.00 -1.00 -1.00 -1.00 -1.00 -0.94 0.87 1.00 1.00 1.00 1.00 -0.26 
 0.11 1.00 1.00 1.00 1.00 0.66 -1.00 -1.00 -1.00 -1.00 -1.00 -1.00 -1.00 -1.00 0.40 1.00 1.00 1.00 1.00 0.36 
 0.54 1.00 1.00 1.00 1.00 0.40 -1.00 -1.00 -1.00 -1.00 -1.00 -1.00 -1.00 -1.00 0.15 1.00 1.00 1.00 1.00 0.79 
 0.81 1.00 1.00 1.00 1.00 0.29 -1.00 -1.00 -1.00 -1.00 -1.00 -1.00 -1.00 -1.00 0.04 1.00 1.00 1.00 1.00 1.00 
 0.95 1.00 1.00 1.00 1.00 0.25 -1.00 -1.00 -1.00 -1.00 -1.00 -1.00 -1.00 -1.00 0.02 1.00 1.00 1.00 1.00 1.00 
 0.99 1.00 1.00 1.00 1.00 0.26 -1.00 -1.00 -1.00 -1.00 -1.00 -1.00 -1.00 -1.00 0.02 1.00 1.00 1.00 1.00 1.00 
 0.91 1.00 1.00 1.00 1.00 0.31 -1.00 -1.00 -1.00 -1.00 -1.00 -1.00 -1.00 -1.00 0.06 1.00 1.00 1.00 1.00 1.00 
 0.72 1.00 1.00 1.00 1.00 0.44 -1.00 -1.00 -1.00 -1.00 -1.00 -1.00 -1.00 -1.00 0.19 1.00 1.00 1.00 1.00 0.95 
 0.36 1.00 1.00 1.00 1.00 0.74 -1.00 -1.00 -1.00 -1.00 -1.00 -1.00 -1.00 -1.00 0.49 1.00 1.00 1.00 1.00 0.61 
 -0.18 1.00 1.00 1.00 1.00 1.00 -0.67 -1.00 -1.00 -1.00 -1.00 -1.00 -1.00 -0.86 0.94 1.00 1.00 1.00 1.00 0.07 
 -0.87 0.90 1.00 1.00 1.00 1.00 0.44 -0.96 -1.00 -1.00 -1.00 -1.00 -0.99 0.21 1.00 1.00 1.00 1.00 0.98 -0.70 
 -1.00 -0.09 1.00 1.00 1.00 1.00 1.00 0.56 -0.32 -0.67 -0.69 -0.40 0.42 1.00 1.00 1.00 1.00 1.00 0.16 -1.00 
 -1.00 -0.98 0.29 1.00 1.00 1.00 1.00 1.00 1.00 1.00 1.00 1.00 1.00 1.00 1.00 1.00 1.00 0.48 -0.94 -1.00 
 -1.00 -1.00 -0.98 -0.07 0.91 1.00 1.00 1.00 1.00 1.00 1.00 1.00 1.00 1.00 1.00 0.96 0.09 -0.95 -1.00 -1.00 
 -1.00 -1.00 -1.00 -1.00 -0.84 -0.11 0.46 0.84 1.00 1.00 1.00 1.00 0.87 0.51 -0.04 -0.77 -1.00 -1.00 -1.00 -1.00 
 