-1.00 -1.00 -1.00 -1.00 -1.00 -1.00 -1.00 -0.99 -0.77 -0.58 -0.57 -0.74 -0.98 -1.00 -1.00 -1.00 -1.00 -1.00 -1.00 -1.00 
 -1.00 -1.00 -1.00 -1.00 -1.00 -0.59 0.24 0.83 1.00 1.00 1.00 1.00 0.88 0.32 -0.49 -0.99 -1.00 -1.00 -1.00 -1.00 
 -1.00 -1.00 -1.00 -0.85 0.30 1.00 1.00 1.00 1.00 1.00 1.00 1.00 1.00 1.00 1.00 0.44 -0.77 -1.00 -1.00 -1.00 
 -1.00 -1.00 -0.73 0.73 1.00 1.00 1.00 0.59 -0.08 -0.37 -0.39 -0.13 0.50 1.00 1.00 1.00 0.83 -0.61 -1.00 -1.00 
 -1.00 -0.86 0.73 1.00 1.00 1.00 -0.06 -0.99 -1.00 -1.00 -1.00 -1.00 -1.00 -0.27 0.98 1.00 1.00 0.84 -0.74 -1.00 
 -1.00 0.29 1.00 1.00 1.00 0.34 -1.00 -1.00 -1.00 -1.00 -1.00 -1.00 -1.00 -1.00 0.10 1.00 1.00 1.00 0.52 -0.99 
 -0.63 1.00 1.00 1.00 1.00 -0.55 -1.00 -1.00 -1.00 -1.00 -1.00 -1.00 -1.00 -1.00 -0.78 0.99 1.00 1.00 1.00 -0.40 
 0.14 1.00 1.00 1.00 0.93 -0.97 -1.00 -1.00 -1.00 -1.00 -1.00 -1.00 -1.00 -1.00 -1.00 0.71 1.00 1.00 1.00 0.38 
 0.66 1.00 1.00 1.00 0.71 -1.00 -1.00 -1.00 -1.00 -1.00 -1.00 -1.00 -1.00 -1.00 -1.00 0.47 1.00 1.00 1.00 0.89 
 0.94 1.00 1.00 1.00 0.63 -1.00 -1.00 -1.00 -1.00 -1.00 -1.00 -1.00 -1.00 -1.00 -1.00 0.39 1.00 1.00 1.00 1.00 
 0.99 1.00 1.00 1.00 0.64 -1.00 -1.00 -1.00 -1.00 -1.00 -1.00 -1.00 -1.00 -1.00 -1.00 0.40 1.00 1.00 1.00 1.00 
 0.80 1.00 1.00 1.00 0.75 -1.00 -1.00 -1.00 -1.00 -1.00 -1.00 -1.00 -1.00 -1.00 -1.00 0.51 1.00 1.00 1.00 0.98 
 0.37 1.00 1.00 1.00 0.97 -0.94 -1.00 -1.00 -1.00 -1.00 -1.00 -1.00 -1.00 -1.00 -0.99 0.79 1.00 1.00 1.00 0.61 
 -0.33 1.00 1.00 1.00 1.00 -0.45 -1.00 -1.00 -1.00 -1.00 -1.00 -1.00 -1.00 -1.00 -0.69 1.00 1.00 1.00 1.00 -0.11 
 -0.98 0.63 1.00 1.00 1.00 0.45 -0.99 -1.00 -1.00 -1.00 -1.00 -1.00 -1.00 -1.00 0.21 1.00 1.00 1.00 0.80 -0.91 
 -1.00 -0.63 0.92 1.00 1.00 1.00 0.04 -0.98 -1.00 -1.00 -1.00 -1.00 -0.99 -0.18 0.99 1.00 1.00 0.98 -0.46 -1.00 
 -1.00 -1.00 -0.45 0.91 1.00 1.00 1.00 0.63 -0.07 -0.39 -0.40 -0.14 0.52 1.00 1.00 1.00 0.97 -0.27 -1.00 -1.00 
 -1.00 -1.00 -1.00 -0.64 0.62 1.00 1.00 1.00 1.00 1.00 1.00 1.00 1.00 1.00 1.00 0.73 -0.52 -1.00 -1.00 -1.00 
 -1.00 -1.00 -1.00 -1.00 -0.98 -0.29 0.51 0.98 1.00 1.00 1.00 1.00 0.99 0.58 -0.19 -0.95 -1.00 -1.00 -1.00 -1.00 
 -1.00 -1.00 -1.00 -1.00 -1.00 -1.00 -1.00 -0.89 -0.55 -0.36 -0.35 -0.52 -0.86 -1.00 -1.00 -1.00 -1.00 -1.00 -1.00 -1.00 
 