0.00 0.00 0.00 0.00 0.00 0.15 0.52 0.77 0.92 0.99 0.99 0.93 0.78 0.53 0.16 0.00 0.00 0.00 0.00 0.00 
 0.00 0.00 0.00 0.04 0.58 0.99 1.00 1.00 1.00 1.00 1.00 1.00 1.00 1.00 1.00 0.60 0.04 0.00 0.00 0.00 
 0.00 0.00 0.03 0.74 1.00 1.00 1.00 0.71 0.31 0.15 0.15 0.31 0.69 1.00 1.00 1.00 0.76 0.03 0.00 0.00 
 0.00 0.00 0.53 1.00 1.00 1.00 0.50 0.00 0.00 0.00 0.00 0.00 0.00 0.47 1.00 1.00 1.00 0.56 0.00 0.00 
 0.00 0.10 0.97 1.00 1.00 0.79 0.01 0.00 0.00 0.00 0.00 0.00 0.00 0.00 0.76 1.00 1.00 0.98 0.11 0.00 
 0.00 0.45 1.00 1.00 1.00 0.38 0.00 0.00 0.00 0.00 0.00 0.00 0.00 0.00 0.35 1.00 1.00 1.00 0.48 0.00 
 0.00 0.73 1.00 1.00 1.00 0.14 0.00 0.00 0.00 0.00 0.00 0.00 0.00 0.00 0.10 1.00 1.00 1.00 0.75 0.00 
 0.00 0.91 1.00 1.00 0.98 0.01 0.00 0.00 0.00 0.00 0.00 0.00 0.00 0.00 0.00 0.96 1.00 1.00 0.94 0.00 
 0.02 1.00 1.00 1.00 0.93 0.00 0.00 0.00 0.00 0.00 0.00 0.00 0.00 0.00 0.00 0.89 1.00 1.00 1.00 0.05 
 0.07 1.00 1.00 1.00 0.91 0.00 0.00 0.00 0.00 0.00 0.00 0.00 0.00 0.00 0.00 0.88 1.00 1.00 1.00 0.11 
 0.08 1.00 1.00 1.00 0.92 0.00 0.00 0.00 0.00 0.00 0.00 0.00 0.00 0.00 0.00 0.89 1.00 1.00 1.00 0.11 
 0.04 1.00 1.00 1.00 0.95 0.00 0.00 0.00 0.00 0.00 0.00 0.00 0.00 0.00 0.00 0.92 1.00 1.00 1.00 0.07 
 0.00 0.94 1.00 1.00 1.00 0.05 0.00 0.00 0.00 0.00 0.00 0.00 0.00 0.00 0.02 0.99 1.00 1.00 0.97 0.01 
 0.00 0.77 1.00 1.00 1.00 0.21 0.00 0.00 0.00 0.00 0.00 0.00 0.00 0.00 0.18 1.00 1.00 1.00 0.80 0.00 
 0.00 0.51 1.00 1.00 1.00 0.48 0.00 0.00 0.00 0.00 0.00 0.00 0.00 0.00 0.45 1.00 1.00 1.00 0.55 0.00 
 0.00 0.15 0.99 1.00 1.00 0.88 0.04 0.00 0.00 0.00 0.00 0.00 0.00 0.03 0.86 1.00 1.00 1.00 0.18 0.00 
 0.00 0.00 0.62 1.00 1.00 1.00 0.62 0.01 0.00 0.00 0.00 0.00 0.01 0.60 1.00 1.00 1.00 0.65 0.00 0.00 
 0.00 0.00 0.05 0.81 1.00 1.00 1.00 0.78 0.36 0.18 0.17 0.35 0.76 1.00 1.00 1.00 0.84 0.07 0.00 0.00 
 0.00 0.00 0.00 0.06 0.66 1.00 1.00 1.00 1.00 1.00 1.00 1.00 1.00 1.00 1.00 0.69 0.07 0.00 0.00 0.00 
 0.00 0.00 0.00 0.00 0.00 0.20 0.57 0.81 0.96 1.00 1.00 0.96 0.82 0.58 0.22 0.00 0.00 0.00 0.00 0.00 
 