-1.00 -1.00 -1.00 -1.00 -1.00 -0.99 -0.55 0.08 0.49 0.69 0.70 0.51 0.14 -0.46 -0.98 -1.00 -1.00 -1.00 -1.00 -1.00 
 -1.00 -1.00 -1.00 -1.00 -0.56 0.58 1.00 1.00 1.00 1.00 1.00 1.00 1.00 1.00 0.69 -0.40 -1.00 -1.00 -1.00 -1.00 
 -1.00 -1.00 -0.99 -0.09 0.98 1.00 1.00 1.00 1.00 1.00 1.00 1.00 1.00 1.00 1.00 1.00 0.16 -0.98 -1.00 -1.00 
 -1.00 -1.00 -0.04 1.00 1.00 1.00 1.00 1.00 1.00 1.00 1.00 1.00 1.00 1.00 1.00 1.00 1.00 0.24 -0.99 -1.00 
 -1.00 -0.46 0.99 1.00 1.00 1.00 1.00 0.86 0.13 -0.29 -0.30 0.07 0.80 1.00 1.00 1.00 1.00 1.00 -0.21 -1.00 
 -0.96 0.71 1.00 1.00 1.00 1.00 0.40 -0.86 -1.00 -1.00 -1.00 -1.00 -0.91 0.25 1.00 1.00 1.00 1.00 0.87 -0.87 
 -0.33 1.00 1.00 1.00 1.00 0.51 -0.96 -1.00 -1.00 -1.00 -1.00 -1.00 -1.00 -0.98 0.34 1.00 1.00 1.00 1.00 -0.12 
 0.33 1.00 1.00 1.00 0.99 -0.67 -1.00 -1.00 -1.00 -1.00 -1.00 -1.00 -1.00 -1.00 -0.81 0.94 1.00 1.00 1.00 0.53 
 0.76 1.00 1.00 1.00 0.57 -1.00 -1.00 -1.00 -1.00 -1.00 -1.00 -1.00 -1.00 -1.00 -1.00 0.37 1.00 1.00 1.00 0.94 
 0.98 1.00 1.00 1.00 0.22 -1.00 -1.00 -1.00 -1.00 -1.00 -1.00 -1.00 -1.00 -1.00 -1.00 0.00 1.00 1.00 1.00 1.00 
 0.98 1.00 1.00 1.00 0.22 -1.00 -1.00 -1.00 -1.00 -1.00 -1.00 -1.00 -1.00 -1.00 -1.00 -0.01 1.00 1.00 1.00 1.00 
 0.80 1.00 1.00 1.00 0.55 -1.00 -1.00 -1.00 -1.00 -1.00 -1.00 -1.00 -1.00 -1.00 -1.00 0.31 1.00 1.00 1.00 0.98 
 0.39 1.00 1.00 1.00 0.98 -0.74 -1.00 -1.00 -1.00 -1.00 -1.00 -1.00 -1.00 -1.00 -0.88 0.89 1.00 1.00 1.00 0.65 
 -0.25 1.00 1.00 1.00 1.00 0.39 -0.98 -1.00 -1.00 -1.00 -1.00 -1.00 -1.00 -1.00 0.17 1.00 1.00 1.00 1.00 0.00 
 -0.93 0.80 1.00 1.00 1.00 1.00 0.20 -0.95 -1.00 -1.00 -1.00 -1.00 -0.98 0.01 1.00 1.00 1.00 1.00 0.92 -0.80 
 -1.00 -0.31 1.00 1.00 1.00 1.00 1.00 0.72 -0.08 -0.50 -0.52 -0.15 0.63 1.00 1.00 1.00 1.00 1.00 -0.07 -1.00 
 -1.00 -1.00 0.16 1.00 1.00 1.00 1.00 1.00 1.00 1.00 1.00 1.00 1.00 1.00 1.00 1.00 1.00 0.36 -0.98 -1.00 
 -1.00 -1.00 -0.98 0.14 1.00 1.00 1.00 1.00 1.00 1.00 1.00 1.00 1.00 1.00 1.00 1.00 0.29 -0.95 -1.00 -1.00 
 -1.00 -1.00 -1.00 -1.00 -0.36 0.75 1.00 1.00 1.00 1.00 1.00 1.00 1.00 1.00 0.80 -0.26 -0.99 -1.00 -1.00 -1.00 
 -1.00 -1.00 -1.00 -1.00 -1.00 -0.96 -0.34 0.29 0.70 0.90 0.91 0.72 0.33 -0.29 -0.94 -1.00 -1.00 -1.00 -1.00 -1.00 
 