-1.00 -1.00 -1.00 -1.00 -1.00 -1.00 -1.00 -0.99 -0.58 0.15 0.65 0.92 0.98 0.79 0.33 -0.46 -0.99 -1.00 -1.00 -1.00 
 -1.00 -1.00 -1.00 -1.00 -1.00 -1.00 -0.67 0.47 1.00 1.00 1.00 1.00 1.00 1.00 1.00 1.00 0.34 -0.91 -1.00 -1.00 
 -1.00 -1.00 -1.00 -1.00 -1.00 -0.21 0.94 1.00 1.00 1.00 0.80 0.59 0.73 0.99 1.00 1.00 1.00 0.48 -0.97 -1.00 
 -1.00 -1.00 -1.00 -1.00 -0.00 1.00 1.00 0.98 0.22 -0.66 -1.00 -1.00 -1.00 -0.74 0.35 1.00 1.00 1.00 -0.08 -1.00 
 -1.00 -1.00 -1.00 -0.18 1.00 1.00 0.90 -0.45 -1.00 -1.00 -1.00 -1.00 -1.00 -1.00 -0.98 0.36 1.00 1.00 0.84 -0.95 
 -1.00 -1.00 -0.61 0.96 1.00 0.98 -0.48 -1.00 -1.00 -1.00 -1.00 -1.00 -1.00 -1.00 -1.00 -0.71 1.00 1.00 1.00 -0.45 
 -1.00 -0.98 0.59 1.00 1.00 0.09 -1.00 -1.00 -1.00 -1.00 -1.00 -1.00 -1.00 -1.00 -1.00 -1.00 0.74 1.00 1.00 -0.06 
 -1.00 -0.36 1.00 1.00 0.91 -0.86 -1.00 -1.00 -1.00 -1.00 -1.00 -1.00 -1.00 -1.00 -1.00 -1.00 0.56 1.00 1.00 0.11 
 -1.00 0.47 1.00 1.00 0.26 -1.00 -1.00 -1.00 -1.00 -1.00 -1.00 -1.00 -1.00 -1.00 -1.00 -1.00 0.63 1.00 1.00 0.07 
 -0.85 0.98 1.00 1.00 -0.31 -1.00 -1.00 -1.00 -1.00 -1.00 -1.00 -1.00 -1.00 -1.00 -1.00 -0.98 0.90 1.00 1.00 -0.15 
 -0.42 1.00 1.00 1.00 -0.71 -1.00 -1.00 -1.00 -1.00 -1.00 -1.00 -1.00 -1.00 -1.00 -1.00 -0.63 1.00 1.00 1.00 -0.55 
 -0.15 1.00 1.00 1.00 -0.94 -1.00 -1.00 -1.00 -1.00 -1.00 -1.00 -1.00 -1.00 -1.00 -1.00 -0.01 1.00 1.00 0.85 -0.96 
 -0.06 1.00 1.00 0.99 -0.97 -1.00 -1.00 -1.00 -1.00 -1.00 -1.00 -1.00 -1.00 -1.00 -0.95 0.77 1.00 1.00 0.11 -1.00 
 -0.18 1.00 1.00 1.00 -0.75 -1.00 -1.00 -1.00 -1.00 -1.00 -1.00 -1.00 -1.00 -1.00 -0.11 1.00 1.00 0.93 -0.78 -1.00 
 -0.52 1.00 1.00 1.00 -0.20 -1.00 -1.00 -1.00 -1.00 -1.00 -1.00 -1.00 -1.00 -0.62 0.93 1.00 1.00 -0.06 -1.00 -1.00 
 -0.96 0.83 1.00 1.00 0.73 -0.91 -1.00 -1.00 -1.00 -1.00 -1.00 -1.00 -0.61 0.82 1.00 1.00 0.46 -0.98 -1.00 -1.00 
 -1.00 -0.07 1.00 1.00 1.00 0.53 -0.73 -1.00 -1.00 -1.00 -0.86 -0.00 0.94 1.00 1.00 0.58 -0.88 -1.00 -1.00 -1.00 
 -1.00 -0.96 0.53 1.00 1.00 1.00 0.98 0.57 0.37 0.55 0.95 1.00 1.00 1.00 0.38 -0.90 -1.00 -1.00 -1.00 -1.00 
 -1.00 -1.00 -0.87 0.44 1.00 1.00 1.00 1.00 1.00 1.00 1.00 1.00 0.83 -0.22 -0.99 -1.00 -1.00 -1.00 -1.00 -1.00 
 -1.00 -1.00 -1.00 -0.99 -0.34 0.47 0.94 1.00 1.00 0.91 0.47 -0.19 -0.91 -1.00 -1.00 -1.00 -1.00 -1.00 -1.00 -1.00 
 