-1.00 -1.00 -1.00 -1.00 -1.00 -1.00 -1.00 -0.96 -0.32 0.35 0.78 0.98 0.95 0.62 -0.04 -0.87 -1.00 -1.00 -1.00 -1.00 
 -1.00 -1.00 -1.00 -1.00 -1.00 -1.00 -0.41 0.73 1.00 0.98 0.49 0.18 0.36 0.94 1.00 0.82 -0.47 -1.00 -1.00 -1.00 
 -1.00 -1.00 -1.00 -1.00 -0.98 0.11 1.00 1.00 0.65 -0.65 -1.00 -1.00 -1.00 -0.69 0.81 1.00 0.95 -0.47 -1.00 -1.00 
 -1.00 -1.00 -1.00 -0.98 0.29 1.00 1.00 0.69 -0.86 -1.00 -1.00 -1.00 -1.00 -1.00 -0.31 1.00 1.00 0.83 -0.86 -1.00 
 -1.00 -1.00 -1.00 0.07 1.00 1.00 0.98 -0.59 -1.00 -1.00 -1.00 -1.00 -1.00 -1.00 -0.95 0.91 1.00 1.00 0.03 -1.00 
 -1.00 -1.00 -0.49 0.99 1.00 1.00 0.29 -1.00 -1.00 -1.00 -1.00 -1.00 -1.00 -1.00 -1.00 0.59 1.00 1.00 0.75 -0.99 
 -1.00 -0.98 0.63 1.00 1.00 1.00 -0.61 -1.00 -1.00 -1.00 -1.00 -1.00 -1.00 -1.00 -1.00 0.47 1.00 1.00 1.00 -0.80 
 -1.00 -0.44 1.00 1.00 1.00 0.62 -1.00 -1.00 -1.00 -1.00 -1.00 -1.00 -1.00 -1.00 -1.00 0.53 1.00 1.00 1.00 -0.60 
 -1.00 0.25 1.00 1.00 1.00 -0.04 -1.00 -1.00 -1.00 -1.00 -1.00 -1.00 -1.00 -1.00 -1.00 0.76 1.00 1.00 1.00 -0.63 
 -1.00 0.76 1.00 1.00 1.00 -0.59 -1.00 -1.00 -1.00 -1.00 -1.00 -1.00 -1.00 -1.00 -0.87 1.00 1.00 1.00 1.00 -0.84 
 -0.88 1.00 1.00 1.00 0.91 -0.97 -1.00 -1.00 -1.00 -1.00 -1.00 -1.00 -1.00 -1.00 -0.42 1.00 1.00 1.00 0.77 -1.00 
 -0.70 1.00 1.00 1.00 0.58 -1.00 -1.00 -1.00 -1.00 -1.00 -1.00 -1.00 -1.00 -1.00 0.13 1.00 1.00 1.00 0.22 -1.00 
 -0.66 1.00 1.00 1.00 0.30 -1.00 -1.00 -1.00 -1.00 -1.00 -1.00 -1.00 -1.00 -0.98 0.77 1.00 1.00 1.00 -0.49 -1.00 
 -0.79 1.00 1.00 1.00 0.15 -1.00 -1.00 -1.00 -1.00 -1.00 -1.00 -1.00 -1.00 -0.45 1.00 1.00 1.00 0.61 -0.99 -1.00 
 -0.98 0.87 1.00 1.00 0.14 -1.00 -1.00 -1.00 -1.00 -1.00 -1.00 -1.00 -0.99 0.47 1.00 1.00 1.00 -0.47 -1.00 -1.00 
 -1.00 0.31 1.00 1.00 0.36 -1.00 -1.00 -1.00 -1.00 -1.00 -1.00 -1.00 -0.43 1.00 1.00 1.00 0.22 -1.00 -1.00 -1.00 
 -1.00 -0.56 0.99 1.00 0.88 -0.90 -1.00 -1.00 -1.00 -1.00 -1.00 -0.82 0.78 1.00 1.00 0.58 -0.92 -1.00 -1.00 -1.00 
 -1.00 -1.00 0.12 1.00 1.00 0.30 -0.95 -1.00 -1.00 -1.00 -0.69 0.66 1.00 1.00 0.56 -0.85 -1.00 -1.00 -1.00 -1.00 
 -1.00 -1.00 -0.98 0.11 0.99 1.00 0.76 0.20 0.11 0.43 0.97 1.00 0.95 0.08 -0.94 -1.00 -1.00 -1.00 -1.00 -1.00 
 -1.00 -1.00 -1.00 -1.00 -0.58 0.25 0.78 1.00 1.00 0.92 0.58 0.01 -0.76 -1.00 -1.00 -1.00 -1.00 -1.00 -1.00 -1.00 
 