-1.00 -1.00 -1.00 -1.00 -1.00 -1.00 -1.00 -1.00 -1.00 -1.00 -0.98 -0.41 0.30 0.80 0.99 0.76 0.07 -0.91 -1.00 -1.00 
 -1.00 -1.00 -1.00 -1.00 -1.00 -1.00 -1.00 -1.00 -0.99 -0.33 0.69 1.00 1.00 1.00 1.00 1.00 1.00 0.53 -0.96 -1.00 
 -1.00 -1.00 -1.00 -1.00 -1.00 -1.00 -1.00 -0.71 0.50 0.98 0.27 -0.37 -0.35 0.51 1.00 1.00 1.00 1.00 -0.22 -1.00 
 -1.00 -1.00 -1.00 -1.00 -1.00 -1.00 -0.26 0.91 0.90 -0.45 -1.00 -1.00 -1.00 -0.95 0.58 1.00 1.00 1.00 0.36 -1.00 
 -1.00 -1.00 -1.00 -1.00 -1.00 -0.11 1.00 0.98 -0.45 -1.00 -1.00 -1.00 -1.00 -1.00 -0.39 1.00 1.00 1.00 0.52 -1.00 
 -1.00 -1.00 -1.00 -1.00 -0.40 0.99 1.00 0.07 -1.00 -1.00 -1.00 -1.00 -1.00 -1.00 -0.89 1.00 1.00 1.00 0.42 -1.00 
 -1.00 -1.00 -1.00 -0.86 0.83 1.00 0.81 -0.91 -1.00 -1.00 -1.00 -1.00 -1.00 -1.00 -1.00 0.88 1.00 1.00 0.18 -1.00 
 -1.00 -1.00 -1.00 0.11 1.00 1.00 -0.07 -1.00 -1.00 -1.00 -1.00 -1.00 -1.00 -1.00 -1.00 0.89 1.00 1.00 -0.18 -1.00 
 -1.00 -1.00 -0.85 0.92 1.00 0.97 -0.83 -1.00 -1.00 -1.00 -1.00 -1.00 -1.00 -1.00 -0.91 1.00 1.00 1.00 -0.64 -1.00 
 -1.00 -1.00 -0.14 1.00 1.00 0.51 -1.00 -1.00 -1.00 -1.00 -1.00 -1.00 -1.00 -1.00 -0.55 1.00 1.00 0.80 -0.99 -1.00 
 -1.00 -1.00 0.53 1.00 1.00 0.00 -1.00 -1.00 -1.00 -1.00 -1.00 -1.00 -1.00 -1.00 -0.04 1.00 1.00 0.15 -1.00 -1.00 
 -1.00 -0.90 0.97 1.00 1.00 -0.35 -1.00 -1.00 -1.00 -1.00 -1.00 -1.00 -1.00 -1.00 0.60 1.00 1.00 -0.62 -1.00 -1.00 
 -1.00 -0.51 1.00 1.00 1.00 -0.57 -1.00 -1.00 -1.00 -1.00 -1.00 -1.00 -1.00 -0.62 1.00 1.00 0.51 -1.00 -1.00 -1.00 
 -1.00 -0.22 1.00 1.00 1.00 -0.65 -1.00 -1.00 -1.00 -1.00 -1.00 -1.00 -1.00 0.29 1.00 1.00 -0.51 -1.00 -1.00 -1.00 
 -1.00 -0.04 1.00 1.00 1.00 -0.52 -1.00 -1.00 -1.00 -1.00 -1.00 -1.00 -0.65 0.98 1.00 0.28 -1.00 -1.00 -1.00 -1.00 
 -1.00 0.03 1.00 1.00 1.00 -0.11 -1.00 -1.00 -1.00 -1.00 -1.00 -0.96 0.55 1.00 0.60 -0.89 -1.00 -1.00 -1.00 -1.00 
 -1.00 -0.13 1.00 1.00 1.00 0.70 -0.94 -1.00 -1.00 -1.00 -0.98 0.22 1.00 0.40 -0.88 -1.00 -1.00 -1.00 -1.00 -1.00 
 -1.00 -0.61 1.00 1.00 1.00 1.00 0.43 -0.69 -0.95 -0.55 0.47 0.90 -0.16 -0.98 -1.00 -1.00 -1.00 -1.00 -1.00 -1.00 
 -1.00 -0.99 0.42 1.00 1.00 1.00 1.00 1.00 1.00 0.98 0.25 -0.79 -1.00 -1.00 -1.00 -1.00 -1.00 -1.00 -1.00 -1.00 
 -1.00 -1.00 -0.87 0.36 1.00 1.00 1.00 0.87 0.17 -0.70 -1.00 -1.00 -1.00 -1.00 -1.00 -1.00 -1.00 -1.00 -1.00 -1.00 
 