-1.00 -1.00 -1.00 -1.00 -1.00 -1.00 -1.00 -1.00 -0.98 -0.37 0.34 0.79 0.97 0.87 0.44 -0.46 -1.00 -1.00 -1.00 -1.00 
 -1.00 -1.00 -1.00 -1.00 -1.00 -1.00 -1.00 -0.51 0.65 0.68 0.22 0.18 0.61 1.00 1.00 1.00 -0.06 -1.00 -1.00 -1.00 
 -1.00 -1.00 -1.00 -1.00 -1.00 -0.99 -0.02 0.98 -0.07 -0.99 -1.00 -1.00 -0.99 -0.17 1.00 1.00 0.99 -0.56 -1.00 -1.00 
 -1.00 -1.00 -1.00 -1.00 -1.00 0.06 1.00 0.29 -1.00 -1.00 -1.00 -1.00 -1.00 -1.00 0.36 1.00 1.00 0.32 -1.00 -1.00 
 -1.00 -1.00 -1.00 -1.00 -0.29 1.00 0.95 -0.79 -1.00 -1.00 -1.00 -1.00 -1.00 -1.00 -0.37 1.00 1.00 0.83 -1.00 -1.00 
 -1.00 -1.00 -1.00 -0.84 0.86 1.00 0.25 -1.00 -1.00 -1.00 -1.00 -1.00 -1.00 -1.00 -0.75 1.00 1.00 1.00 -0.92 -1.00 
 -1.00 -1.00 -1.00 0.07 1.00 1.00 -0.48 -1.00 -1.00 -1.00 -1.00 -1.00 -1.00 -1.00 -0.90 1.00 1.00 1.00 -0.89 -1.00 
 -1.00 -1.00 -0.94 0.86 1.00 0.87 -0.97 -1.00 -1.00 -1.00 -1.00 -1.00 -1.00 -1.00 -0.88 1.00 1.00 0.98 -0.98 -1.00 
 -1.00 -1.00 -0.41 1.00 1.00 0.40 -1.00 -1.00 -1.00 -1.00 -1.00 -1.00 -1.00 -1.00 -0.76 1.00 1.00 0.76 -1.00 -1.00 
 -1.00 -1.00 0.11 1.00 1.00 -0.00 -1.00 -1.00 -1.00 -1.00 -1.00 -1.00 -1.00 -1.00 -0.54 1.00 1.00 0.40 -1.00 -1.00 
 -1.00 -1.00 0.50 1.00 1.00 -0.32 -1.00 -1.00 -1.00 -1.00 -1.00 -1.00 -1.00 -1.00 -0.22 1.00 1.00 -0.07 -1.00 -1.00 
 -1.00 -1.00 0.76 1.00 1.00 -0.55 -1.00 -1.00 -1.00 -1.00 -1.00 -1.00 -1.00 -1.00 0.20 1.00 1.00 -0.67 -1.00 -1.00 
 -1.00 -1.00 0.91 1.00 1.00 -0.69 -1.00 -1.00 -1.00 -1.00 -1.00 -1.00 -1.00 -0.99 0.71 1.00 0.61 -1.00 -1.00 -1.00 
 -1.00 -1.00 0.95 1.00 1.00 -0.73 -1.00 -1.00 -1.00 -1.00 -1.00 -1.00 -1.00 -0.65 1.00 1.00 -0.25 -1.00 -1.00 -1.00 
 -1.00 -1.00 0.87 1.00 1.00 -0.63 -1.00 -1.00 -1.00 -1.00 -1.00 -1.00 -1.00 0.11 1.00 0.69 -0.96 -1.00 -1.00 -1.00 
 -1.00 -1.00 0.62 1.00 1.00 -0.29 -1.00 -1.00 -1.00 -1.00 -1.00 -1.00 -0.85 0.89 0.99 -0.48 -1.00 -1.00 -1.00 -1.00 
 -1.00 -1.00 0.15 1.00 1.00 0.41 -1.00 -1.00 -1.00 -1.00 -1.00 -1.00 0.20 1.00 0.00 -1.00 -1.00 -1.00 -1.00 -1.00 
 -1.00 -1.00 -0.62 0.99 1.00 1.00 -0.22 -1.00 -1.00 -1.00 -0.99 -0.13 1.00 0.07 -0.99 -1.00 -1.00 -1.00 -1.00 -1.00 
 -1.00 -1.00 -1.00 0.05 1.00 1.00 1.00 0.47 -0.00 0.06 0.61 0.79 -0.36 -1.00 -1.00 -1.00 -1.00 -1.00 -1.00 -1.00 
 -1.00 -1.00 -1.00 -0.99 -0.23 0.67 1.00 1.00 0.94 0.50 -0.20 -0.93 -1.00 -1.00 -1.00 -1.00 -1.00 -1.00 -1.00 -1.00 
 