-1.00 -1.00 -1.00 -1.00 -1.00 -1.00 -1.00 -0.98 -0.44 0.22 0.69 0.94 0.99 0.82 0.41 -0.28 -0.96 -1.00 -1.00 -1.00 
 -1.00 -1.00 -1.00 -1.00 -1.00 -0.99 -0.39 0.68 1.00 1.00 1.00 1.00 1.00 1.00 1.00 1.00 0.65 -0.66 -1.00 -1.00 
 -1.00 -1.00 -1.00 -1.00 -0.91 0.27 1.00 1.00 0.90 0.31 -0.12 -0.31 -0.25 0.09 0.74 1.00 1.00 0.87 -0.65 -1.00 
 -1.00 -1.00 -1.00 -0.87 0.57 1.00 0.96 0.02 -0.89 -1.00 -1.00 -1.00 -1.00 -1.00 -0.97 -0.01 1.00 1.00 0.67 -0.95 
 -1.00 -1.00 -0.94 0.55 1.00 0.88 -0.53 -1.00 -1.00 -1.00 -1.00 -1.00 -1.00 -1.00 -1.00 -1.00 0.17 1.00 1.00 -0.23 
 -1.00 -1.00 0.18 1.00 0.98 -0.47 -1.00 -1.00 -1.00 -1.00 -1.00 -1.00 -1.00 -1.00 -1.00 -1.00 -0.79 0.99 1.00 0.49 
 -1.00 -0.51 1.00 1.00 0.15 -1.00 -1.00 -1.00 -1.00 -1.00 -1.00 -1.00 -1.00 -1.00 -1.00 -1.00 -1.00 0.72 1.00 0.92 
 -0.99 0.55 1.00 0.95 -0.81 -1.00 -1.00 -1.00 -1.00 -1.00 -1.00 -1.00 -1.00 -1.00 -1.00 -1.00 -1.00 0.57 1.00 1.00 
 -0.60 1.00 1.00 0.37 -1.00 -1.00 -1.00 -1.00 -1.00 -1.00 -1.00 -1.00 -1.00 -1.00 -1.00 -1.00 -1.00 0.67 1.00 1.00 
 0.06 1.00 1.00 -0.19 -1.00 -1.00 -1.00 -1.00 -1.00 -1.00 -1.00 -1.00 -1.00 -1.00 -1.00 -1.00 -0.96 0.94 1.00 0.94 
 0.53 1.00 1.00 -0.59 -1.00 -1.00 -1.00 -1.00 -1.00 -1.00 -1.00 -1.00 -1.00 -1.00 -1.00 -1.00 -0.59 1.00 1.00 0.56 
 0.80 1.00 1.00 -0.84 -1.00 -1.00 -1.00 -1.00 -1.00 -1.00 -1.00 -1.00 -1.00 -1.00 -1.00 -1.00 0.00 1.00 1.00 -0.02 
 0.87 1.00 1.00 -0.89 -1.00 -1.00 -1.00 -1.00 -1.00 -1.00 -1.00 -1.00 -1.00 -1.00 -1.00 -0.97 0.76 1.00 0.97 -0.76 
 0.73 1.00 1.00 -0.71 -1.00 -1.00 -1.00 -1.00 -1.00 -1.00 -1.00 -1.00 -1.00 -1.00 -1.00 -0.20 1.00 1.00 0.21 -1.00 
 0.34 1.00 1.00 -0.22 -1.00 -1.00 -1.00 -1.00 -1.00 -1.00 -1.00 -1.00 -1.00 -1.00 -0.74 0.87 1.00 0.82 -0.84 -1.00 
 -0.32 1.00 1.00 0.68 -0.94 -1.00 -1.00 -1.00 -1.00 -1.00 -1.00 -1.00 -1.00 -0.77 0.69 1.00 0.96 -0.49 -1.00 -1.00 
 -0.97 0.66 1.00 1.00 0.37 -0.89 -1.00 -1.00 -1.00 -1.00 -1.00 -0.98 -0.33 0.82 1.00 0.96 -0.33 -1.00 -1.00 -1.00 
 -1.00 -0.63 0.90 1.00 1.00 0.82 0.07 -0.36 -0.48 -0.36 0.03 0.69 1.00 1.00 0.84 -0.47 -1.00 -1.00 -1.00 -1.00 
 -1.00 -1.00 -0.58 0.76 1.00 1.00 1.00 1.00 1.00 1.00 1.00 1.00 0.98 0.26 -0.82 -1.00 -1.00 -1.00 -1.00 -1.00 
 -1.00 -1.00 -1.00 -0.91 -0.08 0.64 0.99 1.00 1.00 0.99 0.68 0.08 -0.70 -1.00 -1.00 -1.00 -1.00 -1.00 -1.00 -1.00 
 