0.00 0.00 0.00 0.00 0.00 0.00 0.11 0.46 0.74 0.89 0.89 0.93 0.87 0.65 0.32 0.04 0.00 0.00 0.00 0.00 
 0.00 0.00 0.00 0.00 0.04 0.48 0.95 0.83 0.38 0.10 0.00 0.05 0.26 0.64 0.98 0.84 0.24 0.00 0.00 0.00 
 0.00 0.00 0.00 0.09 0.73 1.00 0.65 0.04 0.00 0.00 0.00 0.00 0.00 0.00 0.36 0.98 0.96 0.36 0.00 0.00 
 0.00 0.00 0.05 0.76 1.00 0.82 0.04 0.00 0.00 0.00 0.00 0.00 0.00 0.00 0.00 0.45 1.00 0.98 0.30 0.00 
 0.00 0.00 0.58 1.00 0.99 0.30 0.00 0.00 0.00 0.00 0.00 0.00 0.00 0.00 0.00 0.04 0.85 1.00 0.90 0.10 
 0.00 0.21 0.99 1.00 0.83 0.00 0.00 0.00 0.00 0.00 0.00 0.00 0.00 0.00 0.00 0.00 0.45 1.00 1.00 0.60 
 0.00 0.62 1.00 1.00 0.57 0.00 0.00 0.00 0.00 0.00 0.00 0.00 0.00 0.00 0.00 0.00 0.16 1.00 1.00 0.98 
 0.05 0.93 1.00 1.00 0.35 0.00 0.00 0.00 0.00 0.00 0.00 0.00 0.00 0.00 0.00 0.00 0.06 0.95 1.00 1.00 
 0.16 1.00 1.00 1.00 0.21 0.00 0.00 0.00 0.00 0.00 0.00 0.00 0.00 0.00 0.00 0.00 0.00 0.80 1.00 1.00 
 0.30 1.00 1.00 1.00 0.11 0.00 0.00 0.00 0.00 0.00 0.00 0.00 0.00 0.00 0.00 0.00 0.00 0.72 1.00 1.00 
 0.33 1.00 1.00 1.00 0.11 0.00 0.00 0.00 0.00 0.00 0.00 0.00 0.00 0.00 0.00 0.00 0.00 0.67 1.00 1.00 
 0.32 1.00 1.00 1.00 0.11 0.00 0.00 0.00 0.00 0.00 0.00 0.00 0.00 0.00 0.00 0.00 0.00 0.67 1.00 1.00 
 0.20 1.00 1.00 1.00 0.20 0.00 0.00 0.00 0.00 0.00 0.00 0.00 0.00 0.00 0.00 0.00 0.00 0.73 1.00 1.00 
 0.10 0.99 1.00 1.00 0.32 0.00 0.00 0.00 0.00 0.00 0.00 0.00 0.00 0.00 0.00 0.00 0.00 0.83 1.00 1.00 
 0.00 0.77 1.00 1.00 0.52 0.00 0.00 0.00 0.00 0.00 0.00 0.00 0.00 0.00 0.00 0.00 0.09 0.98 1.00 1.00 
 0.00 0.38 1.00 1.00 0.78 0.00 0.00 0.00 0.00 0.00 0.00 0.00 0.00 0.00 0.00 0.00 0.26 1.00 1.00 0.74 
 0.00 0.05 0.85 1.00 0.98 0.18 0.00 0.00 0.00 0.00 0.00 0.00 0.00 0.00 0.00 0.00 0.63 1.00 0.98 0.24 
 0.00 0.00 0.27 0.98 1.00 0.67 0.00 0.00 0.00 0.00 0.00 0.00 0.00 0.00 0.00 0.18 0.98 1.00 0.56 0.00 
 0.00 0.00 0.00 0.42 0.99 0.99 0.40 0.00 0.00 0.00 0.00 0.00 0.00 0.00 0.06 0.79 1.00 0.63 0.02 0.00 
 0.00 0.00 0.00 0.00 0.37 0.95 0.98 0.47 0.03 0.00 0.00 0.00 0.00 0.21 0.82 0.99 0.56 0.02 0.00 0.00 
 