0.00 0.00 0.00 0.00 0.00 0.00 0.00 0.00 0.02 0.15 0.18 0.29 0.29 0.21 0.13 0.00 0.00 0.00 0.00 0.00 
 0.00 0.00 0.00 0.00 0.00 0.00 0.16 0.51 0.82 1.00 1.00 1.00 1.00 1.00 0.98 0.76 0.33 0.02 0.00 0.00 
 0.00 0.00 0.00 0.00 0.08 0.57 0.98 1.00 0.90 0.51 0.23 0.15 0.23 0.55 0.96 1.00 1.00 0.67 0.08 0.00 
 0.00 0.00 0.00 0.21 0.86 1.00 1.00 0.74 0.08 0.00 0.00 0.00 0.00 0.00 0.33 0.98 1.00 1.00 0.72 0.02 
 0.00 0.00 0.18 0.94 1.00 1.00 0.76 0.02 0.00 0.00 0.00 0.00 0.00 0.00 0.00 0.67 1.00 1.00 1.00 0.43 
 0.00 0.08 0.86 1.00 1.00 0.92 0.15 0.00 0.00 0.00 0.00 0.00 0.00 0.00 0.00 0.31 1.00 1.00 1.00 0.84 
 0.00 0.55 1.00 1.00 1.00 0.57 0.00 0.00 0.00 0.00 0.00 0.00 0.00 0.00 0.00 0.15 1.00 1.00 1.00 1.00 
 0.13 0.96 1.00 1.00 0.96 0.16 0.00 0.00 0.00 0.00 0.00 0.00 0.00 0.00 0.00 0.15 1.00 1.00 1.00 1.00 
 0.41 1.00 1.00 1.00 0.82 0.00 0.00 0.00 0.00 0.00 0.00 0.00 0.00 0.00 0.00 0.15 1.00 1.00 1.00 1.00 
 0.69 1.00 1.00 1.00 0.59 0.00 0.00 0.00 0.00 0.00 0.00 0.00 0.00 0.00 0.00 0.27 1.00 1.00 1.00 1.00 
 0.88 1.00 1.00 1.00 0.35 0.00 0.00 0.00 0.00 0.00 0.00 0.00 0.00 0.00 0.00 0.49 1.00 1.00 1.00 0.88 
 1.00 1.00 1.00 1.00 0.21 0.00 0.00 0.00 0.00 0.00 0.00 0.00 0.00 0.00 0.02 0.78 1.00 1.00 1.00 0.57 
 1.00 1.00 1.00 1.00 0.15 0.00 0.00 0.00 0.00 0.00 0.00 0.00 0.00 0.00 0.16 1.00 1.00 1.00 0.96 0.18 
 0.88 1.00 1.00 1.00 0.18 0.00 0.00 0.00 0.00 0.00 0.00 0.00 0.00 0.00 0.55 1.00 1.00 1.00 0.64 0.00 
 0.64 1.00 1.00 1.00 0.39 0.00 0.00 0.00 0.00 0.00 0.00 0.00 0.00 0.18 0.96 1.00 1.00 0.88 0.11 0.00 
 0.25 0.98 1.00 1.00 0.74 0.00 0.00 0.00 0.00 0.00 0.00 0.00 0.11 0.82 1.00 1.00 0.90 0.21 0.00 0.00 
 0.00 0.55 1.00 1.00 0.98 0.43 0.00 0.00 0.00 0.00 0.00 0.23 0.84 1.00 1.00 0.88 0.21 0.00 0.00 0.00 
 0.00 0.04 0.57 0.96 1.00 0.98 0.67 0.37 0.29 0.37 0.64 0.98 1.00 0.96 0.64 0.08 0.00 0.00 0.00 0.00 
 0.00 0.00 0.00 0.23 0.65 0.88 1.00 1.00 1.00 1.00 0.94 0.84 0.55 0.16 0.00 0.00 0.00 0.00 0.00 0.00 
 0.00 0.00 0.00 0.00 0.00 0.02 0.16 0.29 0.29 0.23 0.08 0.00 0.00 0.00 0.00 0.00 0.00 0.00 0.00 0.00 
 