0.00 0.00 0.00 0.00 0.00 0.00 0.00 0.00 0.00 0.29 0.73 0.90 0.82 0.05 0.00 0.00 0.00 0.00 0.00 0.00 
 0.00 0.00 0.00 0.00 0.00 0.00 0.00 0.00 0.37 0.99 1.00 1.00 1.00 0.36 0.00 0.00 0.00 0.00 0.00 0.00 
 0.00 0.00 0.00 0.00 0.00 0.00 0.00 0.24 0.98 0.93 0.95 1.00 1.00 0.79 0.00 0.00 0.00 0.00 0.00 0.00 
 0.00 0.00 0.00 0.00 0.00 0.00 0.15 0.93 0.95 0.21 0.55 1.00 1.00 0.98 0.25 0.00 0.00 0.00 0.00 0.00 
 0.00 0.00 0.00 0.00 0.00 0.00 0.64 0.99 0.38 0.00 0.22 1.00 1.00 1.00 0.51 0.00 0.00 0.00 0.00 0.00 
 0.00 0.00 0.00 0.00 0.00 0.11 0.98 0.80 0.00 0.00 0.03 0.83 1.00 1.00 0.77 0.00 0.00 0.00 0.00 0.00 
 0.00 0.00 0.00 0.00 0.00 0.51 1.00 0.40 0.00 0.00 0.00 0.46 1.00 1.00 0.98 0.77 0.37 0.00 0.00 0.00 
 0.00 0.00 0.00 0.00 0.03 0.84 0.93 0.06 0.00 0.00 0.00 0.27 1.00 1.00 1.00 1.00 0.89 0.00 0.00 0.00 
 0.00 0.00 0.00 0.00 0.22 1.00 0.68 0.00 0.00 0.00 0.00 0.10 0.99 1.00 1.00 1.00 0.90 0.02 0.00 0.00 
 0.00 0.00 0.00 0.00 0.44 0.99 0.22 0.00 0.00 0.00 0.00 0.05 0.91 1.00 1.00 1.00 0.90 0.04 0.00 0.00 
 0.00 0.00 0.00 0.00 0.65 0.79 0.00 0.00 0.00 0.00 0.00 0.02 0.90 1.00 1.00 1.00 0.65 0.00 0.00 0.00 
 0.00 0.00 0.00 0.00 0.79 0.62 0.00 0.00 0.00 0.00 0.00 0.03 0.87 1.00 1.00 1.00 0.53 0.00 0.00 0.00 
 0.00 0.00 0.00 0.10 0.99 0.48 0.00 0.00 0.00 0.00 0.09 0.58 1.00 1.00 0.98 0.77 0.06 0.00 0.00 0.00 
 0.00 0.00 0.00 0.11 1.00 0.38 0.00 0.00 0.00 0.00 0.15 0.57 1.00 1.00 0.40 0.00 0.00 0.00 0.00 0.00 
 0.00 0.00 0.00 0.11 1.00 0.19 0.00 0.00 0.00 0.00 0.00 0.25 1.00 0.78 0.02 0.00 0.00 0.00 0.00 0.00 
 0.00 0.00 0.00 0.11 0.96 0.13 0.00 0.00 0.00 0.00 0.04 0.67 0.98 0.22 0.00 0.00 0.00 0.00 0.00 0.00 
 0.00 0.00 0.00 0.09 0.98 0.24 0.00 0.00 0.00 0.00 0.48 1.00 0.46 0.00 0.00 0.00 0.00 0.00 0.00 0.00 
 0.00 0.00 0.00 0.00 0.77 0.56 0.00 0.00 0.00 0.19 0.94 0.67 0.02 0.00 0.00 0.00 0.00 0.00 0.00 0.00 
 0.00 0.00 0.00 0.00 0.47 0.90 0.14 0.00 0.35 0.95 0.72 0.04 0.00 0.00 0.00 0.00 0.00 0.00 0.00 0.00 
 0.00 0.00 0.00 0.00 0.19 0.89 0.93 0.76 0.98 0.65 0.04 0.00 0.00 0.00 0.00 0.00 0.00 0.00 0.00 0.00 
 