0.00 0.00 0.00 0.00 0.00 0.00 0.10 0.45 0.77 0.94 1.00 0.95 0.79 0.47 0.10 0.00 0.00 0.00 0.00 0.00 
 0.00 0.00 0.00 0.00 0.02 0.41 0.94 1.00 1.00 1.00 1.00 1.00 1.00 1.00 0.95 0.45 0.02 0.00 0.00 0.00 
 0.00 0.00 0.00 0.04 0.61 1.00 1.00 0.82 0.40 0.16 0.13 0.29 0.61 0.96 1.00 1.00 0.63 0.03 0.00 0.00 
 0.00 0.00 0.02 0.57 1.00 0.99 0.57 0.03 0.00 0.00 0.00 0.00 0.00 0.19 0.84 1.00 1.00 0.57 0.00 0.00 
 0.00 0.00 0.31 1.00 1.00 0.61 0.00 0.00 0.00 0.00 0.00 0.00 0.00 0.00 0.09 0.87 1.00 0.98 0.25 0.00 
 0.00 0.03 0.83 1.00 0.88 0.05 0.00 0.00 0.00 0.00 0.00 0.00 0.00 0.00 0.00 0.27 1.00 1.00 0.74 0.00 
 0.00 0.24 1.00 1.00 0.46 0.00 0.00 0.00 0.00 0.00 0.00 0.00 0.00 0.00 0.00 0.02 0.77 1.00 0.96 0.10 
 0.00 0.53 1.00 0.99 0.15 0.00 0.00 0.00 0.00 0.00 0.00 0.00 0.00 0.00 0.00 0.00 0.44 1.00 1.00 0.35 
 0.00 0.73 1.00 0.89 0.00 0.00 0.00 0.00 0.00 0.00 0.00 0.00 0.00 0.00 0.00 0.00 0.25 1.00 1.00 0.49 
 0.00 0.84 1.00 0.83 0.00 0.00 0.00 0.00 0.00 0.00 0.00 0.00 0.00 0.00 0.00 0.00 0.13 1.00 1.00 0.56 
 0.00 0.89 1.00 0.78 0.00 0.00 0.00 0.00 0.00 0.00 0.00 0.00 0.00 0.00 0.00 0.00 0.11 1.00 1.00 0.56 
 0.00 0.89 1.00 0.84 0.00 0.00 0.00 0.00 0.00 0.00 0.00 0.00 0.00 0.00 0.00 0.00 0.16 1.00 1.00 0.51 
 0.00 0.78 1.00 0.90 0.02 0.00 0.00 0.00 0.00 0.00 0.00 0.00 0.00 0.00 0.00 0.00 0.31 1.00 1.00 0.36 
 0.00 0.61 1.00 1.00 0.20 0.00 0.00 0.00 0.00 0.00 0.00 0.00 0.00 0.00 0.00 0.00 0.53 1.00 0.98 0.14 
 0.00 0.35 1.00 1.00 0.55 0.00 0.00 0.00 0.00 0.00 0.00 0.00 0.00 0.00 0.00 0.04 0.88 1.00 0.79 0.00 
 0.00 0.06 0.91 1.00 0.94 0.14 0.00 0.00 0.00 0.00 0.00 0.00 0.00 0.00 0.00 0.42 1.00 1.00 0.38 0.00 
 0.00 0.00 0.44 1.00 1.00 0.80 0.09 0.00 0.00 0.00 0.00 0.00 0.00 0.00 0.22 0.96 1.00 0.77 0.02 0.00 
 0.00 0.00 0.03 0.69 1.00 1.00 0.82 0.20 0.00 0.00 0.00 0.00 0.02 0.31 0.93 1.00 0.89 0.13 0.00 0.00 
 0.00 0.00 0.00 0.05 0.69 1.00 1.00 0.99 0.71 0.44 0.33 0.42 0.73 1.00 1.00 0.84 0.15 0.00 0.00 0.00 
 0.00 0.00 0.00 0.00 0.02 0.45 0.93 1.00 1.00 1.00 1.00 1.00 1.00 0.99 0.60 0.06 0.00 0.00 0.00 0.00 
 