0.00 0.00 0.00 0.00 0.00 0.00 0.00 0.11 0.39 0.69 0.88 1.00 1.00 0.92 0.76 0.45 0.11 0.00 0.00 0.00 
 0.00 0.00 0.00 0.00 0.00 0.02 0.39 0.92 1.00 1.00 1.00 1.00 1.00 1.00 1.00 1.00 0.92 0.35 0.00 0.00 
 0.00 0.00 0.00 0.00 0.06 0.65 1.00 1.00 1.00 0.98 0.86 0.74 0.74 0.88 1.00 1.00 1.00 0.98 0.43 0.00 
 0.00 0.00 0.00 0.02 0.64 1.00 1.00 1.00 0.82 0.31 0.00 0.00 0.00 0.02 0.35 0.90 1.00 1.00 0.96 0.23 
 0.00 0.00 0.00 0.43 1.00 1.00 1.00 0.65 0.04 0.00 0.00 0.00 0.00 0.00 0.00 0.18 0.94 1.00 1.00 0.76 
 0.00 0.00 0.16 0.96 1.00 1.00 0.76 0.02 0.00 0.00 0.00 0.00 0.00 0.00 0.00 0.00 0.47 1.00 1.00 1.00 
 0.00 0.00 0.62 1.00 1.00 0.94 0.16 0.00 0.00 0.00 0.00 0.00 0.00 0.00 0.00 0.00 0.16 1.00 1.00 1.00 
 0.00 0.11 0.96 1.00 1.00 0.62 0.00 0.00 0.00 0.00 0.00 0.00 0.00 0.00 0.00 0.00 0.06 0.92 1.00 1.00 
 0.00 0.33 1.00 1.00 0.98 0.23 0.00 0.00 0.00 0.00 0.00 0.00 0.00 0.00 0.00 0.00 0.00 0.86 1.00 1.00 
 0.00 0.59 1.00 1.00 0.86 0.00 0.00 0.00 0.00 0.00 0.00 0.00 0.00 0.00 0.00 0.00 0.02 0.88 1.00 1.00 
 0.00 0.80 1.00 1.00 0.72 0.00 0.00 0.00 0.00 0.00 0.00 0.00 0.00 0.00 0.00 0.00 0.15 1.00 1.00 1.00 
 0.06 0.92 1.00 1.00 0.53 0.00 0.00 0.00 0.00 0.00 0.00 0.00 0.00 0.00 0.00 0.00 0.25 1.00 1.00 1.00 
 0.15 1.00 1.00 1.00 0.43 0.00 0.00 0.00 0.00 0.00 0.00 0.00 0.00 0.00 0.00 0.00 0.53 1.00 1.00 1.00 
 0.15 1.00 1.00 1.00 0.43 0.00 0.00 0.00 0.00 0.00 0.00 0.00 0.00 0.00 0.00 0.04 0.86 1.00 1.00 0.86 
 0.11 0.96 1.00 1.00 0.53 0.00 0.00 0.00 0.00 0.00 0.00 0.00 0.00 0.00 0.00 0.33 1.00 1.00 1.00 0.49 
 0.00 0.80 1.00 1.00 0.76 0.00 0.00 0.00 0.00 0.00 0.00 0.00 0.00 0.00 0.08 0.84 1.00 1.00 0.90 0.08 
 0.00 0.51 1.00 1.00 0.96 0.21 0.00 0.00 0.00 0.00 0.00 0.00 0.00 0.02 0.62 1.00 1.00 1.00 0.49 0.00 
 0.00 0.16 0.96 1.00 1.00 0.80 0.08 0.00 0.00 0.00 0.00 0.00 0.08 0.59 1.00 1.00 1.00 0.76 0.02 0.00 
 0.00 0.00 0.47 1.00 1.00 1.00 0.86 0.37 0.15 0.15 0.16 0.39 0.84 1.00 1.00 1.00 0.84 0.13 0.00 0.00 
 0.00 0.00 0.02 0.57 1.00 1.00 1.00 1.00 1.00 1.00 1.00 1.00 1.00 1.00 1.00 0.74 0.11 0.00 0.00 0.00 
 