0.00 0.00 0.00 0.00 0.00 0.00 0.00 0.21 0.63 0.87 0.98 0.89 0.72 0.33 0.02 0.00 0.00 0.00 0.00 0.00 
 0.00 0.00 0.00 0.00 0.00 0.02 0.46 0.99 1.00 1.00 1.00 1.00 1.00 1.00 0.63 0.03 0.00 0.00 0.00 0.00 
 0.00 0.00 0.00 0.00 0.00 0.36 1.00 1.00 0.96 0.60 0.35 0.49 0.90 1.00 1.00 0.58 0.00 0.00 0.00 0.00 
 0.00 0.00 0.00 0.00 0.07 0.91 1.00 0.96 0.30 0.00 0.00 0.00 0.14 0.89 1.00 0.98 0.19 0.00 0.00 0.00 
 0.00 0.00 0.00 0.00 0.37 1.00 1.00 0.58 0.00 0.00 0.00 0.00 0.00 0.36 1.00 1.00 0.57 0.00 0.00 0.00 
 0.00 0.00 0.00 0.00 0.65 1.00 1.00 0.24 0.00 0.00 0.00 0.00 0.00 0.10 0.99 1.00 0.84 0.00 0.00 0.00 
 0.00 0.00 0.00 0.00 0.84 1.00 0.94 0.05 0.00 0.00 0.00 0.00 0.00 0.00 0.84 1.00 0.94 0.05 0.00 0.00 
 0.00 0.00 0.00 0.10 0.99 1.00 0.89 0.00 0.00 0.00 0.00 0.00 0.00 0.00 0.72 1.00 1.00 0.19 0.00 0.00 
 0.00 0.00 0.00 0.11 1.00 1.00 0.82 0.00 0.00 0.00 0.00 0.00 0.00 0.00 0.65 1.00 1.00 0.27 0.00 0.00 
 0.00 0.00 0.00 0.11 1.00 1.00 0.78 0.00 0.00 0.00 0.00 0.00 0.00 0.00 0.56 1.00 1.00 0.33 0.00 0.00 
 0.00 0.00 0.00 0.11 1.00 1.00 0.78 0.00 0.00 0.00 0.00 0.00 0.00 0.00 0.56 1.00 1.00 0.33 0.00 0.00 
 0.00 0.00 0.00 0.11 1.00 1.00 0.78 0.00 0.00 0.00 0.00 0.00 0.00 0.00 0.56 1.00 1.00 0.33 0.00 0.00 
 0.00 0.00 0.00 0.11 1.00 1.00 0.79 0.00 0.00 0.00 0.00 0.00 0.00 0.00 0.64 1.00 1.00 0.30 0.00 0.00 
 0.00 0.00 0.00 0.11 1.00 1.00 0.89 0.00 0.00 0.00 0.00 0.00 0.00 0.00 0.69 1.00 1.00 0.21 0.00 0.00 
 0.00 0.00 0.00 0.02 0.88 1.00 0.90 0.02 0.00 0.00 0.00 0.00 0.00 0.00 0.82 1.00 0.96 0.07 0.00 0.00 
 0.00 0.00 0.00 0.00 0.71 1.00 1.00 0.19 0.00 0.00 0.00 0.00 0.00 0.07 0.96 1.00 0.87 0.00 0.00 0.00 
 0.00 0.00 0.00 0.00 0.44 1.00 1.00 0.51 0.00 0.00 0.00 0.00 0.00 0.27 1.00 1.00 0.64 0.00 0.00 0.00 
 0.00 0.00 0.00 0.00 0.11 0.96 1.00 0.91 0.14 0.00 0.00 0.00 0.04 0.77 1.00 0.99 0.27 0.00 0.00 0.00 
 0.00 0.00 0.00 0.00 0.00 0.53 1.00 1.00 0.87 0.26 0.11 0.18 0.69 1.00 1.00 0.74 0.00 0.00 0.00 0.00 
 0.00 0.00 0.00 0.00 0.00 0.04 0.74 1.00 1.00 1.00 1.00 1.00 1.00 1.00 0.87 0.13 0.00 0.00 0.00 0.00 
 