0.00 0.00 0.00 0.00 0.00 0.00 0.10 0.44 0.72 0.90 1.00 0.99 0.87 0.65 0.32 0.04 0.00 0.00 0.00 0.00 
 0.00 0.00 0.00 0.00 0.03 0.45 0.95 0.90 0.49 0.22 0.11 0.16 0.36 0.71 0.99 0.83 0.25 0.00 0.00 0.00 
 0.00 0.00 0.00 0.06 0.72 1.00 0.77 0.09 0.00 0.00 0.00 0.00 0.00 0.00 0.38 0.98 0.98 0.37 0.00 0.00 
 0.00 0.00 0.05 0.74 1.00 0.85 0.07 0.00 0.00 0.00 0.00 0.00 0.00 0.00 0.00 0.42 1.00 0.98 0.35 0.00 
 0.00 0.00 0.56 1.00 1.00 0.36 0.00 0.00 0.00 0.00 0.00 0.00 0.00 0.00 0.00 0.03 0.80 1.00 0.94 0.15 
 0.00 0.19 0.99 1.00 0.85 0.02 0.00 0.00 0.00 0.00 0.00 0.00 0.00 0.00 0.00 0.00 0.38 1.00 1.00 0.71 
 0.00 0.61 1.00 1.00 0.58 0.00 0.00 0.00 0.00 0.00 0.00 0.00 0.00 0.00 0.00 0.00 0.11 0.99 1.00 1.00 
 0.05 0.93 1.00 1.00 0.36 0.00 0.00 0.00 0.00 0.00 0.00 0.00 0.00 0.00 0.00 0.00 0.00 0.84 1.00 1.00 
 0.16 1.00 1.00 1.00 0.22 0.00 0.00 0.00 0.00 0.00 0.00 0.00 0.00 0.00 0.00 0.00 0.00 0.71 1.00 1.00 
 0.29 1.00 1.00 1.00 0.13 0.00 0.00 0.00 0.00 0.00 0.00 0.00 0.00 0.00 0.00 0.00 0.00 0.61 1.00 1.00 
 0.33 1.00 1.00 1.00 0.11 0.00 0.00 0.00 0.00 0.00 0.00 0.00 0.00 0.00 0.00 0.00 0.00 0.56 1.00 1.00 
 0.32 1.00 1.00 1.00 0.11 0.00 0.00 0.00 0.00 0.00 0.00 0.00 0.00 0.00 0.00 0.00 0.00 0.56 1.00 1.00 
 0.21 1.00 1.00 1.00 0.20 0.00 0.00 0.00 0.00 0.00 0.00 0.00 0.00 0.00 0.00 0.00 0.00 0.61 1.00 1.00 
 0.10 0.99 1.00 1.00 0.32 0.00 0.00 0.00 0.00 0.00 0.00 0.00 0.00 0.00 0.00 0.00 0.00 0.71 1.00 1.00 
 0.00 0.80 1.00 1.00 0.52 0.00 0.00 0.00 0.00 0.00 0.00 0.00 0.00 0.00 0.00 0.00 0.02 0.87 1.00 1.00 
 0.00 0.45 1.00 1.00 0.78 0.00 0.00 0.00 0.00 0.00 0.00 0.00 0.00 0.00 0.00 0.00 0.16 1.00 1.00 0.89 
 0.00 0.07 0.90 1.00 0.98 0.18 0.00 0.00 0.00 0.00 0.00 0.00 0.00 0.00 0.00 0.00 0.47 1.00 0.99 0.38 
 0.00 0.00 0.31 0.99 1.00 0.67 0.00 0.00 0.00 0.00 0.00 0.00 0.00 0.00 0.00 0.10 0.91 1.00 0.69 0.00 
 0.00 0.00 0.00 0.45 0.99 0.99 0.40 0.00 0.00 0.00 0.00 0.00 0.00 0.00 0.06 0.74 1.00 0.79 0.07 0.00 
 0.00 0.00 0.00 0.00 0.40 0.96 0.98 0.48 0.03 0.00 0.00 0.00 0.00 0.20 0.79 1.00 0.69 0.06 0.00 0.00 
 