0.00 0.00 0.00 0.00 0.00 0.00 0.02 0.33 0.67 0.90 1.00 0.96 0.78 0.43 0.08 0.00 0.00 0.00 0.00 0.00 
 0.00 0.00 0.00 0.00 0.00 0.11 0.69 1.00 1.00 1.00 1.00 1.00 1.00 1.00 0.88 0.27 0.00 0.00 0.00 0.00 
 0.00 0.00 0.00 0.00 0.08 0.80 1.00 1.00 1.00 0.92 0.86 0.88 1.00 1.00 1.00 0.96 0.27 0.00 0.00 0.00 
 0.00 0.00 0.00 0.00 0.57 1.00 1.00 0.98 0.51 0.06 0.00 0.02 0.33 0.86 1.00 1.00 0.90 0.08 0.00 0.00 
 0.00 0.00 0.00 0.18 0.98 1.00 0.98 0.43 0.00 0.00 0.00 0.00 0.00 0.15 0.88 1.00 1.00 0.55 0.00 0.00 
 0.00 0.00 0.00 0.53 1.00 1.00 0.72 0.00 0.00 0.00 0.00 0.00 0.00 0.00 0.33 1.00 1.00 0.88 0.02 0.00 
 0.00 0.00 0.02 0.84 1.00 1.00 0.29 0.00 0.00 0.00 0.00 0.00 0.00 0.00 0.06 0.90 1.00 1.00 0.27 0.00 
 0.00 0.00 0.15 1.00 1.00 0.90 0.04 0.00 0.00 0.00 0.00 0.00 0.00 0.00 0.00 0.59 1.00 1.00 0.47 0.00 
 0.00 0.00 0.16 1.00 1.00 0.86 0.00 0.00 0.00 0.00 0.00 0.00 0.00 0.00 0.00 0.43 1.00 1.00 0.59 0.00 
 0.00 0.00 0.29 1.00 1.00 0.74 0.00 0.00 0.00 0.00 0.00 0.00 0.00 0.00 0.00 0.31 1.00 1.00 0.72 0.00 
 0.00 0.00 0.29 1.00 1.00 0.72 0.00 0.00 0.00 0.00 0.00 0.00 0.00 0.00 0.00 0.29 1.00 1.00 0.72 0.00 
 0.00 0.00 0.29 1.00 1.00 0.72 0.00 0.00 0.00 0.00 0.00 0.00 0.00 0.00 0.00 0.29 1.00 1.00 0.72 0.00 
 0.00 0.00 0.23 1.00 1.00 0.80 0.00 0.00 0.00 0.00 0.00 0.00 0.00 0.00 0.00 0.37 1.00 1.00 0.64 0.00 
 0.00 0.00 0.15 1.00 1.00 0.86 0.00 0.00 0.00 0.00 0.00 0.00 0.00 0.00 0.00 0.49 1.00 1.00 0.53 0.00 
 0.00 0.00 0.08 0.94 1.00 0.96 0.13 0.00 0.00 0.00 0.00 0.00 0.00 0.00 0.00 0.74 1.00 1.00 0.37 0.00 
 0.00 0.00 0.00 0.69 1.00 1.00 0.47 0.00 0.00 0.00 0.00 0.00 0.00 0.00 0.15 0.98 1.00 0.96 0.13 0.00 
 0.00 0.00 0.00 0.37 1.00 1.00 0.90 0.11 0.00 0.00 0.00 0.00 0.00 0.02 0.59 1.00 1.00 0.78 0.00 0.00 
 0.00 0.00 0.00 0.06 0.86 1.00 1.00 0.78 0.11 0.00 0.00 0.00 0.02 0.47 1.00 1.00 0.98 0.31 0.00 0.00 
 0.00 0.00 0.00 0.00 0.29 0.98 1.00 1.00 0.88 0.47 0.29 0.37 0.72 1.00 1.00 1.00 0.67 0.00 0.00 0.00 
 0.00 0.00 0.00 0.00 0.00 0.43 0.98 1.00 1.00 1.00 1.00 1.00 1.00 1.00 1.00 0.78 0.06 0.00 0.00 0.00 
 