0.00 0.00 0.00 0.00 0.00 0.03 0.29 0.62 0.83 0.89 0.90 0.88 0.73 0.48 0.14 0.00 0.00 0.00 0.00 0.00 
 0.00 0.00 0.00 0.00 0.19 0.79 1.00 1.00 1.00 1.00 1.00 1.00 1.00 1.00 0.96 0.49 0.03 0.00 0.00 0.00 
 0.00 0.00 0.00 0.25 0.95 1.00 0.99 0.78 0.47 0.33 0.33 0.41 0.68 0.96 1.00 1.00 0.63 0.02 0.00 0.00 
 0.00 0.00 0.10 0.90 1.00 0.98 0.44 0.00 0.00 0.00 0.00 0.00 0.00 0.22 0.91 1.00 1.00 0.37 0.00 0.00 
 0.00 0.00 0.56 1.00 1.00 0.49 0.00 0.00 0.00 0.00 0.00 0.00 0.00 0.00 0.24 0.99 1.00 0.85 0.02 0.00 
 0.00 0.06 0.94 1.00 0.87 0.03 0.00 0.00 0.00 0.00 0.00 0.00 0.00 0.00 0.00 0.67 1.00 1.00 0.26 0.00 
 0.00 0.29 1.00 1.00 0.52 0.00 0.00 0.00 0.00 0.00 0.00 0.00 0.00 0.00 0.00 0.32 1.00 1.00 0.52 0.00 
 0.00 0.49 1.00 1.00 0.29 0.00 0.00 0.00 0.00 0.00 0.00 0.00 0.00 0.00 0.00 0.13 1.00 1.00 0.71 0.00 
 0.00 0.63 1.00 1.00 0.14 0.00 0.00 0.00 0.00 0.00 0.00 0.00 0.00 0.00 0.00 0.09 0.98 1.00 0.79 0.00 
 0.00 0.67 1.00 0.95 0.06 0.00 0.00 0.00 0.00 0.00 0.00 0.00 0.00 0.00 0.00 0.00 0.89 1.00 0.89 0.00 
 0.00 0.67 1.00 0.91 0.03 0.00 0.00 0.00 0.00 0.00 0.00 0.00 0.00 0.00 0.00 0.00 0.89 1.00 0.88 0.00 
 0.00 0.67 1.00 1.00 0.11 0.00 0.00 0.00 0.00 0.00 0.00 0.00 0.00 0.00 0.00 0.07 0.96 1.00 0.78 0.00 
 0.00 0.60 1.00 1.00 0.21 0.00 0.00 0.00 0.00 0.00 0.00 0.00 0.00 0.00 0.00 0.13 1.00 1.00 0.68 0.00 
 0.00 0.45 1.00 1.00 0.40 0.00 0.00 0.00 0.00 0.00 0.00 0.00 0.00 0.00 0.00 0.30 1.00 1.00 0.48 0.00 
 0.00 0.22 1.00 1.00 0.68 0.00 0.00 0.00 0.00 0.00 0.00 0.00 0.00 0.00 0.00 0.62 1.00 0.99 0.21 0.00 
 0.00 0.05 0.89 1.00 0.96 0.16 0.00 0.00 0.00 0.00 0.00 0.00 0.00 0.00 0.19 0.98 1.00 0.80 0.00 0.00 
 0.00 0.00 0.44 1.00 1.00 0.80 0.09 0.00 0.00 0.00 0.00 0.00 0.00 0.11 0.83 1.00 0.99 0.32 0.00 0.00 
 0.00 0.00 0.04 0.77 1.00 1.00 0.88 0.40 0.14 0.11 0.11 0.14 0.44 0.91 1.00 1.00 0.60 0.00 0.00 0.00 
 0.00 0.00 0.00 0.09 0.74 1.00 1.00 1.00 1.00 1.00 1.00 1.00 1.00 1.00 0.98 0.56 0.02 0.00 0.00 0.00 
 0.00 0.00 0.00 0.00 0.02 0.37 0.80 1.00 1.00 1.00 1.00 1.00 0.98 0.68 0.24 0.00 0.00 0.00 0.00 0.00 
 