-1.00 -1.00 -1.00 -1.00 -1.00 -1.00 -1.00 -0.93 -0.35 0.18 0.51 0.69 0.69 0.50 0.09 -0.57 -0.99 -1.00 -1.00 -1.00 
 -1.00 -1.00 -1.00 -1.00 -1.00 -0.92 -0.02 0.86 1.00 1.00 1.00 1.00 1.00 1.00 1.00 1.00 0.45 -0.77 -1.00 -1.00 
 -1.00 -1.00 -1.00 -1.00 -0.62 0.71 1.00 1.00 0.98 0.56 0.17 0.04 0.15 0.59 1.00 1.00 1.00 0.81 -0.70 -1.00 
 -1.00 -1.00 -1.00 -0.46 0.91 1.00 0.97 0.15 -0.77 -1.00 -1.00 -1.00 -1.00 -1.00 -0.58 0.66 1.00 1.00 0.66 -0.95 
 -1.00 -1.00 -0.59 0.92 1.00 0.81 -0.55 -1.00 -1.00 -1.00 -1.00 -1.00 -1.00 -1.00 -1.00 -0.87 0.65 1.00 1.00 -0.19 
 -1.00 -0.91 0.74 1.00 0.84 -0.70 -1.00 -1.00 -1.00 -1.00 -1.00 -1.00 -1.00 -1.00 -1.00 -1.00 -0.58 1.00 1.00 0.55 
 -1.00 0.04 1.00 1.00 -0.44 -1.00 -1.00 -1.00 -1.00 -1.00 -1.00 -1.00 -1.00 -1.00 -1.00 -1.00 -1.00 0.60 1.00 0.97 
 -0.88 0.91 1.00 0.37 -1.00 -1.00 -1.00 -1.00 -1.00 -1.00 -1.00 -1.00 -1.00 -1.00 -1.00 -1.00 -1.00 0.18 1.00 1.00 
 -0.22 1.00 1.00 -0.51 -1.00 -1.00 -1.00 -1.00 -1.00 -1.00 -1.00 -1.00 -1.00 -1.00 -1.00 -1.00 -1.00 0.09 1.00 1.00 
 0.36 1.00 0.87 -0.98 -1.00 -1.00 -1.00 -1.00 -1.00 -1.00 -1.00 -1.00 -1.00 -1.00 -1.00 -1.00 -1.00 0.23 1.00 0.99 
 0.75 1.00 0.51 -1.00 -1.00 -1.00 -1.00 -1.00 -1.00 -1.00 -1.00 -1.00 -1.00 -1.00 -1.00 -1.00 -1.00 0.56 1.00 0.73 
 0.96 1.00 0.36 -1.00 -1.00 -1.00 -1.00 -1.00 -1.00 -1.00 -1.00 -1.00 -1.00 -1.00 -1.00 -1.00 -0.85 0.97 1.00 0.19 
 0.97 1.00 0.47 -1.00 -1.00 -1.00 -1.00 -1.00 -1.00 -1.00 -1.00 -1.00 -1.00 -1.00 -1.00 -1.00 -0.10 1.00 1.00 -0.54 
 0.76 1.00 0.85 -0.97 -1.00 -1.00 -1.00 -1.00 -1.00 -1.00 -1.00 -1.00 -1.00 -1.00 -1.00 -0.86 0.84 1.00 0.54 -0.99 
 0.31 1.00 1.00 -0.35 -1.00 -1.00 -1.00 -1.00 -1.00 -1.00 -1.00 -1.00 -1.00 -1.00 -0.98 0.38 1.00 0.97 -0.60 -1.00 
 -0.44 1.00 1.00 0.77 -0.81 -1.00 -1.00 -1.00 -1.00 -1.00 -1.00 -1.00 -1.00 -0.95 0.27 1.00 1.00 -0.08 -1.00 -1.00 
 -0.99 0.43 1.00 1.00 0.72 -0.55 -1.00 -1.00 -1.00 -1.00 -1.00 -0.99 -0.51 0.62 1.00 1.00 0.12 -0.99 -1.00 -1.00 
 -1.00 -0.84 0.65 1.00 1.00 1.00 0.54 0.02 -0.20 -0.17 0.11 0.65 1.00 1.00 0.98 -0.07 -0.99 -1.00 -1.00 -1.00 
 -1.00 -1.00 -0.87 0.28 0.99 1.00 1.00 1.00 1.00 1.00 1.00 1.00 1.00 0.58 -0.57 -1.00 -1.00 -1.00 -1.00 -1.00 
 -1.00 -1.00 -1.00 -1.00 -0.65 0.09 0.58 0.87 0.95 0.87 0.62 0.15 -0.51 -0.99 -1.00 -1.00 -1.00 -1.00 -1.00 -1.00 
 