-1.00 -1.00 -1.00 -1.00 -1.00 -1.00 -0.89 -0.08 0.58 0.93 0.96 0.69 0.10 -0.76 -1.00 -1.00 -1.00 -1.00 -1.00 -1.00 
 -1.00 -1.00 -1.00 -1.00 -1.00 -0.49 0.80 1.00 1.00 1.00 1.00 1.00 1.00 0.93 -0.17 -1.00 -1.00 -1.00 -1.00 -1.00 
 -1.00 -1.00 -1.00 -1.00 -0.40 0.96 1.00 0.67 -0.25 -0.73 -0.78 -0.40 0.45 1.00 1.00 0.02 -1.00 -1.00 -1.00 -1.00 
 -1.00 -1.00 -1.00 -0.72 0.90 1.00 0.25 -0.95 -1.00 -1.00 -1.00 -1.00 -0.99 -0.15 0.99 1.00 -0.36 -1.00 -1.00 -1.00 
 -1.00 -1.00 -1.00 0.44 1.00 0.44 -0.98 -1.00 -1.00 -1.00 -1.00 -1.00 -1.00 -1.00 0.00 1.00 0.81 -0.91 -1.00 -1.00 
 -1.00 -1.00 -0.59 1.00 0.95 -0.75 -1.00 -1.00 -1.00 -1.00 -1.00 -1.00 -1.00 -1.00 -0.95 0.70 1.00 -0.14 -1.00 -1.00 
 -1.00 -1.00 0.14 1.00 0.29 -1.00 -1.00 -1.00 -1.00 -1.00 -1.00 -1.00 -1.00 -1.00 -1.00 -0.17 1.00 0.60 -1.00 -1.00 
 -1.00 -1.00 0.67 1.00 -0.33 -1.00 -1.00 -1.00 -1.00 -1.00 -1.00 -1.00 -1.00 -1.00 -1.00 -0.78 1.00 0.98 -0.86 -1.00 
 -1.00 -0.95 0.98 1.00 -0.69 -1.00 -1.00 -1.00 -1.00 -1.00 -1.00 -1.00 -1.00 -1.00 -1.00 -0.99 0.84 1.00 -0.51 -1.00 
 -1.00 -0.79 1.00 1.00 -0.86 -1.00 -1.00 -1.00 -1.00 -1.00 -1.00 -1.00 -1.00 -1.00 -1.00 -1.00 0.69 1.00 -0.33 -1.00 
 -1.00 -0.75 1.00 1.00 -0.84 -1.00 -1.00 -1.00 -1.00 -1.00 -1.00 -1.00 -1.00 -1.00 -1.00 -1.00 0.71 1.00 -0.29 -1.00 
 -1.00 -0.88 1.00 1.00 -0.63 -1.00 -1.00 -1.00 -1.00 -1.00 -1.00 -1.00 -1.00 -1.00 -1.00 -0.98 0.91 1.00 -0.43 -1.00 
 -1.00 -1.00 0.82 1.00 -0.24 -1.00 -1.00 -1.00 -1.00 -1.00 -1.00 -1.00 -1.00 -1.00 -1.00 -0.69 1.00 1.00 -0.72 -1.00 
 -1.00 -1.00 0.35 1.00 0.36 -1.00 -1.00 -1.00 -1.00 -1.00 -1.00 -1.00 -1.00 -1.00 -1.00 -0.09 1.00 0.80 -0.99 -1.00 
 -1.00 -1.00 -0.33 1.00 0.97 -0.74 -1.00 -1.00 -1.00 -1.00 -1.00 -1.00 -1.00 -1.00 -0.96 0.73 1.00 0.13 -1.00 -1.00 
 -1.00 -1.00 -0.96 0.73 1.00 0.38 -0.99 -1.00 -1.00 -1.00 -1.00 -1.00 -1.00 -1.00 -0.07 1.00 0.96 -0.73 -1.00 -1.00 
 -1.00 -1.00 -1.00 -0.40 1.00 1.00 0.03 -0.99 -1.00 -1.00 -1.00 -1.00 -1.00 -0.39 0.97 1.00 0.06 -1.00 -1.00 -1.00 
 -1.00 -1.00 -1.00 -1.00 0.07 1.00 1.00 0.36 -0.68 -1.00 -1.00 -0.83 0.07 0.98 1.00 0.48 -0.95 -1.00 -1.00 -1.00 
 -1.00 -1.00 -1.00 -1.00 -0.99 0.01 0.98 1.00 1.00 0.79 0.73 0.98 1.00 1.00 0.36 -0.91 -1.00 -1.00 -1.00 -1.00 
 -1.00 -1.00 -1.00 -1.00 -1.00 -1.00 -0.56 0.43 0.97 1.00 1.00 1.00 0.60 -0.32 -0.99 -1.00 -1.00 -1.00 -1.00 -1.00 
 