0.00 0.00 0.00 0.00 0.00 0.00 0.11 0.36 0.61 0.78 0.84 0.84 0.70 0.50 0.22 0.03 0.00 0.00 0.00 0.00 
 0.00 0.00 0.00 0.00 0.11 0.53 0.95 1.00 1.00 0.92 0.84 0.86 1.00 1.00 1.00 0.75 0.25 0.00 0.00 0.00 
 0.00 0.00 0.00 0.20 0.84 1.00 0.86 0.56 0.25 0.09 0.00 0.03 0.20 0.45 0.75 0.97 0.97 0.50 0.03 0.00 
 0.00 0.00 0.22 0.92 0.97 0.64 0.09 0.00 0.00 0.00 0.00 0.00 0.00 0.00 0.00 0.33 0.89 1.00 0.58 0.03 
 0.00 0.11 0.86 0.97 0.53 0.00 0.00 0.00 0.00 0.00 0.00 0.00 0.00 0.00 0.00 0.00 0.20 0.89 1.00 0.45 
 0.03 0.64 1.00 0.58 0.00 0.00 0.00 0.00 0.00 0.00 0.00 0.00 0.00 0.00 0.00 0.00 0.00 0.22 0.95 0.97 
 0.20 1.00 0.84 0.03 0.00 0.00 0.00 0.00 0.00 0.00 0.00 0.00 0.00 0.00 0.00 0.00 0.00 0.00 0.42 1.00 
 0.53 1.00 0.42 0.00 0.00 0.00 0.00 0.00 0.00 0.00 0.00 0.00 0.00 0.00 0.00 0.00 0.00 0.00 0.09 0.89 
 0.78 0.95 0.11 0.00 0.00 0.00 0.00 0.00 0.00 0.00 0.00 0.00 0.00 0.00 0.00 0.00 0.00 0.00 0.00 0.61 
 0.95 0.84 0.00 0.00 0.00 0.00 0.00 0.00 0.00 0.00 0.00 0.00 0.00 0.00 0.00 0.00 0.00 0.00 0.00 0.42 
 1.00 0.84 0.00 0.00 0.00 0.00 0.00 0.00 0.00 0.00 0.00 0.00 0.00 0.00 0.00 0.00 0.00 0.00 0.00 0.33 
 1.00 0.84 0.00 0.00 0.00 0.00 0.00 0.00 0.00 0.00 0.00 0.00 0.00 0.00 0.00 0.00 0.00 0.00 0.00 0.36 
 0.86 0.86 0.03 0.00 0.00 0.00 0.00 0.00 0.00 0.00 0.00 0.00 0.00 0.00 0.00 0.00 0.00 0.00 0.00 0.53 
 0.67 1.00 0.28 0.00 0.00 0.00 0.00 0.00 0.00 0.00 0.00 0.00 0.00 0.00 0.00 0.00 0.00 0.00 0.03 0.78 
 0.33 1.00 0.67 0.00 0.00 0.00 0.00 0.00 0.00 0.00 0.00 0.00 0.00 0.00 0.00 0.00 0.00 0.00 0.25 1.00 
 0.09 0.86 0.95 0.28 0.00 0.00 0.00 0.00 0.00 0.00 0.00 0.00 0.00 0.00 0.00 0.00 0.00 0.06 0.78 1.00 
 0.00 0.28 0.97 0.89 0.20 0.00 0.00 0.00 0.00 0.00 0.00 0.00 0.00 0.00 0.00 0.00 0.03 0.58 1.00 0.75 
 0.00 0.00 0.56 1.00 0.89 0.22 0.00 0.00 0.00 0.00 0.00 0.00 0.00 0.00 0.00 0.06 0.58 1.00 0.86 0.11 
 0.00 0.00 0.03 0.56 0.97 0.97 0.50 0.14 0.00 0.00 0.00 0.00 0.00 0.09 0.28 0.81 1.00 0.84 0.17 0.00 
 0.00 0.00 0.00 0.00 0.39 0.95 1.00 0.97 0.75 0.58 0.50 0.53 0.70 0.92 1.00 1.00 0.70 0.09 0.00 0.00 
 