0.00 0.00 0.00 0.00 0.00 0.06 0.33 0.64 0.84 0.98 1.00 1.00 0.88 0.72 0.47 0.16 0.00 0.00 0.00 0.00 
 0.00 0.00 0.00 0.02 0.31 0.86 1.00 1.00 1.00 1.00 1.00 1.00 1.00 1.00 1.00 0.98 0.55 0.06 0.00 0.00 
 0.00 0.00 0.02 0.47 1.00 1.00 0.98 0.74 0.41 0.23 0.15 0.16 0.31 0.55 0.88 1.00 1.00 0.78 0.08 0.00 
 0.00 0.00 0.37 1.00 1.00 0.90 0.27 0.00 0.00 0.00 0.00 0.00 0.00 0.00 0.06 0.67 1.00 1.00 0.74 0.02 
 0.00 0.11 0.92 1.00 0.92 0.21 0.00 0.00 0.00 0.00 0.00 0.00 0.00 0.00 0.00 0.04 0.72 1.00 1.00 0.39 
 0.00 0.49 1.00 1.00 0.45 0.00 0.00 0.00 0.00 0.00 0.00 0.00 0.00 0.00 0.00 0.00 0.16 0.98 1.00 0.84 
 0.04 0.86 1.00 0.92 0.06 0.00 0.00 0.00 0.00 0.00 0.00 0.00 0.00 0.00 0.00 0.00 0.00 0.72 1.00 1.00 
 0.16 1.00 1.00 0.74 0.00 0.00 0.00 0.00 0.00 0.00 0.00 0.00 0.00 0.00 0.00 0.00 0.00 0.45 1.00 1.00 
 0.31 1.00 1.00 0.55 0.00 0.00 0.00 0.00 0.00 0.00 0.00 0.00 0.00 0.00 0.00 0.00 0.00 0.27 1.00 1.00 
 0.43 1.00 1.00 0.43 0.00 0.00 0.00 0.00 0.00 0.00 0.00 0.00 0.00 0.00 0.00 0.00 0.00 0.15 1.00 1.00 
 0.43 1.00 1.00 0.43 0.00 0.00 0.00 0.00 0.00 0.00 0.00 0.00 0.00 0.00 0.00 0.00 0.00 0.15 1.00 1.00 
 0.43 1.00 1.00 0.43 0.00 0.00 0.00 0.00 0.00 0.00 0.00 0.00 0.00 0.00 0.00 0.00 0.00 0.15 1.00 1.00 
 0.31 1.00 1.00 0.53 0.00 0.00 0.00 0.00 0.00 0.00 0.00 0.00 0.00 0.00 0.00 0.00 0.00 0.25 1.00 1.00 
 0.16 1.00 1.00 0.69 0.00 0.00 0.00 0.00 0.00 0.00 0.00 0.00 0.00 0.00 0.00 0.00 0.00 0.41 1.00 1.00 
 0.06 0.90 1.00 0.88 0.02 0.00 0.00 0.00 0.00 0.00 0.00 0.00 0.00 0.00 0.00 0.00 0.00 0.67 1.00 1.00 
 0.00 0.55 1.00 1.00 0.41 0.00 0.00 0.00 0.00 0.00 0.00 0.00 0.00 0.00 0.00 0.00 0.13 0.96 1.00 0.84 
 0.00 0.16 0.98 1.00 0.86 0.08 0.00 0.00 0.00 0.00 0.00 0.00 0.00 0.00 0.00 0.02 0.64 1.00 0.98 0.37 
 0.00 0.00 0.51 1.00 1.00 0.78 0.11 0.00 0.00 0.00 0.00 0.00 0.00 0.00 0.04 0.51 1.00 1.00 0.69 0.00 
 0.00 0.00 0.04 0.67 1.00 1.00 0.88 0.41 0.15 0.04 0.00 0.04 0.15 0.35 0.78 1.00 1.00 0.80 0.08 0.00 
 0.00 0.00 0.00 0.04 0.55 0.98 1.00 1.00 1.00 0.90 0.86 0.90 1.00 1.00 1.00 1.00 0.65 0.06 0.00 0.00 
 