0.00 0.00 0.00 0.00 0.00 0.00 0.11 0.47 0.80 0.98 1.00 1.00 0.96 0.76 0.39 0.06 0.00 0.00 0.00 0.00 
 0.00 0.00 0.00 0.00 0.00 0.31 0.92 1.00 1.00 1.00 1.00 1.00 1.00 1.00 1.00 0.84 0.21 0.00 0.00 0.00 
 0.00 0.00 0.00 0.00 0.33 0.98 1.00 1.00 1.00 1.00 1.00 1.00 1.00 1.00 1.00 1.00 0.92 0.21 0.00 0.00 
 0.00 0.00 0.00 0.15 0.94 1.00 1.00 1.00 1.00 0.86 0.72 0.74 0.92 1.00 1.00 1.00 1.00 0.80 0.02 0.00 
 0.00 0.00 0.00 0.62 1.00 1.00 1.00 1.00 0.57 0.02 0.00 0.00 0.11 0.78 1.00 1.00 1.00 1.00 0.41 0.00 
 0.00 0.00 0.11 0.96 1.00 1.00 1.00 0.80 0.02 0.00 0.00 0.00 0.00 0.15 0.96 1.00 1.00 1.00 0.80 0.00 
 0.00 0.00 0.33 1.00 1.00 1.00 1.00 0.39 0.00 0.00 0.00 0.00 0.00 0.00 0.67 1.00 1.00 1.00 0.94 0.08 
 0.00 0.00 0.57 1.00 1.00 1.00 0.98 0.15 0.00 0.00 0.00 0.00 0.00 0.00 0.43 1.00 1.00 1.00 1.00 0.29 
 0.00 0.00 0.72 1.00 1.00 1.00 0.86 0.00 0.00 0.00 0.00 0.00 0.00 0.00 0.27 1.00 1.00 1.00 1.00 0.43 
 0.00 0.00 0.84 1.00 1.00 1.00 0.86 0.00 0.00 0.00 0.00 0.00 0.00 0.00 0.15 1.00 1.00 1.00 1.00 0.55 
 0.00 0.00 0.86 1.00 1.00 1.00 0.86 0.00 0.00 0.00 0.00 0.00 0.00 0.00 0.15 1.00 1.00 1.00 1.00 0.57 
 0.00 0.00 0.86 1.00 1.00 1.00 0.86 0.00 0.00 0.00 0.00 0.00 0.00 0.00 0.15 1.00 1.00 1.00 1.00 0.57 
 0.00 0.00 0.80 1.00 1.00 1.00 0.86 0.00 0.00 0.00 0.00 0.00 0.00 0.00 0.21 1.00 1.00 1.00 1.00 0.49 
 0.00 0.00 0.67 1.00 1.00 1.00 0.88 0.02 0.00 0.00 0.00 0.00 0.00 0.00 0.33 1.00 1.00 1.00 1.00 0.39 
 0.00 0.00 0.49 1.00 1.00 1.00 1.00 0.23 0.00 0.00 0.00 0.00 0.00 0.00 0.53 1.00 1.00 1.00 1.00 0.21 
 0.00 0.00 0.25 1.00 1.00 1.00 1.00 0.53 0.00 0.00 0.00 0.00 0.00 0.04 0.84 1.00 1.00 1.00 0.86 0.02 
 0.00 0.00 0.06 0.90 1.00 1.00 1.00 0.90 0.11 0.00 0.00 0.00 0.00 0.37 1.00 1.00 1.00 1.00 0.59 0.00 
 0.00 0.00 0.00 0.45 1.00 1.00 1.00 1.00 0.80 0.23 0.15 0.15 0.37 0.94 1.00 1.00 1.00 0.96 0.18 0.00 
 0.00 0.00 0.00 0.06 0.80 1.00 1.00 1.00 1.00 1.00 1.00 1.00 1.00 1.00 1.00 1.00 1.00 0.51 0.00 0.00 
 0.00 0.00 0.00 0.00 0.15 0.88 1.00 1.00 1.00 1.00 1.00 1.00 1.00 1.00 1.00 1.00 0.67 0.02 0.00 0.00 
 