0.00 0.00 0.00 0.00 0.00 0.00 0.00 0.00 0.00 0.00 0.00 0.00 0.00 0.00 0.00 0.00 0.00 0.00 0.00 0.00 
 0.00 0.00 0.00 0.00 0.00 0.00 0.00 0.00 0.00 0.00 0.00 0.11 0.17 0.14 0.00 0.00 0.00 0.00 0.00 0.00 
 0.00 0.00 0.00 0.00 0.00 0.00 0.00 0.06 0.25 0.58 0.81 0.95 1.00 0.97 0.64 0.31 0.39 0.11 0.00 0.00 
 0.00 0.00 0.00 0.00 0.00 0.03 0.39 0.84 0.86 0.67 0.39 0.33 0.36 0.33 0.78 1.00 1.00 0.92 0.36 0.00 
 0.00 0.00 0.00 0.00 0.17 0.64 0.97 0.61 0.11 0.00 0.00 0.00 0.00 0.00 0.11 0.47 0.92 1.00 0.95 0.22 
 0.00 0.00 0.00 0.45 0.97 0.97 0.45 0.00 0.00 0.00 0.00 0.00 0.00 0.00 0.00 0.00 0.31 0.97 1.00 0.95 
 0.00 0.00 0.31 0.97 0.89 0.31 0.00 0.00 0.00 0.00 0.00 0.00 0.00 0.00 0.00 0.00 0.00 0.50 0.97 1.00 
 0.00 0.25 0.97 1.00 0.33 0.00 0.00 0.00 0.00 0.00 0.00 0.00 0.00 0.00 0.00 0.00 0.00 0.00 0.70 1.00 
 0.06 0.78 1.00 0.86 0.06 0.00 0.00 0.00 0.00 0.00 0.00 0.00 0.00 0.00 0.00 0.00 0.00 0.00 0.47 1.00 
 0.31 1.00 1.00 0.50 0.00 0.00 0.00 0.00 0.00 0.00 0.00 0.00 0.00 0.00 0.00 0.00 0.00 0.00 0.20 1.00 
 0.64 1.00 0.89 0.17 0.00 0.00 0.00 0.00 0.00 0.00 0.00 0.00 0.00 0.00 0.00 0.00 0.00 0.00 0.17 1.00 
 0.92 1.00 0.73 0.06 0.00 0.00 0.00 0.00 0.00 0.00 0.00 0.00 0.00 0.00 0.00 0.00 0.00 0.00 0.17 1.00 
 1.00 1.00 0.84 0.11 0.00 0.00 0.00 0.00 0.00 0.00 0.00 0.00 0.00 0.00 0.00 0.00 0.00 0.00 0.20 1.00 
 0.67 1.00 0.97 0.33 0.00 0.00 0.00 0.00 0.00 0.00 0.00 0.00 0.00 0.00 0.00 0.00 0.00 0.00 0.22 1.00 
 0.64 1.00 1.00 0.70 0.00 0.00 0.00 0.00 0.00 0.00 0.00 0.00 0.00 0.00 0.00 0.00 0.00 0.03 0.75 1.00 
 0.56 1.00 1.00 0.97 0.33 0.00 0.00 0.00 0.00 0.00 0.00 0.00 0.00 0.00 0.00 0.00 0.00 0.33 1.00 1.00 
 0.11 0.78 1.00 1.00 0.64 0.11 0.00 0.00 0.00 0.00 0.00 0.00 0.00 0.00 0.00 0.00 0.20 0.89 0.97 0.64 
 0.00 0.25 0.89 1.00 0.95 0.95 0.58 0.17 0.00 0.00 0.00 0.00 0.00 0.00 0.11 0.56 0.97 0.84 0.45 0.00 
 0.00 0.00 0.09 0.64 0.89 1.00 1.00 0.97 0.75 0.67 0.64 0.50 0.50 0.67 0.92 0.84 0.42 0.03 0.00 0.00 
 0.00 0.00 0.00 0.00 0.06 0.42 0.73 0.86 0.97 0.84 0.84 0.73 0.53 0.50 0.39 0.03 0.00 0.00 0.00 0.00 
 