0.00 0.00 0.00 0.00 0.00 0.00 0.00 0.17 0.47 0.75 0.92 1.00 1.00 0.89 0.70 0.39 0.11 0.00 0.00 0.00 
 0.00 0.00 0.00 0.00 0.00 0.11 0.56 0.95 0.84 0.84 0.84 0.92 1.00 1.00 1.00 1.00 0.92 0.39 0.03 0.00 
 0.00 0.00 0.00 0.00 0.17 0.81 0.70 0.22 0.00 0.00 0.00 0.11 0.47 0.89 1.00 1.00 1.00 1.00 0.58 0.03 
 0.00 0.00 0.00 0.17 0.89 0.53 0.00 0.00 0.00 0.00 0.00 0.00 0.00 0.11 0.73 1.00 1.00 1.00 1.00 0.47 
 0.00 0.00 0.11 0.84 0.73 0.00 0.00 0.00 0.00 0.00 0.00 0.00 0.00 0.00 0.06 0.73 1.00 1.00 1.00 0.97 
 0.00 0.03 0.61 0.97 0.25 0.00 0.00 0.00 0.00 0.00 0.00 0.00 0.00 0.00 0.00 0.14 0.92 1.00 1.00 1.00 
 0.00 0.25 1.00 0.81 0.00 0.00 0.00 0.00 0.00 0.00 0.00 0.00 0.00 0.00 0.00 0.00 0.39 1.00 1.00 1.00 
 0.00 0.64 1.00 0.64 0.00 0.00 0.00 0.00 0.00 0.00 0.00 0.00 0.00 0.00 0.00 0.00 0.09 0.89 1.00 1.00 
 0.11 0.95 1.00 0.50 0.00 0.00 0.00 0.00 0.00 0.00 0.00 0.00 0.00 0.00 0.00 0.00 0.00 0.47 1.00 1.00 
 0.22 1.00 1.00 0.50 0.00 0.00 0.00 0.00 0.00 0.00 0.00 0.00 0.00 0.00 0.00 0.00 0.00 0.22 1.00 1.00 
 0.39 1.00 1.00 0.53 0.00 0.00 0.00 0.00 0.00 0.00 0.00 0.00 0.00 0.00 0.00 0.00 0.00 0.14 0.97 1.00 
 0.50 1.00 1.00 0.70 0.00 0.00 0.00 0.00 0.00 0.00 0.00 0.00 0.00 0.00 0.00 0.00 0.00 0.00 0.84 1.00 
 0.50 1.00 1.00 0.84 0.00 0.00 0.00 0.00 0.00 0.00 0.00 0.00 0.00 0.00 0.00 0.00 0.00 0.00 0.84 1.00 
 0.47 1.00 1.00 0.97 0.22 0.00 0.00 0.00 0.00 0.00 0.00 0.00 0.00 0.00 0.00 0.00 0.00 0.06 0.89 1.00 
 0.31 1.00 1.00 1.00 0.61 0.00 0.00 0.00 0.00 0.00 0.00 0.00 0.00 0.00 0.00 0.00 0.00 0.17 1.00 1.00 
 0.14 0.97 1.00 1.00 0.95 0.20 0.00 0.00 0.00 0.00 0.00 0.00 0.00 0.00 0.00 0.00 0.00 0.31 1.00 0.92 
 0.00 0.73 1.00 1.00 1.00 0.78 0.06 0.00 0.00 0.00 0.00 0.00 0.00 0.00 0.00 0.00 0.03 0.75 0.97 0.39 
 0.00 0.31 1.00 1.00 1.00 1.00 0.61 0.03 0.00 0.00 0.00 0.00 0.00 0.00 0.00 0.00 0.33 1.00 0.64 0.00 
 0.00 0.03 0.64 1.00 1.00 1.00 1.00 0.64 0.11 0.00 0.00 0.00 0.00 0.00 0.00 0.25 0.92 0.73 0.03 0.00 
 0.00 0.00 0.06 0.73 1.00 1.00 1.00 1.00 0.92 0.47 0.17 0.00 0.00 0.17 0.53 0.97 0.67 0.03 0.00 0.00 
 