-1.00 -0.98 0.19 0.44 0.44 0.17 -0.98 -0.74 0.09 0.65 0.95 0.97 0.69 0.05 -0.84 -1.00 -1.00 -1.00 -1.00 -1.00 
 -1.00 -0.80 1.00 1.00 1.00 1.00 0.07 0.95 1.00 1.00 1.00 1.00 1.00 1.00 0.84 -0.48 -1.00 -1.00 -1.00 -1.00 
 -1.00 -0.79 1.00 1.00 1.00 1.00 0.99 0.40 -0.19 -0.36 0.00 0.84 1.00 1.00 1.00 0.94 -0.57 -1.00 -1.00 -1.00 
 -1.00 -0.79 1.00 1.00 1.00 1.00 -0.37 -1.00 -1.00 -1.00 -1.00 -0.81 0.65 1.00 1.00 1.00 0.72 -0.95 -1.00 -1.00 
 -1.00 -0.79 1.00 1.00 1.00 1.00 -0.70 -1.00 -1.00 -1.00 -1.00 -1.00 -0.69 0.95 1.00 1.00 1.00 -0.22 -1.00 -1.00 
 -1.00 -0.79 1.00 1.00 1.00 1.00 -0.70 -1.00 -1.00 -1.00 -1.00 -1.00 -1.00 0.26 1.00 1.00 1.00 0.49 -1.00 -1.00 
 -1.00 -0.79 1.00 1.00 1.00 1.00 -0.70 -1.00 -1.00 -1.00 -1.00 -1.00 -1.00 -0.35 1.00 1.00 1.00 0.93 -0.98 -1.00 
 -1.00 -0.79 1.00 1.00 1.00 1.00 -0.70 -1.00 -1.00 -1.00 -1.00 -1.00 -1.00 -0.65 1.00 1.00 1.00 1.00 -0.81 -1.00 
 -1.00 -0.79 1.00 1.00 1.00 1.00 -0.70 -1.00 -1.00 -1.00 -1.00 -1.00 -1.00 -0.68 1.00 1.00 1.00 1.00 -0.80 -1.00 
 -1.00 -0.79 1.00 1.00 1.00 1.00 -0.70 -1.00 -1.00 -1.00 -1.00 -1.00 -1.00 -0.43 1.00 1.00 1.00 0.96 -0.96 -1.00 
 -1.00 -0.79 1.00 1.00 1.00 1.00 -0.70 -1.00 -1.00 -1.00 -1.00 -1.00 -1.00 0.12 1.00 1.00 1.00 0.54 -1.00 -1.00 
 -1.00 -0.79 1.00 1.00 1.00 1.00 -0.70 -1.00 -1.00 -1.00 -1.00 -1.00 -0.83 0.88 1.00 1.00 1.00 -0.21 -1.00 -1.00 
 -1.00 -0.79 1.00 1.00 1.00 1.00 -0.53 -1.00 -1.00 -1.00 -1.00 -0.94 0.46 1.00 1.00 1.00 0.68 -0.95 -1.00 -1.00 
 -1.00 -0.79 1.00 1.00 1.00 1.00 0.83 -0.33 -0.95 -0.96 -0.47 0.60 1.00 1.00 1.00 0.88 -0.65 -1.00 -1.00 -1.00 
 -1.00 -0.79 1.00 1.00 1.00 1.00 0.72 1.00 0.98 0.97 1.00 1.00 1.00 1.00 0.76 -0.61 -1.00 -1.00 -1.00 -1.00 
 -1.00 -0.79 1.00 1.00 1.00 1.00 -0.63 0.10 0.92 1.00 1.00 1.00 0.78 -0.00 -0.90 -1.00 -1.00 -1.00 -1.00 -1.00 
 -1.00 -0.79 1.00 1.00 1.00 1.00 -0.70 -1.00 -0.91 -0.56 -0.50 -0.72 -0.99 -1.00 -1.00 -1.00 -1.00 -1.00 -1.00 -1.00 
 -1.00 -0.79 1.00 1.00 1.00 1.00 -0.70 -1.00 -1.00 -1.00 -1.00 -1.00 -1.00 -1.00 -1.00 -1.00 -1.00 -1.00 -1.00 -1.00 
 -1.00 -0.79 1.00 1.00 1.00 1.00 -0.70 -1.00 -1.00 -1.00 -1.00 -1.00 -1.00 -1.00 -1.00 -1.00 -1.00 -1.00 -1.00 -1.00 
 -1.00 -0.92 0.81 1.00 1.00 0.84 -0.88 -1.00 -1.00 -1.00 -1.00 -1.00 -1.00 -1.00 -1.00 -1.00 -1.00 -1.00 -1.00 -1.00 
 