-1.00 -1.00 -0.87 -0.50 -0.13 0.25 0.50 0.37 -0.55 0.26 0.80 0.99 0.87 0.43 -0.38 -0.99 -1.00 -1.00 -1.00 -1.00 
 -1.00 -0.75 1.00 1.00 1.00 1.00 1.00 1.00 1.00 1.00 1.00 1.00 1.00 1.00 1.00 0.35 -0.93 -1.00 -1.00 -1.00 
 -1.00 -0.73 1.00 1.00 1.00 1.00 1.00 1.00 1.00 0.90 0.46 0.66 1.00 1.00 1.00 1.00 0.35 -0.99 -1.00 -1.00 
 -1.00 -0.91 -0.23 0.58 1.00 1.00 1.00 1.00 0.43 -0.87 -1.00 -0.99 0.07 1.00 1.00 1.00 1.00 -0.35 -1.00 -1.00 
 -1.00 -1.00 -1.00 -0.58 1.00 1.00 1.00 1.00 -0.24 -1.00 -1.00 -1.00 -0.95 0.83 1.00 1.00 1.00 0.52 -1.00 -1.00 
 -1.00 -1.00 -1.00 -0.77 1.00 1.00 1.00 1.00 -0.24 -1.00 -1.00 -1.00 -1.00 0.32 1.00 1.00 1.00 0.98 -0.91 -1.00 
 -1.00 -1.00 -1.00 -0.77 1.00 1.00 1.00 1.00 -0.24 -1.00 -1.00 -1.00 -1.00 0.11 1.00 1.00 1.00 1.00 -0.69 -1.00 
 -1.00 -1.00 -1.00 -0.77 1.00 1.00 1.00 1.00 -0.24 -1.00 -1.00 -1.00 -1.00 0.11 1.00 1.00 1.00 1.00 -0.69 -1.00 
 -1.00 -1.00 -1.00 -0.77 1.00 1.00 1.00 1.00 -0.24 -1.00 -1.00 -1.00 -1.00 0.33 1.00 1.00 1.00 0.99 -0.89 -1.00 
 -1.00 -1.00 -1.00 -0.77 1.00 1.00 1.00 1.00 -0.24 -1.00 -1.00 -1.00 -0.96 0.82 1.00 1.00 1.00 0.65 -1.00 -1.00 
 -1.00 -1.00 -1.00 -0.77 1.00 1.00 1.00 1.00 -0.14 -1.00 -1.00 -1.00 -0.11 1.00 1.00 1.00 1.00 -0.08 -1.00 -1.00 
 -1.00 -1.00 -1.00 -0.77 1.00 1.00 1.00 1.00 0.97 0.29 -0.11 0.28 0.99 1.00 1.00 1.00 0.76 -0.91 -1.00 -1.00 
 -1.00 -1.00 -1.00 -0.77 1.00 1.00 1.00 1.00 1.00 1.00 1.00 1.00 1.00 1.00 1.00 0.87 -0.60 -1.00 -1.00 -1.00 
 -1.00 -1.00 -1.00 -0.77 1.00 1.00 1.00 1.00 0.69 0.95 1.00 1.00 1.00 1.00 0.46 -0.70 -1.00 -1.00 -1.00 -1.00 
 -1.00 -1.00 -1.00 -0.77 1.00 1.00 1.00 1.00 -0.24 -0.87 -0.40 -0.21 -0.30 -0.73 -1.00 -1.00 -1.00 -1.00 -1.00 -1.00 
 -1.00 -1.00 -1.00 -0.77 1.00 1.00 1.00 1.00 -0.23 -1.00 -1.00 -1.00 -1.00 -1.00 -1.00 -1.00 -1.00 -1.00 -1.00 -1.00 
 -1.00 -1.00 -1.00 -0.65 1.00 1.00 1.00 1.00 -0.11 -1.00 -1.00 -1.00 -1.00 -1.00 -1.00 -1.00 -1.00 -1.00 -1.00 -1.00 
 -1.00 -0.94 -0.29 0.53 1.00 1.00 1.00 1.00 0.79 -0.15 -0.80 -1.00 -1.00 -1.00 -1.00 -1.00 -1.00 -1.00 -1.00 -1.00 
 -1.00 -0.73 1.00 1.00 1.00 1.00 1.00 1.00 1.00 1.00 -0.20 -1.00 -1.00 -1.00 -1.00 -1.00 -1.00 -1.00 -1.00 -1.00 
 -1.00 -0.73 1.00 1.00 1.00 1.00 1.00 1.00 1.00 1.00 -0.20 -1.00 -1.00 -1.00 -1.00 -1.00 -1.00 -1.00 -1.00 -1.00 
 