0.00 0.00 0.69 1.00 1.00 1.00 1.00 1.00 1.00 1.00 1.00 0.98 0.88 0.69 0.36 0.02 0.00 0.00 0.00 0.00 
 0.00 0.00 0.93 1.00 1.00 1.00 1.00 1.00 1.00 1.00 1.00 1.00 1.00 1.00 1.00 0.82 0.14 0.00 0.00 0.00 
 0.00 0.00 0.93 1.00 1.00 1.00 0.60 0.48 0.48 0.48 0.51 0.65 0.94 1.00 1.00 1.00 0.86 0.05 0.00 0.00 
 0.00 0.00 0.93 1.00 1.00 1.00 0.23 0.00 0.00 0.00 0.00 0.00 0.08 0.81 1.00 1.00 1.00 0.45 0.00 0.00 
 0.00 0.00 0.93 1.00 1.00 1.00 0.23 0.00 0.00 0.00 0.00 0.00 0.00 0.29 1.00 1.00 1.00 0.75 0.00 0.00 
 0.00 0.00 0.93 1.00 1.00 1.00 0.23 0.00 0.00 0.00 0.00 0.00 0.00 0.11 1.00 1.00 1.00 0.90 0.00 0.00 
 0.00 0.00 0.93 1.00 1.00 1.00 0.23 0.00 0.00 0.00 0.00 0.00 0.00 0.09 1.00 1.00 1.00 0.92 0.00 0.00 
 0.00 0.00 0.93 1.00 1.00 1.00 0.23 0.00 0.00 0.00 0.00 0.00 0.00 0.18 1.00 1.00 1.00 0.83 0.00 0.00 
 0.00 0.00 0.93 1.00 1.00 1.00 0.23 0.00 0.00 0.00 0.00 0.00 0.00 0.53 1.00 1.00 1.00 0.59 0.00 0.00 
 0.00 0.00 0.93 1.00 1.00 1.00 0.24 0.01 0.01 0.01 0.03 0.18 0.55 0.99 1.00 1.00 0.98 0.16 0.00 0.00 
 0.00 0.00 0.93 1.00 1.00 1.00 1.00 1.00 1.00 1.00 1.00 1.00 1.00 1.00 1.00 0.98 0.36 0.00 0.00 0.00 
 0.00 0.00 0.93 1.00 1.00 1.00 1.00 1.00 1.00 1.00 1.00 1.00 1.00 0.96 0.67 0.19 0.00 0.00 0.00 0.00 
 0.00 0.00 0.93 1.00 1.00 1.00 0.52 0.29 0.29 0.29 0.29 0.27 0.17 0.02 0.00 0.00 0.00 0.00 0.00 0.00 
 0.00 0.00 0.93 1.00 1.00 1.00 0.33 0.00 0.00 0.00 0.00 0.00 0.00 0.00 0.00 0.00 0.00 0.00 0.00 0.00 
 0.00 0.00 0.93 1.00 1.00 1.00 0.33 0.00 0.00 0.00 0.00 0.00 0.00 0.00 0.00 0.00 0.00 0.00 0.00 0.00 
 0.00 0.00 0.93 1.00 1.00 1.00 0.33 0.00 0.00 0.00 0.00 0.00 0.00 0.00 0.00 0.00 0.00 0.00 0.00 0.00 
 0.00 0.00 0.93 1.00 1.00 1.00 0.33 0.00 0.00 0.00 0.00 0.00 0.00 0.00 0.00 0.00 0.00 0.00 0.00 0.00 
 0.00 0.00 0.93 1.00 1.00 1.00 0.33 0.00 0.00 0.00 0.00 0.00 0.00 0.00 0.00 0.00 0.00 0.00 0.00 0.00 
 0.00 0.00 0.93 1.00 1.00 1.00 0.32 0.00 0.00 0.00 0.00 0.00 0.00 0.00 0.00 0.00 0.00 0.00 0.00 0.00 
 0.00 0.00 0.69 1.00 1.00 0.94 0.15 0.00 0.00 0.00 0.00 0.00 0.00 0.00 0.00 0.00 0.00 0.00 0.00 0.00 
 