-1.00 -1.00 -1.00 0.10 0.53 0.53 0.44 -0.99 -0.25 0.63 0.97 0.91 0.45 -0.41 -1.00 -1.00 -1.00 -1.00 -1.00 -1.00 
 -1.00 -1.00 -1.00 0.44 1.00 1.00 0.89 -0.03 1.00 1.00 1.00 1.00 1.00 1.00 0.17 -0.99 -1.00 -1.00 -1.00 -1.00 
 -1.00 -1.00 -1.00 0.44 1.00 1.00 0.98 0.98 1.00 1.00 1.00 1.00 1.00 1.00 1.00 -0.16 -1.00 -1.00 -1.00 -1.00 
 -1.00 -1.00 -1.00 0.44 1.00 1.00 1.00 1.00 0.18 -0.73 -0.75 0.11 1.00 1.00 1.00 0.84 -0.93 -1.00 -1.00 -1.00 
 -1.00 -1.00 -1.00 0.44 1.00 1.00 1.00 0.36 -0.99 -1.00 -1.00 -1.00 0.29 1.00 1.00 1.00 -0.36 -1.00 -1.00 -1.00 
 -1.00 -1.00 -1.00 0.44 1.00 1.00 1.00 -0.53 -1.00 -1.00 -1.00 -1.00 -0.60 1.00 1.00 1.00 0.12 -1.00 -1.00 -1.00 
 -1.00 -1.00 -1.00 0.44 1.00 1.00 0.98 -0.95 -1.00 -1.00 -1.00 -1.00 -0.98 0.95 1.00 1.00 0.41 -1.00 -1.00 -1.00 
 -1.00 -1.00 -1.00 0.44 1.00 1.00 0.90 -1.00 -1.00 -1.00 -1.00 -1.00 -1.00 0.83 1.00 1.00 0.51 -1.00 -1.00 -1.00 
 -1.00 -1.00 -1.00 0.44 1.00 1.00 0.98 -0.95 -1.00 -1.00 -1.00 -1.00 -0.98 0.94 1.00 1.00 0.41 -1.00 -1.00 -1.00 
 -1.00 -1.00 -1.00 0.44 1.00 1.00 1.00 -0.52 -1.00 -1.00 -1.00 -1.00 -0.59 1.00 1.00 1.00 0.11 -1.00 -1.00 -1.00 
 -1.00 -1.00 -1.00 0.44 1.00 1.00 1.00 0.39 -0.99 -1.00 -1.00 -0.99 0.33 1.00 1.00 1.00 -0.40 -1.00 -1.00 -1.00 
 -1.00 -1.00 -1.00 0.44 1.00 1.00 1.00 1.00 0.23 -0.67 -0.69 0.20 1.00 1.00 1.00 0.76 -0.96 -1.00 -1.00 -1.00 
 -1.00 -1.00 -1.00 0.44 1.00 1.00 0.98 0.98 1.00 1.00 1.00 1.00 1.00 1.00 1.00 -0.36 -1.00 -1.00 -1.00 -1.00 
 -1.00 -1.00 -1.00 0.44 1.00 1.00 0.89 -0.04 1.00 1.00 1.00 1.00 1.00 0.99 -0.07 -1.00 -1.00 -1.00 -1.00 -1.00 
 -1.00 -1.00 -1.00 0.44 1.00 1.00 0.89 -0.99 -0.29 0.58 0.91 0.85 0.40 -0.52 -1.00 -1.00 -1.00 -1.00 -1.00 -1.00 
 -1.00 -1.00 -1.00 0.44 1.00 1.00 0.89 -1.00 -1.00 -1.00 -1.00 -1.00 -1.00 -1.00 -1.00 -1.00 -1.00 -1.00 -1.00 -1.00 
 -1.00 -1.00 -1.00 0.44 1.00 1.00 0.89 -1.00 -1.00 -1.00 -1.00 -1.00 -1.00 -1.00 -1.00 -1.00 -1.00 -1.00 -1.00 -1.00 
 -1.00 -1.00 -1.00 0.44 1.00 1.00 0.89 -1.00 -1.00 -1.00 -1.00 -1.00 -1.00 -1.00 -1.00 -1.00 -1.00 -1.00 -1.00 -1.00 
 -1.00 -1.00 -1.00 0.44 1.00 1.00 0.89 -1.00 -1.00 -1.00 -1.00 -1.00 -1.00 -1.00 -1.00 -1.00 -1.00 -1.00 -1.00 -1.00 
 -1.00 -1.00 -1.00 0.44 1.00 1.00 0.89 -1.00 -1.00 -1.00 -1.00 -1.00 -1.00 -1.00 -1.00 -1.00 -1.00 -1.00 -1.00 -1.00 
 