-1.00 -1.00 -1.00 -1.00 -1.00 -1.00 -0.11 0.86 0.91 0.15 -0.97 -0.63 0.38 0.92 0.90 0.21 -0.91 -1.00 -1.00 -1.00 
 -1.00 -1.00 -1.00 -1.00 -1.00 -0.35 1.00 0.95 0.93 1.00 0.42 0.95 1.00 0.87 0.92 1.00 0.39 -1.00 -1.00 -1.00 
 -1.00 -1.00 -1.00 -1.00 -0.99 0.65 1.00 -0.22 -0.18 1.00 1.00 0.99 -0.04 -0.96 -0.77 0.89 1.00 -0.59 -1.00 -1.00 
 -1.00 -1.00 -1.00 -1.00 -0.64 1.00 0.93 -0.92 -0.04 1.00 1.00 -0.02 -1.00 -1.00 -1.00 0.30 1.00 -0.07 -1.00 -1.00 
 -1.00 -1.00 -1.00 -1.00 -0.24 1.00 0.44 -1.00 0.46 1.00 0.61 -0.98 -1.00 -1.00 -1.00 0.09 1.00 0.12 -1.00 -1.00 
 -1.00 -1.00 -1.00 -1.00 -0.89 -0.21 -0.71 -0.95 0.91 1.00 -0.39 -1.00 -1.00 -1.00 -1.00 0.20 1.00 0.05 -1.00 -1.00 
 -1.00 -1.00 -1.00 -1.00 -1.00 -1.00 -1.00 -0.55 1.00 0.84 -0.97 -1.00 -1.00 -1.00 -1.00 0.57 1.00 -0.25 -1.00 -1.00 
 -1.00 -1.00 -1.00 -1.00 -1.00 -1.00 -1.00 -0.05 1.00 0.37 -1.00 -1.00 -1.00 -1.00 -0.80 0.98 1.00 -0.76 -1.00 -1.00 
 -1.00 -1.00 -1.00 -1.00 -1.00 -1.00 -1.00 0.45 1.00 0.13 -1.00 -1.00 -1.00 -1.00 0.04 1.00 0.51 -1.00 -1.00 -1.00 
 -1.00 -1.00 -1.00 -1.00 -1.00 -1.00 -0.95 0.91 1.00 0.18 -1.00 -1.00 -1.00 -0.71 0.93 1.00 -0.44 -1.00 -1.00 -1.00 
 -1.00 -1.00 -1.00 -1.00 -1.00 -1.00 -0.55 1.00 1.00 0.66 -0.99 -1.00 -0.83 0.66 1.00 0.33 -1.00 -1.00 -1.00 -1.00 
 -1.00 -1.00 -1.00 -1.00 -1.00 -1.00 -0.05 1.00 1.00 1.00 0.22 -0.07 0.79 1.00 0.61 -0.89 -1.00 -1.00 -1.00 -1.00 
 -1.00 -1.00 -1.00 -1.00 -1.00 -1.00 0.45 1.00 0.40 0.93 1.00 1.00 1.00 0.34 -0.87 -1.00 -1.00 -1.00 -1.00 -1.00 
 -1.00 -1.00 -1.00 -1.00 -1.00 -0.95 0.91 1.00 -0.65 -0.78 -0.15 -0.11 -0.62 -1.00 -1.00 -1.00 -1.00 -1.00 -1.00 -1.00 
 -1.00 -1.00 -1.00 -1.00 -1.00 -0.55 1.00 0.85 -0.98 -1.00 -1.00 -1.00 -1.00 -1.00 -1.00 -1.00 -1.00 -1.00 -1.00 -1.00 
 -1.00 -1.00 -1.00 -1.00 -1.00 -0.05 1.00 0.37 -1.00 -1.00 -1.00 -1.00 -1.00 -1.00 -1.00 -1.00 -1.00 -1.00 -1.00 -1.00 
 -1.00 -1.00 -1.00 -1.00 -1.00 0.45 1.00 -0.12 -1.00 -1.00 -1.00 -1.00 -1.00 -1.00 -1.00 -1.00 -1.00 -1.00 -1.00 -1.00 
 -1.00 -1.00 -1.00 -1.00 -0.95 0.91 1.00 -0.61 -1.00 -1.00 -1.00 -1.00 -1.00 -1.00 -1.00 -1.00 -1.00 -1.00 -1.00 -1.00 
 -1.00 -1.00 -0.51 0.58 0.68 1.00 1.00 0.65 0.61 -0.31 -1.00 -1.00 -1.00 -1.00 -1.00 -1.00 -1.00 -1.00 -1.00 -1.00 
 -1.00 -1.00 -0.20 1.00 1.00 1.00 1.00 1.00 1.00 -0.07 -1.00 -1.00 -1.00 -1.00 -1.00 -1.00 -1.00 -1.00 -1.00 -1.00 
 