-1.00 -1.00 -1.00 -1.00 -0.79 -0.18 0.10 0.38 0.67 0.04 -1.00 -0.38 0.50 0.88 0.86 0.35 -0.75 -1.00 -1.00 -1.00 
 -1.00 -1.00 -1.00 -1.00 -0.88 -0.65 0.22 1.00 1.00 -0.46 0.14 0.35 -0.20 0.04 0.95 1.00 0.74 -0.91 -1.00 -1.00 
 -1.00 -1.00 -1.00 -1.00 -1.00 -1.00 -0.28 1.00 0.91 0.06 -0.36 -1.00 -1.00 -1.00 0.00 1.00 1.00 -0.27 -1.00 -1.00 
 -1.00 -1.00 -1.00 -1.00 -1.00 -1.00 0.19 1.00 0.89 -0.17 -1.00 -1.00 -1.00 -1.00 -0.44 1.00 1.00 0.07 -1.00 -1.00 
 -1.00 -1.00 -1.00 -1.00 -1.00 -1.00 0.68 1.00 0.65 -0.98 -1.00 -1.00 -1.00 -1.00 -0.46 1.00 1.00 0.07 -1.00 -1.00 
 -1.00 -1.00 -1.00 -1.00 -1.00 -0.81 1.00 1.00 -0.15 -1.00 -1.00 -1.00 -1.00 -1.00 -0.23 1.00 1.00 -0.20 -1.00 -1.00 
 -1.00 -1.00 -1.00 -1.00 -1.00 -0.30 1.00 0.98 -0.82 -1.00 -1.00 -1.00 -1.00 -1.00 0.20 1.00 1.00 -0.70 -1.00 -1.00 
 -1.00 -1.00 -1.00 -1.00 -1.00 0.21 1.00 0.51 -1.00 -1.00 -1.00 -1.00 -1.00 -0.98 0.78 1.00 0.56 -1.00 -1.00 -1.00 
 -1.00 -1.00 -1.00 -1.00 -1.00 0.73 1.00 -0.07 -1.00 -1.00 -1.00 -1.00 -1.00 -0.43 1.00 1.00 -0.41 -1.00 -1.00 -1.00 
 -1.00 -1.00 -1.00 -1.00 -0.75 1.00 1.00 -0.62 -1.00 -1.00 -1.00 -1.00 -0.99 0.53 1.00 0.36 -1.00 -1.00 -1.00 -1.00 
 -1.00 -1.00 -1.00 -1.00 -0.22 1.00 0.86 -0.98 -1.00 -1.00 -1.00 -1.00 -0.28 1.00 0.69 -0.87 -1.00 -1.00 -1.00 -1.00 
 -1.00 -1.00 -1.00 -1.00 0.31 1.00 0.46 -1.00 -1.00 -1.00 -1.00 -0.63 0.90 0.70 -0.76 -1.00 -1.00 -1.00 -1.00 -1.00 
 -1.00 -1.00 -1.00 -0.98 0.84 1.00 0.34 -1.00 -1.00 -1.00 -0.44 0.85 0.34 -0.87 -1.00 -1.00 -1.00 -1.00 -1.00 -1.00 
 -1.00 -1.00 -1.00 -0.63 1.00 1.00 0.55 0.22 0.07 0.44 0.36 -0.49 -1.00 -1.00 -1.00 -1.00 -1.00 -1.00 -1.00 -1.00 
 -1.00 -1.00 -1.00 -0.11 1.00 0.86 -0.98 -0.91 -0.82 -0.98 -1.00 -1.00 -1.00 -1.00 -1.00 -1.00 -1.00 -1.00 -1.00 -1.00 
 -1.00 -1.00 -1.00 0.40 1.00 0.38 -1.00 -1.00 -1.00 -1.00 -1.00 -1.00 -1.00 -1.00 -1.00 -1.00 -1.00 -1.00 -1.00 -1.00 
 -1.00 -1.00 -0.97 0.89 1.00 -0.09 -1.00 -1.00 -1.00 -1.00 -1.00 -1.00 -1.00 -1.00 -1.00 -1.00 -1.00 -1.00 -1.00 -1.00 
 -1.00 -1.00 -0.59 1.00 1.00 -0.52 -1.00 -1.00 -1.00 -1.00 -1.00 -1.00 -1.00 -1.00 -1.00 -1.00 -1.00 -1.00 -1.00 -1.00 
 -1.00 -1.00 0.00 1.00 1.00 -0.86 -1.00 -1.00 -1.00 -1.00 -1.00 -1.00 -1.00 -1.00 -1.00 -1.00 -1.00 -1.00 -1.00 -1.00 
 -0.73 0.01 0.92 1.00 1.00 0.23 -0.27 -0.98 -1.00 -1.00 -1.00 -1.00 -1.00 -1.00 -1.00 -1.00 -1.00 -1.00 -1.00 -1.00 
 