-1.00 -1.00 -1.00 -1.00 -0.61 0.31 -0.11 -1.00 -0.85 -0.07 0.53 0.88 1.00 0.88 0.49 -0.23 -0.97 -1.00 -1.00 -1.00 
 -1.00 -1.00 -1.00 -1.00 -0.09 1.00 0.06 -0.27 0.87 1.00 0.96 0.70 0.68 0.95 1.00 1.00 0.57 -0.83 -1.00 -1.00 
 -1.00 -1.00 -1.00 -1.00 0.28 1.00 0.54 1.00 0.73 -0.25 -0.91 -1.00 -1.00 -0.92 -0.18 0.90 1.00 0.54 -0.98 -1.00 
 -1.00 -1.00 -1.00 -1.00 0.65 1.00 1.00 0.29 -0.92 -1.00 -1.00 -1.00 -1.00 -1.00 -1.00 -0.57 0.95 1.00 -0.32 -1.00 
 -1.00 -1.00 -1.00 -0.94 0.97 1.00 0.34 -0.98 -1.00 -1.00 -1.00 -1.00 -1.00 -1.00 -1.00 -1.00 0.15 1.00 0.36 -1.00 
 -1.00 -1.00 -1.00 -0.61 1.00 0.85 -0.87 -1.00 -1.00 -1.00 -1.00 -1.00 -1.00 -1.00 -1.00 -1.00 -0.47 1.00 0.70 -1.00 
 -1.00 -1.00 -1.00 -0.24 1.00 0.07 -1.00 -1.00 -1.00 -1.00 -1.00 -1.00 -1.00 -1.00 -1.00 -1.00 -0.65 1.00 0.76 -1.00 
 -1.00 -1.00 -1.00 0.13 1.00 -0.48 -1.00 -1.00 -1.00 -1.00 -1.00 -1.00 -1.00 -1.00 -1.00 -1.00 -0.46 1.00 0.58 -1.00 
 -1.00 -1.00 -1.00 0.51 1.00 -0.73 -1.00 -1.00 -1.00 -1.00 -1.00 -1.00 -1.00 -1.00 -1.00 -1.00 0.05 1.00 0.12 -1.00 
 -1.00 -1.00 -0.99 0.87 1.00 -0.66 -1.00 -1.00 -1.00 -1.00 -1.00 -1.00 -1.00 -1.00 -1.00 -0.93 0.80 1.00 -0.61 -1.00 
 -1.00 -1.00 -0.76 1.00 1.00 -0.17 -1.00 -1.00 -1.00 -1.00 -1.00 -1.00 -1.00 -1.00 -1.00 0.07 1.00 0.37 -1.00 -1.00 
 -1.00 -1.00 -0.39 1.00 1.00 0.76 -0.87 -1.00 -1.00 -1.00 -1.00 -1.00 -1.00 -0.99 -0.14 1.00 0.82 -0.80 -1.00 -1.00 
 -1.00 -1.00 -0.01 1.00 0.74 1.00 0.61 -0.69 -1.00 -1.00 -1.00 -1.00 -0.73 0.32 1.00 0.85 -0.61 -1.00 -1.00 -1.00 
 -1.00 -1.00 0.36 1.00 -0.36 0.45 1.00 0.98 0.50 0.17 0.21 0.56 0.98 1.00 0.58 -0.72 -1.00 -1.00 -1.00 -1.00 
 -1.00 -1.00 0.73 1.00 -0.76 -0.95 0.00 0.85 1.00 1.00 1.00 0.98 0.55 -0.29 -0.98 -1.00 -1.00 -1.00 -1.00 -1.00 
 -1.00 -0.89 0.99 0.86 -0.99 -1.00 -1.00 -0.97 -0.67 -0.51 -0.58 -0.87 -1.00 -1.00 -1.00 -1.00 -1.00 -1.00 -1.00 -1.00 
 -1.00 -0.53 1.00 0.49 -1.00 -1.00 -1.00 -1.00 -1.00 -1.00 -1.00 -1.00 -1.00 -1.00 -1.00 -1.00 -1.00 -1.00 -1.00 -1.00 
 -1.00 -0.16 1.00 0.12 -1.00 -1.00 -1.00 -1.00 -1.00 -1.00 -1.00 -1.00 -1.00 -1.00 -1.00 -1.00 -1.00 -1.00 -1.00 -1.00 
 -1.00 0.21 1.00 -0.25 -1.00 -1.00 -1.00 -1.00 -1.00 -1.00 -1.00 -1.00 -1.00 -1.00 -1.00 -1.00 -1.00 -1.00 -1.00 -1.00 
 -1.00 0.58 1.00 -0.62 -1.00 -1.00 -1.00 -1.00 -1.00 -1.00 -1.00 -1.00 -1.00 -1.00 -1.00 -1.00 -1.00 -1.00 -1.00 -1.00 
 