0.00 0.15 0.27 0.15 0.02 0.15 0.37 0.18 0.00 0.06 0.39 0.76 0.98 0.98 0.84 0.57 0.21 0.00 0.00 0.00 
 0.00 0.80 1.00 1.00 0.88 0.98 1.00 0.57 0.06 0.80 0.98 0.84 0.72 0.80 0.96 1.00 0.98 0.53 0.04 0.00 
 0.00 0.13 0.43 0.69 0.98 1.00 1.00 0.57 0.02 0.33 0.18 0.00 0.00 0.00 0.27 0.92 1.00 1.00 0.62 0.00 
 0.00 0.00 0.00 0.00 0.65 1.00 1.00 0.57 0.00 0.00 0.00 0.00 0.00 0.00 0.00 0.25 0.96 1.00 0.98 0.31 
 0.00 0.00 0.00 0.00 0.57 1.00 1.00 0.57 0.00 0.00 0.00 0.00 0.00 0.00 0.00 0.00 0.53 1.00 1.00 0.80 
 0.00 0.00 0.00 0.00 0.55 1.00 1.00 0.57 0.00 0.00 0.00 0.00 0.00 0.00 0.00 0.00 0.21 1.00 1.00 1.00 
 0.00 0.00 0.00 0.00 0.43 1.00 1.00 0.57 0.00 0.00 0.00 0.00 0.00 0.00 0.00 0.00 0.15 1.00 1.00 1.00 
 0.00 0.00 0.00 0.00 0.43 1.00 1.00 0.57 0.00 0.00 0.00 0.00 0.00 0.00 0.00 0.00 0.15 1.00 1.00 1.00 
 0.00 0.00 0.00 0.00 0.43 1.00 1.00 0.57 0.00 0.00 0.00 0.00 0.00 0.00 0.00 0.00 0.18 1.00 1.00 1.00 
 0.00 0.00 0.00 0.00 0.43 1.00 1.00 0.67 0.00 0.00 0.00 0.00 0.00 0.00 0.00 0.00 0.47 1.00 1.00 0.92 
 0.00 0.00 0.00 0.00 0.43 1.00 1.00 0.90 0.06 0.00 0.00 0.00 0.00 0.00 0.00 0.13 0.92 1.00 1.00 0.45 
 0.00 0.00 0.00 0.00 0.43 1.00 1.00 1.00 0.64 0.04 0.00 0.00 0.00 0.00 0.13 0.74 1.00 1.00 0.74 0.02 
 0.00 0.00 0.00 0.00 0.43 1.00 1.00 0.94 0.98 0.76 0.25 0.15 0.16 0.43 0.90 1.00 1.00 0.76 0.06 0.00 
 0.00 0.00 0.00 0.00 0.43 1.00 1.00 0.57 0.31 0.80 1.00 1.00 1.00 1.00 1.00 0.94 0.55 0.04 0.00 0.00 
 0.00 0.00 0.00 0.00 0.43 1.00 1.00 0.57 0.00 0.02 0.25 0.47 0.57 0.55 0.37 0.11 0.00 0.00 0.00 0.00 
 0.00 0.00 0.00 0.00 0.43 1.00 1.00 0.55 0.00 0.00 0.00 0.00 0.00 0.00 0.00 0.00 0.00 0.00 0.00 0.00 
 0.00 0.00 0.00 0.00 0.55 1.00 1.00 0.41 0.00 0.00 0.00 0.00 0.00 0.00 0.00 0.00 0.00 0.00 0.00 0.00 
 0.00 0.00 0.00 0.00 0.62 1.00 1.00 0.25 0.00 0.00 0.00 0.00 0.00 0.00 0.00 0.00 0.00 0.00 0.00 0.00 
 0.00 0.00 0.00 0.04 0.86 1.00 0.84 0.02 0.00 0.00 0.00 0.00 0.00 0.00 0.00 0.00 0.00 0.00 0.00 0.00 
 0.00 0.00 0.00 0.45 1.00 0.98 0.35 0.00 0.00 0.00 0.00 0.00 0.00 0.00 0.00 0.00 0.00 0.00 0.00 0.00 
 