0.00 0.00 0.00 0.56 1.00 1.00 1.00 1.00 1.00 1.00 1.00 1.00 0.93 0.73 0.38 0.04 0.00 0.00 0.00 0.00 
 0.00 0.00 0.00 0.56 1.00 1.00 1.00 1.00 1.00 1.00 1.00 1.00 1.00 1.00 1.00 0.78 0.09 0.00 0.00 0.00 
 0.00 0.00 0.00 0.56 1.00 1.00 1.00 1.00 1.00 1.00 1.00 1.00 1.00 1.00 1.00 1.00 0.74 0.02 0.00 0.00 
 0.00 0.00 0.00 0.56 1.00 1.00 1.00 0.51 0.45 0.45 0.45 0.48 0.72 0.99 1.00 1.00 1.00 0.30 0.00 0.00 
 0.00 0.00 0.00 0.56 1.00 1.00 1.00 0.11 0.00 0.00 0.00 0.00 0.00 0.48 1.00 1.00 1.00 0.63 0.00 0.00 
 0.00 0.00 0.00 0.56 1.00 1.00 1.00 0.11 0.00 0.00 0.00 0.00 0.00 0.06 0.94 1.00 1.00 0.82 0.00 0.00 
 0.00 0.00 0.00 0.56 1.00 1.00 1.00 0.11 0.00 0.00 0.00 0.00 0.00 0.00 0.78 1.00 1.00 0.89 0.00 0.00 
 0.00 0.00 0.00 0.56 1.00 1.00 1.00 0.11 0.00 0.00 0.00 0.00 0.00 0.00 0.82 1.00 1.00 0.87 0.00 0.00 
 0.00 0.00 0.00 0.56 1.00 1.00 1.00 0.11 0.00 0.00 0.00 0.00 0.00 0.11 0.98 1.00 1.00 0.73 0.00 0.00 
 0.00 0.00 0.00 0.56 1.00 1.00 1.00 0.11 0.00 0.00 0.00 0.00 0.03 0.62 1.00 1.00 1.00 0.48 0.00 0.00 
 0.00 0.00 0.00 0.56 1.00 1.00 1.00 0.61 0.56 0.56 0.56 0.58 0.83 1.00 1.00 1.00 0.94 0.11 0.00 0.00 
 0.00 0.00 0.00 0.56 1.00 1.00 1.00 1.00 1.00 1.00 1.00 1.00 1.00 1.00 1.00 0.99 0.48 0.00 0.00 0.00 
 0.00 0.00 0.00 0.56 1.00 1.00 1.00 1.00 1.00 1.00 1.00 1.00 1.00 1.00 0.98 0.52 0.00 0.00 0.00 0.00 
 0.00 0.00 0.00 0.56 1.00 1.00 1.00 0.90 0.89 0.89 0.89 0.89 0.83 0.62 0.21 0.00 0.00 0.00 0.00 0.00 
 0.00 0.00 0.00 0.56 1.00 1.00 1.00 0.11 0.00 0.00 0.00 0.00 0.00 0.00 0.00 0.00 0.00 0.00 0.00 0.00 
 0.00 0.00 0.00 0.56 1.00 1.00 1.00 0.11 0.00 0.00 0.00 0.00 0.00 0.00 0.00 0.00 0.00 0.00 0.00 0.00 
 0.00 0.00 0.00 0.56 1.00 1.00 1.00 0.11 0.00 0.00 0.00 0.00 0.00 0.00 0.00 0.00 0.00 0.00 0.00 0.00 
 0.00 0.00 0.00 0.56 1.00 1.00 1.00 0.11 0.00 0.00 0.00 0.00 0.00 0.00 0.00 0.00 0.00 0.00 0.00 0.00 
 0.00 0.00 0.00 0.56 1.00 1.00 1.00 0.11 0.00 0.00 0.00 0.00 0.00 0.00 0.00 0.00 0.00 0.00 0.00 0.00 
 0.00 0.00 0.00 0.56 1.00 1.00 1.00 0.11 0.00 0.00 0.00 0.00 0.00 0.00 0.00 0.00 0.00 0.00 0.00 0.00 
 