0.00 0.00 0.00 0.33 0.88 0.88 0.88 0.91 1.00 1.00 1.00 1.00 0.96 0.82 0.56 0.20 0.00 0.00 0.00 0.00 
 0.00 0.00 0.00 0.31 1.00 1.00 1.00 1.00 1.00 1.00 1.00 1.00 1.00 1.00 1.00 0.99 0.55 0.03 0.00 0.00 
 0.00 0.00 0.00 0.25 1.00 1.00 0.74 0.38 0.28 0.25 0.25 0.38 0.58 0.86 1.00 1.00 1.00 0.56 0.00 0.00 
 0.00 0.00 0.00 0.25 1.00 1.00 0.50 0.00 0.00 0.00 0.00 0.00 0.00 0.03 0.58 1.00 1.00 0.96 0.13 0.00 
 0.00 0.00 0.00 0.25 1.00 1.00 0.50 0.00 0.00 0.00 0.00 0.00 0.00 0.00 0.02 0.74 1.00 1.00 0.39 0.00 
 0.00 0.00 0.00 0.17 1.00 1.00 0.52 0.00 0.00 0.00 0.00 0.00 0.00 0.00 0.00 0.36 1.00 1.00 0.50 0.00 
 0.00 0.00 0.00 0.13 1.00 1.00 0.63 0.00 0.00 0.00 0.00 0.00 0.00 0.00 0.00 0.25 1.00 1.00 0.45 0.00 
 0.00 0.00 0.00 0.13 1.00 1.00 0.63 0.00 0.00 0.00 0.00 0.00 0.00 0.00 0.00 0.36 1.00 1.00 0.28 0.00 
 0.00 0.00 0.00 0.13 1.00 1.00 0.63 0.00 0.00 0.00 0.00 0.00 0.00 0.00 0.02 0.75 1.00 0.89 0.03 0.00 
 0.00 0.00 0.00 0.13 1.00 1.00 0.63 0.00 0.00 0.00 0.00 0.00 0.00 0.08 0.60 1.00 0.99 0.44 0.00 0.00 
 0.00 0.00 0.00 0.13 1.00 1.00 0.67 0.13 0.13 0.13 0.13 0.27 0.53 0.91 1.00 0.99 0.61 0.00 0.00 0.00 
 0.00 0.00 0.00 0.13 1.00 1.00 1.00 1.00 1.00 1.00 1.00 1.00 1.00 1.00 0.89 0.39 0.00 0.00 0.00 0.00 
 0.00 0.00 0.00 0.13 1.00 1.00 1.00 1.00 1.00 1.00 0.99 0.88 0.71 0.38 0.05 0.00 0.00 0.00 0.00 0.00 
 0.00 0.00 0.00 0.13 1.00 1.00 0.72 0.25 0.25 0.22 0.11 0.00 0.00 0.00 0.00 0.00 0.00 0.00 0.00 0.00 
 0.00 0.00 0.00 0.13 1.00 1.00 0.63 0.00 0.00 0.00 0.00 0.00 0.00 0.00 0.00 0.00 0.00 0.00 0.00 0.00 
 0.00 0.00 0.00 0.13 1.00 1.00 0.63 0.00 0.00 0.00 0.00 0.00 0.00 0.00 0.00 0.00 0.00 0.00 0.00 0.00 
 0.00 0.00 0.00 0.17 1.00 1.00 0.63 0.00 0.00 0.00 0.00 0.00 0.00 0.00 0.00 0.00 0.00 0.00 0.00 0.00 
 0.00 0.00 0.00 0.25 1.00 1.00 0.72 0.00 0.00 0.00 0.00 0.00 0.00 0.00 0.00 0.00 0.00 0.00 0.00 0.00 
 0.00 0.00 0.00 0.25 1.00 1.00 0.75 0.00 0.00 0.00 0.00 0.00 0.00 0.00 0.00 0.00 0.00 0.00 0.00 0.00 
 0.00 0.00 0.00 0.25 1.00 1.00 0.75 0.00 0.00 0.00 0.00 0.00 0.00 0.00 0.00 0.00 0.00 0.00 0.00 0.00 
 