0.00 0.07 0.71 0.84 0.99 1.00 0.99 0.82 0.70 0.70 0.70 0.70 0.75 0.84 0.70 0.30 0.01 0.00 0.00 0.00 
 0.00 0.00 0.00 0.00 0.55 1.00 0.69 0.00 0.00 0.00 0.00 0.00 0.00 0.04 0.52 0.99 0.59 0.01 0.00 0.00 
 0.00 0.00 0.00 0.00 0.30 1.00 0.50 0.00 0.00 0.00 0.00 0.00 0.00 0.00 0.00 0.54 1.00 0.42 0.00 0.00 
 0.00 0.00 0.00 0.00 0.30 1.00 0.50 0.00 0.00 0.00 0.00 0.00 0.00 0.00 0.00 0.10 0.98 0.85 0.00 0.00 
 0.00 0.00 0.00 0.00 0.30 1.00 0.50 0.00 0.00 0.00 0.00 0.00 0.00 0.00 0.00 0.00 0.83 0.97 0.07 0.00 
 0.00 0.00 0.00 0.00 0.30 1.00 0.50 0.00 0.00 0.00 0.00 0.00 0.00 0.00 0.00 0.00 0.82 0.99 0.09 0.00 
 0.00 0.00 0.00 0.00 0.30 1.00 0.50 0.00 0.00 0.00 0.00 0.00 0.00 0.00 0.00 0.08 0.97 0.89 0.00 0.00 
 0.00 0.00 0.00 0.00 0.30 1.00 0.50 0.00 0.00 0.00 0.00 0.00 0.00 0.00 0.00 0.41 1.00 0.63 0.00 0.00 
 0.00 0.00 0.00 0.00 0.30 1.00 0.50 0.00 0.00 0.00 0.00 0.00 0.00 0.00 0.18 0.94 0.91 0.12 0.00 0.00 
 0.00 0.00 0.00 0.00 0.30 1.00 0.55 0.10 0.10 0.10 0.10 0.10 0.16 0.46 0.93 0.83 0.19 0.00 0.00 0.00 
 0.00 0.00 0.00 0.00 0.30 1.00 0.85 0.70 0.70 0.70 0.70 0.70 0.68 0.56 0.31 0.02 0.00 0.00 0.00 0.00 
 0.00 0.00 0.00 0.00 0.30 1.00 0.50 0.00 0.00 0.00 0.00 0.00 0.00 0.00 0.00 0.00 0.00 0.00 0.00 0.00 
 0.00 0.00 0.00 0.00 0.30 1.00 0.50 0.00 0.00 0.00 0.00 0.00 0.00 0.00 0.00 0.00 0.00 0.00 0.00 0.00 
 0.00 0.00 0.00 0.00 0.30 1.00 0.50 0.00 0.00 0.00 0.00 0.00 0.00 0.00 0.00 0.00 0.00 0.00 0.00 0.00 
 0.00 0.00 0.00 0.00 0.30 1.00 0.50 0.00 0.00 0.00 0.00 0.00 0.00 0.00 0.00 0.00 0.00 0.00 0.00 0.00 
 0.00 0.00 0.00 0.00 0.30 1.00 0.50 0.00 0.00 0.00 0.00 0.00 0.00 0.00 0.00 0.00 0.00 0.00 0.00 0.00 
 0.00 0.00 0.00 0.00 0.30 1.00 0.50 0.00 0.00 0.00 0.00 0.00 0.00 0.00 0.00 0.00 0.00 0.00 0.00 0.00 
 0.00 0.00 0.00 0.00 0.31 1.00 0.51 0.00 0.00 0.00 0.00 0.00 0.00 0.00 0.00 0.00 0.00 0.00 0.00 0.00 
 0.00 0.00 0.00 0.01 0.56 1.00 0.74 0.02 0.00 0.00 0.00 0.00 0.00 0.00 0.00 0.00 0.00 0.00 0.00 0.00 
 0.00 0.05 0.52 0.71 1.00 1.00 1.00 0.80 0.55 0.20 0.00 0.00 0.00 0.00 0.00 0.00 0.00 0.00 0.00 0.00 
 