0.00 0.00 0.00 0.50 1.00 1.00 1.00 1.00 1.00 1.00 0.94 0.82 0.59 0.24 0.01 0.00 0.00 0.00 0.00 0.00 
 0.00 0.00 0.00 0.50 1.00 1.00 1.00 1.00 1.00 1.00 1.00 1.00 1.00 1.00 0.67 0.07 0.00 0.00 0.00 0.00 
 0.00 0.00 0.00 0.50 1.00 1.00 0.44 0.30 0.30 0.30 0.40 0.62 0.94 1.00 1.00 0.74 0.02 0.00 0.00 0.00 
 0.00 0.00 0.00 0.50 1.00 1.00 0.20 0.00 0.00 0.00 0.00 0.00 0.12 0.85 1.00 1.00 0.39 0.00 0.00 0.00 
 0.00 0.00 0.00 0.50 1.00 1.00 0.20 0.00 0.00 0.00 0.00 0.00 0.00 0.24 1.00 1.00 0.72 0.00 0.00 0.00 
 0.00 0.00 0.00 0.50 1.00 1.00 0.20 0.00 0.00 0.00 0.00 0.00 0.00 0.05 0.95 1.00 0.88 0.00 0.00 0.00 
 0.00 0.00 0.00 0.50 1.00 1.00 0.20 0.00 0.00 0.00 0.00 0.00 0.00 0.01 0.91 1.00 0.89 0.00 0.00 0.00 
 0.00 0.00 0.00 0.50 1.00 1.00 0.20 0.00 0.00 0.00 0.00 0.00 0.00 0.12 1.00 1.00 0.75 0.00 0.00 0.00 
 0.00 0.00 0.00 0.50 1.00 1.00 0.20 0.00 0.00 0.00 0.00 0.00 0.00 0.51 1.00 1.00 0.48 0.00 0.00 0.00 
 0.00 0.00 0.00 0.50 1.00 1.00 0.20 0.00 0.00 0.00 0.00 0.03 0.43 0.99 1.00 0.90 0.08 0.00 0.00 0.00 
 0.00 0.00 0.00 0.50 1.00 1.00 0.60 0.50 0.50 0.52 0.65 0.89 1.00 1.00 0.95 0.27 0.00 0.00 0.00 0.00 
 0.00 0.00 0.00 0.50 1.00 1.00 1.00 1.00 1.00 1.00 1.00 1.00 1.00 0.81 0.23 0.00 0.00 0.00 0.00 0.00 
 0.00 0.00 0.00 0.50 1.00 1.00 0.84 0.80 0.80 0.80 0.72 0.56 0.29 0.01 0.00 0.00 0.00 0.00 0.00 0.00 
 0.00 0.00 0.00 0.50 1.00 1.00 0.20 0.00 0.00 0.00 0.00 0.00 0.00 0.00 0.00 0.00 0.00 0.00 0.00 0.00 
 0.00 0.00 0.00 0.50 1.00 1.00 0.20 0.00 0.00 0.00 0.00 0.00 0.00 0.00 0.00 0.00 0.00 0.00 0.00 0.00 
 0.00 0.00 0.00 0.50 1.00 1.00 0.20 0.00 0.00 0.00 0.00 0.00 0.00 0.00 0.00 0.00 0.00 0.00 0.00 0.00 
 0.00 0.00 0.00 0.50 1.00 1.00 0.20 0.00 0.00 0.00 0.00 0.00 0.00 0.00 0.00 0.00 0.00 0.00 0.00 0.00 
 0.00 0.00 0.00 0.50 1.00 1.00 0.20 0.00 0.00 0.00 0.00 0.00 0.00 0.00 0.00 0.00 0.00 0.00 0.00 0.00 
 0.00 0.00 0.00 0.50 1.00 1.00 0.20 0.00 0.00 0.00 0.00 0.00 0.00 0.00 0.00 0.00 0.00 0.00 0.00 0.00 
 0.00 0.00 0.00 0.50 1.00 1.00 0.20 0.00 0.00 0.00 0.00 0.00 0.00 0.00 0.00 0.00 0.00 0.00 0.00 0.00 
 