0.00 0.00 0.00 0.00 0.00 0.11 0.84 0.94 0.18 0.00 0.00 0.00 0.18 0.55 0.65 0.40 0.02 0.00 0.00 0.00 
 0.00 0.00 0.00 0.00 0.00 0.44 1.00 1.00 0.47 0.00 0.02 0.52 0.99 1.00 1.00 1.00 0.64 0.00 0.00 0.00 
 0.00 0.00 0.00 0.00 0.00 0.50 1.00 1.00 0.47 0.04 0.68 1.00 1.00 0.93 1.00 1.00 1.00 0.18 0.00 0.00 
 0.00 0.00 0.00 0.00 0.00 0.50 1.00 1.00 0.36 0.61 1.00 0.97 0.43 0.02 0.64 1.00 1.00 0.33 0.00 0.00 
 0.00 0.00 0.00 0.00 0.00 0.52 1.00 1.00 0.58 1.00 0.97 0.31 0.00 0.00 0.51 1.00 1.00 0.29 0.00 0.00 
 0.00 0.00 0.00 0.00 0.00 0.58 1.00 1.00 0.97 1.00 0.40 0.00 0.00 0.00 0.67 1.00 0.99 0.12 0.00 0.00 
 0.00 0.00 0.00 0.00 0.00 0.64 1.00 1.00 1.00 0.62 0.00 0.00 0.00 0.07 0.95 1.00 0.83 0.00 0.00 0.00 
 0.00 0.00 0.00 0.00 0.00 0.71 1.00 1.00 0.90 0.06 0.00 0.00 0.00 0.52 1.00 1.00 0.42 0.00 0.00 0.00 
 0.00 0.00 0.00 0.00 0.00 0.79 1.00 1.00 0.45 0.00 0.00 0.00 0.24 0.98 1.00 0.82 0.03 0.00 0.00 0.00 
 0.00 0.00 0.00 0.00 0.01 0.91 1.00 1.00 0.14 0.00 0.00 0.16 0.91 1.00 0.95 0.19 0.00 0.00 0.00 0.00 
 0.00 0.00 0.00 0.00 0.09 1.00 1.00 1.00 0.37 0.09 0.35 0.92 1.00 0.95 0.29 0.00 0.00 0.00 0.00 0.00 
 0.00 0.00 0.00 0.00 0.16 1.00 1.00 1.00 1.00 1.00 1.00 1.00 0.90 0.24 0.00 0.00 0.00 0.00 0.00 0.00 
 0.00 0.00 0.00 0.00 0.31 1.00 1.00 0.76 1.00 1.00 0.95 0.58 0.09 0.00 0.00 0.00 0.00 0.00 0.00 0.00 
 0.00 0.00 0.00 0.00 0.49 1.00 0.94 0.03 0.21 0.22 0.04 0.00 0.00 0.00 0.00 0.00 0.00 0.00 0.00 0.00 
 0.00 0.00 0.00 0.00 0.67 1.00 0.85 0.00 0.00 0.00 0.00 0.00 0.00 0.00 0.00 0.00 0.00 0.00 0.00 0.00 
 0.00 0.00 0.00 0.01 0.87 1.00 0.73 0.00 0.00 0.00 0.00 0.00 0.00 0.00 0.00 0.00 0.00 0.00 0.00 0.00 
 0.00 0.00 0.00 0.12 1.00 1.00 0.61 0.00 0.00 0.00 0.00 0.00 0.00 0.00 0.00 0.00 0.00 0.00 0.00 0.00 
 0.00 0.00 0.00 0.33 1.00 1.00 0.47 0.00 0.00 0.00 0.00 0.00 0.00 0.00 0.00 0.00 0.00 0.00 0.00 0.00 
 0.00 0.00 0.00 0.54 1.00 1.00 0.35 0.00 0.00 0.00 0.00 0.00 0.00 0.00 0.00 0.00 0.00 0.00 0.00 0.00 
 0.00 0.00 0.00 0.66 1.00 1.00 0.20 0.00 0.00 0.00 0.00 0.00 0.00 0.00 0.00 0.00 0.00 0.00 0.00 0.00 
 