0.00 0.00 0.00 0.02 0.19 0.49 0.82 0.14 0.27 0.64 0.88 1.00 1.00 0.88 0.64 0.25 0.00 0.00 0.00 0.00 
 0.00 0.00 0.14 0.72 1.00 1.00 1.00 0.63 0.85 0.49 0.30 0.25 0.36 0.67 0.97 0.99 0.53 0.02 0.00 0.00 
 0.00 0.00 0.00 0.03 0.41 1.00 1.00 0.72 0.05 0.00 0.00 0.00 0.00 0.00 0.28 0.94 1.00 0.52 0.00 0.00 
 0.00 0.00 0.00 0.00 0.13 1.00 1.00 0.14 0.00 0.00 0.00 0.00 0.00 0.00 0.00 0.36 1.00 0.97 0.20 0.00 
 0.00 0.00 0.00 0.00 0.13 1.00 1.00 0.13 0.00 0.00 0.00 0.00 0.00 0.00 0.00 0.03 0.80 1.00 0.67 0.00 
 0.00 0.00 0.00 0.00 0.13 1.00 1.00 0.13 0.00 0.00 0.00 0.00 0.00 0.00 0.00 0.00 0.41 1.00 0.91 0.03 
 0.00 0.00 0.00 0.00 0.13 1.00 1.00 0.13 0.00 0.00 0.00 0.00 0.00 0.00 0.00 0.00 0.17 1.00 1.00 0.20 
 0.00 0.00 0.00 0.00 0.13 1.00 1.00 0.13 0.00 0.00 0.00 0.00 0.00 0.00 0.00 0.00 0.13 1.00 1.00 0.35 
 0.00 0.00 0.00 0.00 0.13 1.00 1.00 0.13 0.00 0.00 0.00 0.00 0.00 0.00 0.00 0.00 0.13 1.00 1.00 0.38 
 0.00 0.00 0.00 0.00 0.13 1.00 1.00 0.13 0.00 0.00 0.00 0.00 0.00 0.00 0.00 0.00 0.13 1.00 1.00 0.35 
 0.00 0.00 0.00 0.00 0.13 1.00 1.00 0.13 0.00 0.00 0.00 0.00 0.00 0.00 0.00 0.00 0.17 1.00 1.00 0.20 
 0.00 0.00 0.00 0.00 0.13 1.00 1.00 0.13 0.00 0.00 0.00 0.00 0.00 0.00 0.00 0.00 0.42 1.00 0.91 0.03 
 0.00 0.00 0.00 0.00 0.13 1.00 1.00 0.13 0.00 0.00 0.00 0.00 0.00 0.00 0.00 0.02 0.78 1.00 0.66 0.00 
 0.00 0.00 0.00 0.00 0.13 1.00 1.00 0.17 0.00 0.00 0.00 0.00 0.00 0.00 0.00 0.38 1.00 0.97 0.19 0.00 
 0.00 0.00 0.00 0.00 0.13 1.00 1.00 0.75 0.08 0.00 0.00 0.00 0.00 0.02 0.31 0.96 0.99 0.49 0.00 0.00 
 0.00 0.00 0.00 0.00 0.13 1.00 1.00 0.61 0.86 0.50 0.30 0.25 0.36 0.69 1.00 0.97 0.52 0.00 0.00 0.00 
 0.00 0.00 0.00 0.00 0.13 1.00 1.00 0.13 0.20 0.61 0.85 0.88 0.88 0.86 0.63 0.22 0.00 0.00 0.00 0.00 
 0.00 0.00 0.00 0.00 0.13 1.00 1.00 0.13 0.00 0.00 0.00 0.00 0.00 0.00 0.00 0.00 0.00 0.00 0.00 0.00 
 0.00 0.00 0.00 0.00 0.13 1.00 1.00 0.13 0.00 0.00 0.00 0.00 0.00 0.00 0.00 0.00 0.00 0.00 0.00 0.00 
 0.00 0.00 0.00 0.00 0.13 1.00 1.00 0.16 0.00 0.00 0.00 0.00 0.00 0.00 0.00 0.00 0.00 0.00 0.00 0.00 
 