0.00 0.00 0.00 0.00 0.00 0.00 0.58 0.67 0.67 0.14 0.00 0.18 0.60 0.88 1.00 0.91 0.65 0.16 0.00 0.00 
 0.00 0.00 0.00 0.00 0.00 0.06 0.95 1.00 1.00 0.13 0.44 0.98 1.00 1.00 1.00 1.00 1.00 0.91 0.15 0.00 
 0.00 0.00 0.00 0.00 0.00 0.11 1.00 1.00 1.00 0.56 1.00 1.00 1.00 1.00 1.00 1.00 1.00 1.00 0.67 0.00 
 0.00 0.00 0.00 0.00 0.00 0.15 1.00 1.00 1.00 1.00 1.00 0.95 0.48 0.14 0.41 0.99 1.00 1.00 0.90 0.02 
 0.00 0.00 0.00 0.00 0.00 0.26 1.00 1.00 1.00 1.00 0.94 0.26 0.00 0.00 0.00 0.80 1.00 1.00 1.00 0.13 
 0.00 0.00 0.00 0.00 0.00 0.38 1.00 1.00 1.00 0.99 0.37 0.00 0.00 0.00 0.00 0.67 1.00 1.00 1.00 0.21 
 0.00 0.00 0.00 0.00 0.00 0.52 1.00 1.00 1.00 0.71 0.00 0.00 0.00 0.00 0.00 0.73 1.00 1.00 1.00 0.11 
 0.00 0.00 0.00 0.00 0.00 0.69 1.00 1.00 0.99 0.21 0.00 0.00 0.00 0.00 0.00 0.84 1.00 1.00 0.93 0.04 
 0.00 0.00 0.00 0.00 0.03 0.89 1.00 1.00 0.83 0.00 0.00 0.00 0.00 0.00 0.11 0.99 1.00 1.00 0.85 0.00 
 0.00 0.00 0.00 0.00 0.13 1.00 1.00 1.00 0.60 0.00 0.00 0.00 0.00 0.00 0.36 1.00 1.00 1.00 0.60 0.00 
 0.00 0.00 0.00 0.00 0.30 1.00 1.00 1.00 0.40 0.00 0.00 0.00 0.00 0.03 0.80 1.00 1.00 0.99 0.24 0.00 
 0.00 0.00 0.00 0.00 0.49 1.00 1.00 1.00 0.22 0.00 0.00 0.00 0.02 0.48 1.00 1.00 1.00 0.74 0.00 0.00 
 0.00 0.00 0.00 0.00 0.69 1.00 1.00 0.94 0.14 0.00 0.00 0.14 0.58 1.00 1.00 1.00 0.95 0.18 0.00 0.00 
 0.00 0.00 0.00 0.03 0.89 1.00 1.00 1.00 0.99 0.89 0.89 0.99 1.00 1.00 1.00 0.96 0.35 0.00 0.00 0.00 
 0.00 0.00 0.00 0.13 1.00 1.00 1.00 1.00 1.00 1.00 1.00 1.00 1.00 1.00 0.84 0.25 0.00 0.00 0.00 0.00 
 0.00 0.00 0.00 0.30 1.00 1.00 1.00 0.91 0.89 0.89 0.89 0.89 0.73 0.38 0.03 0.00 0.00 0.00 0.00 0.00 
 0.00 0.00 0.00 0.49 1.00 1.00 1.00 0.22 0.00 0.00 0.00 0.00 0.00 0.00 0.00 0.00 0.00 0.00 0.00 0.00 
 0.00 0.00 0.00 0.69 1.00 1.00 0.93 0.04 0.00 0.00 0.00 0.00 0.00 0.00 0.00 0.00 0.00 0.00 0.00 0.00 
 0.00 0.00 0.03 0.89 1.00 1.00 0.82 0.00 0.00 0.00 0.00 0.00 0.00 0.00 0.00 0.00 0.00 0.00 0.00 0.00 
 0.00 0.00 0.14 1.00 1.00 1.00 0.61 0.00 0.00 0.00 0.00 0.00 0.00 0.00 0.00 0.00 0.00 0.00 0.00 0.00 
 