0.00 0.00 0.00 0.00 0.48 0.60 0.60 0.60 0.60 0.48 0.08 0.58 0.92 0.99 0.80 0.30 0.00 0.00 0.00 0.00 
 0.00 0.00 0.00 0.00 0.80 1.00 1.00 1.00 1.00 0.80 0.85 1.00 1.00 1.00 1.00 0.98 0.29 0.00 0.00 0.00 
 0.00 0.00 0.00 0.00 0.80 1.00 1.00 1.00 1.00 1.00 1.00 1.00 1.00 1.00 1.00 1.00 0.71 0.00 0.00 0.00 
 0.00 0.00 0.00 0.00 0.80 1.00 1.00 1.00 1.00 0.90 0.24 0.82 1.00 1.00 1.00 1.00 0.84 0.00 0.00 0.00 
 0.00 0.00 0.00 0.00 0.80 1.00 1.00 1.00 1.00 0.72 0.00 0.61 1.00 1.00 1.00 1.00 0.90 0.00 0.00 0.00 
 0.00 0.00 0.00 0.00 0.80 1.00 1.00 1.00 1.00 0.70 0.00 0.60 1.00 1.00 1.00 1.00 0.90 0.00 0.00 0.00 
 0.00 0.00 0.00 0.00 0.80 1.00 1.00 1.00 1.00 0.70 0.00 0.60 1.00 1.00 1.00 1.00 0.90 0.00 0.00 0.00 
 0.00 0.00 0.00 0.00 0.80 1.00 1.00 1.00 1.00 0.70 0.00 0.60 1.00 1.00 1.00 1.00 0.90 0.00 0.00 0.00 
 0.00 0.00 0.00 0.00 0.80 1.00 1.00 1.00 1.00 0.70 0.00 0.60 1.00 1.00 1.00 1.00 0.90 0.00 0.00 0.00 
 0.00 0.00 0.00 0.00 0.80 1.00 1.00 1.00 1.00 0.70 0.00 0.60 1.00 1.00 1.00 1.00 0.90 0.00 0.00 0.00 
 0.00 0.00 0.00 0.00 0.80 1.00 1.00 1.00 1.00 0.70 0.00 0.60 1.00 1.00 1.00 1.00 0.90 0.00 0.00 0.00 
 0.00 0.00 0.00 0.00 0.80 1.00 1.00 1.00 1.00 0.70 0.00 0.60 1.00 1.00 1.00 1.00 0.90 0.00 0.00 0.00 
 0.00 0.00 0.00 0.00 0.80 1.00 1.00 1.00 1.00 0.70 0.00 0.60 1.00 1.00 1.00 1.00 0.90 0.00 0.00 0.00 
 0.00 0.00 0.00 0.00 0.80 1.00 1.00 1.00 1.00 0.70 0.00 0.60 1.00 1.00 1.00 1.00 0.90 0.00 0.00 0.00 
 0.00 0.00 0.00 0.00 0.80 1.00 1.00 1.00 1.00 0.74 0.00 0.63 1.00 1.00 1.00 1.00 0.87 0.00 0.00 0.00 
 0.00 0.00 0.00 0.00 0.80 1.00 1.00 1.00 1.00 0.95 0.44 0.88 1.00 1.00 1.00 1.00 0.78 0.00 0.00 0.00 
 0.00 0.00 0.00 0.00 0.80 1.00 1.00 1.00 1.00 0.99 1.00 1.00 1.00 1.00 1.00 1.00 0.59 0.00 0.00 0.00 
 0.00 0.00 0.00 0.00 0.80 1.00 1.00 1.00 1.00 0.74 0.70 1.00 1.00 1.00 1.00 0.92 0.15 0.00 0.00 0.00 
 0.00 0.00 0.00 0.00 0.80 1.00 1.00 1.00 1.00 0.70 0.02 0.40 0.73 0.79 0.60 0.14 0.00 0.00 0.00 0.00 
 0.00 0.00 0.00 0.00 0.80 1.00 1.00 1.00 1.00 0.70 0.00 0.00 0.00 0.00 0.00 0.00 0.00 0.00 0.00 0.00 
 