0.00 0.00 0.00 0.00 0.00 0.00 0.35 0.70 0.70 0.45 0.20 0.71 0.96 0.95 0.63 0.09 0.00 0.00 0.00 0.00 
 0.00 0.00 0.00 0.00 0.00 0.00 0.64 1.00 1.00 0.78 0.97 1.00 1.00 1.00 1.00 0.79 0.03 0.00 0.00 0.00 
 0.00 0.00 0.00 0.00 0.00 0.00 0.82 1.00 1.00 1.00 0.98 0.83 0.93 1.00 1.00 1.00 0.39 0.00 0.00 0.00 
 0.00 0.00 0.00 0.00 0.00 0.07 0.97 1.00 1.00 0.95 0.25 0.00 0.11 0.88 1.00 1.00 0.72 0.00 0.00 0.00 
 0.00 0.00 0.00 0.00 0.00 0.15 1.00 1.00 1.00 0.52 0.00 0.00 0.00 0.42 1.00 1.00 0.88 0.00 0.00 0.00 
 0.00 0.00 0.00 0.00 0.00 0.32 1.00 1.00 0.97 0.12 0.00 0.00 0.00 0.23 1.00 1.00 0.90 0.00 0.00 0.00 
 0.00 0.00 0.00 0.00 0.00 0.49 1.00 1.00 0.83 0.00 0.00 0.00 0.00 0.20 1.00 1.00 0.90 0.00 0.00 0.00 
 0.00 0.00 0.00 0.00 0.00 0.67 1.00 1.00 0.65 0.00 0.00 0.00 0.00 0.30 1.00 1.00 0.90 0.00 0.00 0.00 
 0.00 0.00 0.00 0.00 0.00 0.84 1.00 1.00 0.60 0.00 0.00 0.00 0.00 0.48 1.00 1.00 0.82 0.00 0.00 0.00 
 0.00 0.00 0.00 0.00 0.08 0.98 1.00 1.00 0.64 0.00 0.00 0.00 0.01 0.78 1.00 1.00 0.59 0.00 0.00 0.00 
 0.00 0.00 0.00 0.00 0.17 1.00 1.00 1.00 0.84 0.01 0.00 0.00 0.21 1.00 1.00 1.00 0.29 0.00 0.00 0.00 
 0.00 0.00 0.00 0.00 0.35 1.00 1.00 1.00 1.00 0.44 0.01 0.10 0.80 1.00 1.00 0.82 0.01 0.00 0.00 0.00 
 0.00 0.00 0.00 0.00 0.52 1.00 1.00 0.98 1.00 1.00 0.85 0.95 1.00 1.00 0.99 0.30 0.00 0.00 0.00 0.00 
 0.00 0.00 0.00 0.00 0.68 1.00 1.00 0.64 0.81 1.00 1.00 1.00 1.00 0.99 0.51 0.00 0.00 0.00 0.00 0.00 
 0.00 0.00 0.00 0.00 0.85 1.00 1.00 0.42 0.10 0.69 0.94 0.98 0.85 0.38 0.00 0.00 0.00 0.00 0.00 0.00 
 0.00 0.00 0.00 0.09 0.99 1.00 1.00 0.25 0.00 0.00 0.04 0.08 0.00 0.00 0.00 0.00 0.00 0.00 0.00 0.00 
 0.00 0.00 0.00 0.19 1.00 1.00 0.96 0.07 0.00 0.00 0.00 0.00 0.00 0.00 0.00 0.00 0.00 0.00 0.00 0.00 
 0.00 0.00 0.00 0.37 1.00 1.00 0.88 0.00 0.00 0.00 0.00 0.00 0.00 0.00 0.00 0.00 0.00 0.00 0.00 0.00 
 0.00 0.00 0.00 0.54 1.00 1.00 0.72 0.00 0.00 0.00 0.00 0.00 0.00 0.00 0.00 0.00 0.00 0.00 0.00 0.00 
 0.00 0.00 0.00 0.70 1.00 1.00 0.55 0.00 0.00 0.00 0.00 0.00 0.00 0.00 0.00 0.00 0.00 0.00 0.00 0.00 
 