0.00 0.00 0.45 0.69 0.91 1.00 1.00 1.00 1.00 1.00 1.00 0.95 0.85 0.67 0.35 0.04 0.00 0.00 0.00 0.00 
 0.00 0.00 0.00 0.00 0.11 0.94 1.00 1.00 0.58 0.29 0.24 0.40 0.76 1.00 1.00 0.82 0.16 0.00 0.00 0.00 
 0.00 0.00 0.00 0.00 0.00 0.73 1.00 1.00 0.22 0.00 0.00 0.00 0.02 0.56 1.00 1.00 0.90 0.11 0.00 0.00 
 0.00 0.00 0.00 0.00 0.00 0.67 1.00 1.00 0.22 0.00 0.00 0.00 0.00 0.04 0.85 1.00 1.00 0.64 0.00 0.00 
 0.00 0.00 0.00 0.00 0.00 0.67 1.00 1.00 0.22 0.00 0.00 0.00 0.00 0.00 0.51 1.00 1.00 0.90 0.02 0.00 
 0.00 0.00 0.00 0.00 0.00 0.67 1.00 1.00 0.22 0.00 0.00 0.00 0.00 0.00 0.35 1.00 1.00 1.00 0.11 0.00 
 0.00 0.00 0.00 0.00 0.00 0.67 1.00 1.00 0.22 0.00 0.00 0.00 0.00 0.00 0.36 1.00 1.00 0.95 0.06 0.00 
 0.00 0.00 0.00 0.00 0.00 0.67 1.00 1.00 0.22 0.00 0.00 0.00 0.00 0.00 0.56 1.00 1.00 0.83 0.00 0.00 
 0.00 0.00 0.00 0.00 0.00 0.67 1.00 1.00 0.22 0.00 0.00 0.00 0.00 0.10 0.93 1.00 1.00 0.45 0.00 0.00 
 0.00 0.00 0.00 0.00 0.00 0.67 1.00 1.00 0.22 0.00 0.00 0.00 0.10 0.74 1.00 1.00 0.65 0.02 0.00 0.00 
 0.00 0.00 0.00 0.00 0.00 0.67 1.00 1.00 0.78 0.67 0.56 0.63 0.93 0.99 0.84 0.44 0.02 0.00 0.00 0.00 
 0.00 0.00 0.00 0.00 0.00 0.67 1.00 1.00 0.24 0.15 0.27 0.33 0.31 0.16 0.00 0.00 0.00 0.00 0.00 0.00 
 0.00 0.00 0.00 0.00 0.00 0.67 1.00 1.00 0.22 0.00 0.00 0.00 0.00 0.00 0.00 0.00 0.00 0.00 0.00 0.00 
 0.00 0.00 0.00 0.00 0.00 0.67 1.00 1.00 0.22 0.00 0.00 0.00 0.00 0.00 0.00 0.00 0.00 0.00 0.00 0.00 
 0.00 0.00 0.00 0.00 0.00 0.67 1.00 1.00 0.22 0.00 0.00 0.00 0.00 0.00 0.00 0.00 0.00 0.00 0.00 0.00 
 0.00 0.00 0.00 0.00 0.00 0.67 1.00 1.00 0.22 0.00 0.00 0.00 0.00 0.00 0.00 0.00 0.00 0.00 0.00 0.00 
 0.00 0.00 0.00 0.00 0.00 0.67 1.00 1.00 0.22 0.00 0.00 0.00 0.00 0.00 0.00 0.00 0.00 0.00 0.00 0.00 
 0.00 0.00 0.00 0.00 0.00 0.68 1.00 1.00 0.24 0.00 0.00 0.00 0.00 0.00 0.00 0.00 0.00 0.00 0.00 0.00 
 0.00 0.00 0.00 0.00 0.02 0.83 1.00 1.00 0.38 0.00 0.00 0.00 0.00 0.00 0.00 0.00 0.00 0.00 0.00 0.00 
 0.00 0.00 0.07 0.14 0.51 1.00 1.00 1.00 0.83 0.26 0.11 0.03 0.00 0.00 0.00 0.00 0.00 0.00 0.00 0.00 
 