0.00 0.00 0.00 0.13 0.86 0.86 0.96 1.00 1.00 1.00 0.96 0.82 0.57 0.21 0.00 0.00 0.00 0.00 0.00 0.00 
 0.00 0.00 0.00 0.15 1.00 1.00 0.80 0.43 0.43 0.49 0.72 0.94 1.00 0.98 0.49 0.00 0.00 0.00 0.00 0.00 
 0.00 0.00 0.00 0.15 1.00 1.00 0.57 0.00 0.00 0.00 0.00 0.16 0.86 1.00 0.98 0.37 0.00 0.00 0.00 0.00 
 0.00 0.00 0.00 0.15 1.00 1.00 0.57 0.00 0.00 0.00 0.00 0.00 0.25 1.00 1.00 0.80 0.00 0.00 0.00 0.00 
 0.00 0.00 0.00 0.15 1.00 1.00 0.57 0.00 0.00 0.00 0.00 0.00 0.02 0.86 1.00 0.92 0.06 0.00 0.00 0.00 
 0.00 0.00 0.00 0.15 1.00 1.00 0.57 0.00 0.00 0.00 0.00 0.00 0.00 0.72 1.00 1.00 0.15 0.00 0.00 0.00 
 0.00 0.00 0.00 0.15 1.00 1.00 0.57 0.00 0.00 0.00 0.00 0.00 0.00 0.74 1.00 0.94 0.08 0.00 0.00 0.00 
 0.00 0.00 0.00 0.15 1.00 1.00 0.57 0.00 0.00 0.00 0.00 0.00 0.06 0.92 1.00 0.82 0.00 0.00 0.00 0.00 
 0.00 0.00 0.00 0.15 1.00 1.00 0.57 0.00 0.00 0.00 0.00 0.00 0.29 1.00 1.00 0.45 0.00 0.00 0.00 0.00 
 0.00 0.00 0.00 0.15 1.00 1.00 0.57 0.00 0.00 0.00 0.00 0.18 0.88 1.00 0.74 0.02 0.00 0.00 0.00 0.00 
 0.00 0.00 0.00 0.15 1.00 1.00 0.57 0.02 0.15 0.25 0.57 0.96 0.96 0.62 0.06 0.00 0.00 0.00 0.00 0.00 
 0.00 0.00 0.00 0.15 1.00 1.00 0.57 0.29 0.86 0.86 0.78 0.51 0.16 0.00 0.00 0.00 0.00 0.00 0.00 0.00 
 0.00 0.00 0.00 0.15 1.00 1.00 0.57 0.00 0.00 0.00 0.00 0.00 0.00 0.00 0.00 0.00 0.00 0.00 0.00 0.00 
 0.00 0.00 0.00 0.15 1.00 1.00 0.57 0.00 0.00 0.00 0.00 0.00 0.00 0.00 0.00 0.00 0.00 0.00 0.00 0.00 
 0.00 0.00 0.00 0.15 1.00 1.00 0.57 0.00 0.00 0.00 0.00 0.00 0.00 0.00 0.00 0.00 0.00 0.00 0.00 0.00 
 0.00 0.00 0.00 0.15 1.00 1.00 0.57 0.00 0.00 0.00 0.00 0.00 0.00 0.00 0.00 0.00 0.00 0.00 0.00 0.00 
 0.00 0.00 0.00 0.15 1.00 1.00 0.57 0.00 0.00 0.00 0.00 0.00 0.00 0.00 0.00 0.00 0.00 0.00 0.00 0.00 
 0.00 0.00 0.00 0.15 1.00 1.00 0.57 0.00 0.00 0.00 0.00 0.00 0.00 0.00 0.00 0.00 0.00 0.00 0.00 0.00 
 0.00 0.00 0.00 0.15 1.00 1.00 0.57 0.00 0.00 0.00 0.00 0.00 0.00 0.00 0.00 0.00 0.00 0.00 0.00 0.00 
 0.00 0.00 0.00 0.15 1.00 1.00 0.57 0.00 0.00 0.00 0.00 0.00 0.00 0.00 0.00 0.00 0.00 0.00 0.00 0.00 
 