0.00 0.00 0.00 0.00 0.45 0.67 0.46 0.00 0.06 0.45 0.79 0.94 0.95 0.77 0.33 0.02 0.00 0.00 0.00 0.00 
 0.00 0.00 0.00 0.00 0.67 1.00 0.78 0.15 0.83 1.00 1.00 1.00 1.00 1.00 1.00 0.52 0.00 0.00 0.00 0.00 
 0.00 0.00 0.00 0.00 0.67 1.00 0.85 0.83 1.00 0.90 0.52 0.33 0.53 0.95 1.00 0.98 0.25 0.00 0.00 0.00 
 0.00 0.00 0.00 0.00 0.67 1.00 1.00 1.00 0.74 0.09 0.00 0.00 0.00 0.32 1.00 1.00 0.71 0.00 0.00 0.00 
 0.00 0.00 0.00 0.00 0.67 1.00 1.00 0.77 0.04 0.00 0.00 0.00 0.00 0.02 0.82 1.00 0.93 0.04 0.00 0.00 
 0.00 0.00 0.00 0.00 0.67 1.00 0.94 0.10 0.00 0.00 0.00 0.00 0.00 0.00 0.56 1.00 1.00 0.20 0.00 0.00 
 0.00 0.00 0.00 0.00 0.67 1.00 0.89 0.00 0.00 0.00 0.00 0.00 0.00 0.00 0.42 1.00 1.00 0.32 0.00 0.00 
 0.00 0.00 0.00 0.00 0.67 1.00 0.89 0.00 0.00 0.00 0.00 0.00 0.00 0.00 0.33 1.00 1.00 0.33 0.00 0.00 
 0.00 0.00 0.00 0.00 0.67 1.00 0.89 0.00 0.00 0.00 0.00 0.00 0.00 0.00 0.37 1.00 1.00 0.32 0.00 0.00 
 0.00 0.00 0.00 0.00 0.67 1.00 0.89 0.00 0.00 0.00 0.00 0.00 0.00 0.00 0.48 1.00 1.00 0.20 0.00 0.00 
 0.00 0.00 0.00 0.00 0.67 1.00 0.89 0.00 0.00 0.00 0.00 0.00 0.00 0.00 0.72 1.00 0.93 0.04 0.00 0.00 
 0.00 0.00 0.00 0.00 0.67 1.00 0.89 0.00 0.00 0.00 0.00 0.00 0.00 0.19 0.99 1.00 0.67 0.00 0.00 0.00 
 0.00 0.00 0.00 0.00 0.67 1.00 0.90 0.03 0.00 0.00 0.00 0.00 0.14 0.82 1.00 0.95 0.19 0.00 0.00 0.00 
 0.00 0.00 0.00 0.00 0.67 1.00 1.00 0.85 0.58 0.45 0.45 0.61 0.95 1.00 0.99 0.42 0.00 0.00 0.00 0.00 
 0.00 0.00 0.00 0.00 0.67 1.00 1.00 1.00 1.00 1.00 1.00 1.00 1.00 0.89 0.35 0.00 0.00 0.00 0.00 0.00 
 0.00 0.00 0.00 0.00 0.67 1.00 0.94 0.53 0.67 0.76 0.69 0.60 0.33 0.04 0.00 0.00 0.00 0.00 0.00 0.00 
 0.00 0.00 0.00 0.00 0.67 1.00 0.89 0.00 0.00 0.00 0.00 0.00 0.00 0.00 0.00 0.00 0.00 0.00 0.00 0.00 
 0.00 0.00 0.00 0.00 0.67 1.00 0.89 0.00 0.00 0.00 0.00 0.00 0.00 0.00 0.00 0.00 0.00 0.00 0.00 0.00 
 0.00 0.00 0.00 0.00 0.67 1.00 0.89 0.00 0.00 0.00 0.00 0.00 0.00 0.00 0.00 0.00 0.00 0.00 0.00 0.00 
 0.00 0.00 0.00 0.00 0.67 1.00 0.89 0.00 0.00 0.00 0.00 0.00 0.00 0.00 0.00 0.00 0.00 0.00 0.00 0.00 
 