0.00 0.00 0.67 1.00 1.00 1.00 1.00 1.00 1.00 1.00 1.00 0.98 0.88 0.69 0.36 0.04 0.00 0.00 0.00 0.00 
 0.00 0.00 0.67 1.00 1.00 1.00 1.00 1.00 1.00 1.00 1.00 1.00 1.00 1.00 1.00 0.78 0.09 0.00 0.00 0.00 
 0.00 0.00 0.67 1.00 0.94 0.45 0.45 0.45 0.45 0.45 0.45 0.47 0.61 0.90 1.00 1.00 0.73 0.02 0.00 0.00 
 0.00 0.00 0.67 1.00 0.89 0.00 0.00 0.00 0.00 0.00 0.00 0.00 0.00 0.09 0.82 1.00 1.00 0.25 0.00 0.00 
 0.00 0.00 0.67 1.00 0.89 0.00 0.00 0.00 0.00 0.00 0.00 0.00 0.00 0.00 0.27 1.00 1.00 0.53 0.00 0.00 
 0.00 0.00 0.67 1.00 0.89 0.00 0.00 0.00 0.00 0.00 0.00 0.00 0.00 0.00 0.11 1.00 1.00 0.67 0.00 0.00 
 0.00 0.00 0.67 1.00 0.89 0.00 0.00 0.00 0.00 0.00 0.00 0.00 0.00 0.00 0.11 1.00 1.00 0.64 0.00 0.00 
 0.00 0.00 0.67 1.00 0.89 0.00 0.00 0.00 0.00 0.00 0.00 0.00 0.00 0.00 0.35 1.00 1.00 0.48 0.00 0.00 
 0.00 0.00 0.67 1.00 0.89 0.00 0.00 0.00 0.00 0.00 0.00 0.00 0.02 0.29 0.93 1.00 0.98 0.18 0.00 0.00 
 0.00 0.00 0.67 1.00 0.95 0.56 0.56 0.56 0.56 0.56 0.56 0.63 0.83 1.00 1.00 1.00 0.60 0.00 0.00 0.00 
 0.00 0.00 0.67 1.00 1.00 1.00 1.00 1.00 1.00 1.00 1.00 1.00 1.00 1.00 0.96 0.56 0.02 0.00 0.00 0.00 
 0.00 0.00 0.67 1.00 0.99 0.89 0.89 0.89 0.89 0.89 0.89 0.84 0.71 0.48 0.14 0.00 0.00 0.00 0.00 0.00 
 0.00 0.00 0.67 1.00 0.89 0.00 0.00 0.00 0.00 0.00 0.00 0.00 0.00 0.00 0.00 0.00 0.00 0.00 0.00 0.00 
 0.00 0.00 0.67 1.00 0.89 0.00 0.00 0.00 0.00 0.00 0.00 0.00 0.00 0.00 0.00 0.00 0.00 0.00 0.00 0.00 
 0.00 0.00 0.67 1.00 0.89 0.00 0.00 0.00 0.00 0.00 0.00 0.00 0.00 0.00 0.00 0.00 0.00 0.00 0.00 0.00 
 0.00 0.00 0.67 1.00 0.89 0.00 0.00 0.00 0.00 0.00 0.00 0.00 0.00 0.00 0.00 0.00 0.00 0.00 0.00 0.00 
 0.00 0.00 0.67 1.00 0.89 0.00 0.00 0.00 0.00 0.00 0.00 0.00 0.00 0.00 0.00 0.00 0.00 0.00 0.00 0.00 
 0.00 0.00 0.67 1.00 0.89 0.00 0.00 0.00 0.00 0.00 0.00 0.00 0.00 0.00 0.00 0.00 0.00 0.00 0.00 0.00 
 0.00 0.00 0.67 1.00 0.89 0.00 0.00 0.00 0.00 0.00 0.00 0.00 0.00 0.00 0.00 0.00 0.00 0.00 0.00 0.00 
 0.00 0.00 0.67 1.00 0.89 0.00 0.00 0.00 0.00 0.00 0.00 0.00 0.00 0.00 0.00 0.00 0.00 0.00 0.00 0.00 
 