0.00 0.00 0.00 0.67 1.00 1.00 1.00 1.00 1.00 1.00 1.00 1.00 0.93 0.78 0.52 0.16 0.00 0.00 0.00 0.00 
 0.00 0.00 0.00 0.67 1.00 0.90 0.78 0.78 0.78 0.78 0.78 0.82 0.89 0.99 1.00 0.98 0.49 0.03 0.00 0.00 
 0.00 0.00 0.00 0.67 1.00 0.56 0.00 0.00 0.00 0.00 0.00 0.00 0.00 0.18 0.61 0.99 1.00 0.56 0.00 0.00 
 0.00 0.00 0.00 0.67 1.00 0.56 0.00 0.00 0.00 0.00 0.00 0.00 0.00 0.00 0.00 0.48 1.00 0.98 0.20 0.00 
 0.00 0.00 0.00 0.67 1.00 0.56 0.00 0.00 0.00 0.00 0.00 0.00 0.00 0.00 0.00 0.04 0.87 1.00 0.56 0.00 
 0.00 0.00 0.00 0.67 1.00 0.56 0.00 0.00 0.00 0.00 0.00 0.00 0.00 0.00 0.00 0.00 0.57 1.00 0.76 0.00 
 0.00 0.00 0.00 0.67 1.00 0.56 0.00 0.00 0.00 0.00 0.00 0.00 0.00 0.00 0.00 0.00 0.45 1.00 0.78 0.00 
 0.00 0.00 0.00 0.67 1.00 0.56 0.00 0.00 0.00 0.00 0.00 0.00 0.00 0.00 0.00 0.00 0.56 1.00 0.77 0.00 
 0.00 0.00 0.00 0.67 1.00 0.56 0.00 0.00 0.00 0.00 0.00 0.00 0.00 0.00 0.00 0.02 0.79 1.00 0.57 0.00 
 0.00 0.00 0.00 0.67 1.00 0.56 0.00 0.00 0.00 0.00 0.00 0.00 0.00 0.00 0.00 0.33 1.00 0.99 0.22 0.00 
 0.00 0.00 0.00 0.67 1.00 0.56 0.00 0.00 0.00 0.00 0.00 0.00 0.00 0.03 0.36 0.96 1.00 0.63 0.00 0.00 
 0.00 0.00 0.00 0.67 1.00 0.76 0.45 0.45 0.45 0.45 0.45 0.47 0.60 0.85 1.00 0.99 0.67 0.04 0.00 0.00 
 0.00 0.00 0.00 0.67 1.00 1.00 1.00 1.00 1.00 1.00 1.00 1.00 1.00 0.98 0.79 0.35 0.00 0.00 0.00 0.00 
 0.00 0.00 0.00 0.67 1.00 0.71 0.33 0.33 0.33 0.33 0.33 0.33 0.27 0.11 0.00 0.00 0.00 0.00 0.00 0.00 
 0.00 0.00 0.00 0.67 1.00 0.56 0.00 0.00 0.00 0.00 0.00 0.00 0.00 0.00 0.00 0.00 0.00 0.00 0.00 0.00 
 0.00 0.00 0.00 0.67 1.00 0.56 0.00 0.00 0.00 0.00 0.00 0.00 0.00 0.00 0.00 0.00 0.00 0.00 0.00 0.00 
 0.00 0.00 0.00 0.67 1.00 0.56 0.00 0.00 0.00 0.00 0.00 0.00 0.00 0.00 0.00 0.00 0.00 0.00 0.00 0.00 
 0.00 0.00 0.00 0.67 1.00 0.56 0.00 0.00 0.00 0.00 0.00 0.00 0.00 0.00 0.00 0.00 0.00 0.00 0.00 0.00 
 0.00 0.00 0.00 0.67 1.00 0.56 0.00 0.00 0.00 0.00 0.00 0.00 0.00 0.00 0.00 0.00 0.00 0.00 0.00 0.00 
 0.00 0.00 0.00 0.67 1.00 0.56 0.00 0.00 0.00 0.00 0.00 0.00 0.00 0.00 0.00 0.00 0.00 0.00 0.00 0.00 
 