0.00 0.06 0.88 1.00 1.00 1.00 1.00 1.00 1.00 1.00 1.00 1.00 0.89 0.67 0.31 0.02 0.00 0.00 0.00 0.00 
 0.00 0.00 0.27 0.38 0.45 1.00 0.53 0.38 0.38 0.38 0.38 0.38 0.49 0.75 0.99 0.67 0.06 0.00 0.00 0.00 
 0.00 0.00 0.00 0.00 0.13 1.00 0.25 0.00 0.00 0.00 0.00 0.00 0.00 0.00 0.31 0.94 0.71 0.02 0.00 0.00 
 0.00 0.00 0.00 0.00 0.13 1.00 0.25 0.00 0.00 0.00 0.00 0.00 0.00 0.00 0.00 0.28 0.99 0.36 0.00 0.00 
 0.00 0.00 0.00 0.00 0.13 1.00 0.25 0.00 0.00 0.00 0.00 0.00 0.00 0.00 0.00 0.00 0.74 0.72 0.00 0.00 
 0.00 0.00 0.00 0.00 0.13 1.00 0.25 0.00 0.00 0.00 0.00 0.00 0.00 0.00 0.00 0.00 0.52 0.88 0.00 0.00 
 0.00 0.00 0.00 0.00 0.13 1.00 0.25 0.00 0.00 0.00 0.00 0.00 0.00 0.00 0.00 0.00 0.58 0.83 0.00 0.00 
 0.00 0.00 0.00 0.00 0.13 1.00 0.25 0.00 0.00 0.00 0.00 0.00 0.00 0.00 0.00 0.06 0.89 0.60 0.00 0.00 
 0.00 0.00 0.00 0.00 0.13 1.00 0.25 0.00 0.00 0.00 0.00 0.00 0.00 0.00 0.02 0.58 0.94 0.17 0.00 0.00 
 0.00 0.00 0.00 0.00 0.13 1.00 0.25 0.00 0.00 0.00 0.00 0.00 0.02 0.24 0.72 0.97 0.41 0.00 0.00 0.00 
 0.00 0.00 0.00 0.00 0.13 1.00 0.72 0.63 0.63 0.63 0.63 0.66 0.85 1.00 0.82 0.25 0.00 0.00 0.00 0.00 
 0.00 0.00 0.00 0.00 0.13 1.00 0.82 0.75 0.75 0.75 0.75 0.74 0.58 0.31 0.02 0.00 0.00 0.00 0.00 0.00 
 0.00 0.00 0.00 0.00 0.13 1.00 0.25 0.00 0.00 0.00 0.00 0.00 0.00 0.00 0.00 0.00 0.00 0.00 0.00 0.00 
 0.00 0.00 0.00 0.00 0.13 1.00 0.25 0.00 0.00 0.00 0.00 0.00 0.00 0.00 0.00 0.00 0.00 0.00 0.00 0.00 
 0.00 0.00 0.00 0.00 0.13 1.00 0.25 0.00 0.00 0.00 0.00 0.00 0.00 0.00 0.00 0.00 0.00 0.00 0.00 0.00 
 0.00 0.00 0.00 0.00 0.13 1.00 0.25 0.00 0.00 0.00 0.00 0.00 0.00 0.00 0.00 0.00 0.00 0.00 0.00 0.00 
 0.00 0.00 0.00 0.00 0.13 1.00 0.25 0.00 0.00 0.00 0.00 0.00 0.00 0.00 0.00 0.00 0.00 0.00 0.00 0.00 
 0.00 0.00 0.00 0.00 0.13 1.00 0.25 0.00 0.00 0.00 0.00 0.00 0.00 0.00 0.00 0.00 0.00 0.00 0.00 0.00 
 0.00 0.02 0.28 0.38 0.45 1.00 0.53 0.38 0.38 0.38 0.38 0.31 0.02 0.00 0.00 0.00 0.00 0.00 0.00 0.00 
 0.00 0.06 0.88 1.00 1.00 1.00 1.00 1.00 1.00 1.00 1.00 0.91 0.06 0.00 0.00 0.00 0.00 0.00 0.00 0.00 
 