0.00 0.00 0.06 0.42 0.50 0.50 0.50 0.50 0.33 0.06 0.50 0.89 1.00 0.92 0.58 0.14 0.00 0.00 0.00 0.00 
 0.00 0.00 0.00 0.11 0.81 1.00 1.00 1.00 0.73 0.73 0.86 0.86 1.00 1.00 1.00 0.89 0.14 0.00 0.00 0.00 
 0.00 0.00 0.00 0.00 0.53 1.00 1.00 1.00 0.97 0.61 0.03 0.03 0.58 1.00 1.00 1.00 0.73 0.00 0.00 0.00 
 0.00 0.00 0.00 0.00 0.50 1.00 1.00 1.00 0.84 0.03 0.00 0.00 0.14 0.97 1.00 1.00 0.97 0.25 0.00 0.00 
 0.00 0.00 0.00 0.00 0.50 1.00 1.00 1.00 0.67 0.00 0.00 0.00 0.00 0.75 1.00 1.00 1.00 0.61 0.00 0.00 
 0.00 0.00 0.00 0.00 0.50 1.00 1.00 1.00 0.67 0.00 0.00 0.00 0.00 0.64 1.00 1.00 1.00 0.84 0.00 0.00 
 0.00 0.00 0.00 0.00 0.50 1.00 1.00 1.00 0.67 0.00 0.00 0.00 0.00 0.50 1.00 1.00 1.00 0.84 0.00 0.00 
 0.00 0.00 0.00 0.00 0.50 1.00 1.00 1.00 0.67 0.00 0.00 0.00 0.00 0.50 1.00 1.00 1.00 0.84 0.00 0.00 
 0.00 0.00 0.00 0.00 0.50 1.00 1.00 1.00 0.67 0.00 0.00 0.00 0.00 0.50 1.00 1.00 1.00 0.84 0.00 0.00 
 0.00 0.00 0.00 0.00 0.50 1.00 1.00 1.00 0.67 0.00 0.00 0.00 0.00 0.56 1.00 1.00 1.00 0.81 0.00 0.00 
 0.00 0.00 0.00 0.00 0.50 1.00 1.00 1.00 0.67 0.00 0.00 0.00 0.00 0.70 1.00 1.00 1.00 0.61 0.00 0.00 
 0.00 0.00 0.00 0.00 0.50 1.00 1.00 1.00 0.70 0.00 0.00 0.00 0.06 0.89 1.00 1.00 0.97 0.28 0.00 0.00 
 0.00 0.00 0.00 0.00 0.50 1.00 1.00 1.00 0.97 0.42 0.00 0.00 0.31 1.00 1.00 1.00 0.70 0.00 0.00 0.00 
 0.00 0.00 0.00 0.00 0.50 1.00 1.00 1.00 0.84 0.84 0.70 0.53 0.92 1.00 1.00 0.78 0.09 0.00 0.00 0.00 
 0.00 0.00 0.00 0.00 0.50 1.00 1.00 1.00 0.67 0.09 0.58 0.84 0.84 0.81 0.47 0.06 0.00 0.00 0.00 0.00 
 0.00 0.00 0.00 0.00 0.50 1.00 1.00 1.00 0.67 0.00 0.00 0.00 0.00 0.00 0.00 0.00 0.00 0.00 0.00 0.00 
 0.00 0.00 0.00 0.00 0.50 1.00 1.00 1.00 0.67 0.00 0.00 0.00 0.00 0.00 0.00 0.00 0.00 0.00 0.00 0.00 
 0.00 0.00 0.00 0.00 0.50 1.00 1.00 1.00 0.67 0.00 0.00 0.00 0.00 0.00 0.00 0.00 0.00 0.00 0.00 0.00 
 0.00 0.00 0.00 0.00 0.50 1.00 1.00 1.00 0.67 0.00 0.00 0.00 0.00 0.00 0.00 0.00 0.00 0.00 0.00 0.00 
 0.00 0.00 0.00 0.00 0.58 1.00 1.00 1.00 0.75 0.00 0.00 0.00 0.00 0.00 0.00 0.00 0.00 0.00 0.00 0.00 
 