0.00 0.00 0.00 0.00 0.00 0.08 0.35 0.76 0.57 0.00 0.15 0.65 0.94 0.98 0.78 0.33 0.00 0.00 0.00 0.00 
 0.00 0.00 0.00 0.08 0.51 0.92 1.00 1.00 0.57 0.16 0.88 1.00 1.00 1.00 1.00 0.98 0.45 0.00 0.00 0.00 
 0.00 0.00 0.00 0.11 0.16 0.43 1.00 1.00 0.65 0.82 0.65 0.33 0.37 0.76 1.00 1.00 0.96 0.25 0.00 0.00 
 0.00 0.00 0.00 0.00 0.00 0.15 1.00 1.00 0.94 0.43 0.00 0.00 0.00 0.04 0.72 1.00 1.00 0.74 0.00 0.00 
 0.00 0.00 0.00 0.00 0.00 0.15 1.00 1.00 0.64 0.00 0.00 0.00 0.00 0.00 0.16 0.98 1.00 0.94 0.11 0.00 
 0.00 0.00 0.00 0.00 0.00 0.15 1.00 1.00 0.57 0.00 0.00 0.00 0.00 0.00 0.00 0.72 1.00 1.00 0.31 0.00 
 0.00 0.00 0.00 0.00 0.00 0.15 1.00 1.00 0.57 0.00 0.00 0.00 0.00 0.00 0.00 0.47 1.00 1.00 0.43 0.00 
 0.00 0.00 0.00 0.00 0.00 0.15 1.00 1.00 0.57 0.00 0.00 0.00 0.00 0.00 0.00 0.31 1.00 1.00 0.43 0.00 
 0.00 0.00 0.00 0.00 0.00 0.15 1.00 1.00 0.57 0.00 0.00 0.00 0.00 0.00 0.00 0.29 1.00 1.00 0.35 0.00 
 0.00 0.00 0.00 0.00 0.00 0.15 1.00 1.00 0.57 0.00 0.00 0.00 0.00 0.00 0.00 0.31 1.00 0.98 0.16 0.00 
 0.00 0.00 0.00 0.00 0.00 0.15 1.00 1.00 0.57 0.00 0.00 0.00 0.00 0.00 0.00 0.47 1.00 0.84 0.00 0.00 
 0.00 0.00 0.00 0.00 0.00 0.15 1.00 1.00 0.62 0.00 0.00 0.00 0.00 0.00 0.02 0.74 1.00 0.45 0.00 0.00 
 0.00 0.00 0.00 0.00 0.00 0.15 1.00 1.00 0.84 0.04 0.00 0.00 0.00 0.00 0.25 1.00 0.82 0.04 0.00 0.00 
 0.00 0.00 0.00 0.00 0.00 0.15 1.00 1.00 0.98 0.62 0.08 0.00 0.00 0.18 0.88 0.88 0.18 0.00 0.00 0.00 
 0.00 0.00 0.00 0.00 0.00 0.15 1.00 1.00 0.65 0.69 0.88 0.72 0.74 0.90 0.67 0.13 0.00 0.00 0.00 0.00 
 0.00 0.00 0.00 0.00 0.00 0.15 1.00 1.00 0.57 0.00 0.13 0.29 0.27 0.08 0.00 0.00 0.00 0.00 0.00 0.00 
 0.00 0.00 0.00 0.00 0.00 0.15 1.00 1.00 0.57 0.00 0.00 0.00 0.00 0.00 0.00 0.00 0.00 0.00 0.00 0.00 
 0.00 0.00 0.00 0.00 0.00 0.15 1.00 1.00 0.57 0.00 0.00 0.00 0.00 0.00 0.00 0.00 0.00 0.00 0.00 0.00 
 0.00 0.00 0.00 0.00 0.00 0.15 1.00 1.00 0.57 0.00 0.00 0.00 0.00 0.00 0.00 0.00 0.00 0.00 0.00 0.00 
 0.00 0.00 0.00 0.00 0.00 0.15 1.00 1.00 0.57 0.00 0.00 0.00 0.00 0.00 0.00 0.00 0.00 0.00 0.00 0.00 
 