0.00 0.06 0.88 1.00 1.00 1.00 1.00 1.00 1.00 1.00 1.00 1.00 0.91 0.67 0.31 0.03 0.00 0.00 0.00 0.00 
 0.00 0.00 0.27 0.38 0.45 1.00 0.53 0.38 0.38 0.38 0.38 0.38 0.49 0.75 0.97 0.74 0.11 0.00 0.00 0.00 
 0.00 0.00 0.00 0.00 0.13 1.00 0.25 0.00 0.00 0.00 0.00 0.00 0.00 0.00 0.27 0.89 0.82 0.05 0.00 0.00 
 0.00 0.00 0.00 0.00 0.13 1.00 0.25 0.00 0.00 0.00 0.00 0.00 0.00 0.00 0.00 0.19 0.96 0.50 0.00 0.00 
 0.00 0.00 0.00 0.00 0.13 1.00 0.25 0.00 0.00 0.00 0.00 0.00 0.00 0.00 0.00 0.00 0.61 0.83 0.00 0.00 
 0.00 0.00 0.00 0.00 0.13 1.00 0.25 0.00 0.00 0.00 0.00 0.00 0.00 0.00 0.00 0.00 0.39 0.88 0.00 0.00 
 0.00 0.00 0.00 0.00 0.13 1.00 0.25 0.00 0.00 0.00 0.00 0.00 0.00 0.00 0.00 0.00 0.45 0.88 0.00 0.00 
 0.00 0.00 0.00 0.00 0.13 1.00 0.25 0.00 0.00 0.00 0.00 0.00 0.00 0.00 0.00 0.03 0.82 0.75 0.00 0.00 
 0.00 0.00 0.00 0.00 0.13 1.00 0.25 0.00 0.00 0.00 0.00 0.00 0.00 0.00 0.02 0.49 0.99 0.30 0.00 0.00 
 0.00 0.00 0.00 0.00 0.13 1.00 0.25 0.00 0.00 0.00 0.00 0.00 0.02 0.19 0.67 0.99 0.53 0.00 0.00 0.00 
 0.00 0.00 0.00 0.00 0.13 1.00 0.72 0.63 0.63 0.63 0.63 0.66 0.83 1.00 0.86 0.33 0.00 0.00 0.00 0.00 
 0.00 0.00 0.00 0.00 0.13 1.00 0.82 0.75 0.75 0.75 0.75 0.74 0.60 0.35 0.03 0.00 0.00 0.00 0.00 0.00 
 0.00 0.00 0.00 0.00 0.13 1.00 0.25 0.00 0.00 0.00 0.00 0.00 0.00 0.00 0.00 0.00 0.00 0.00 0.00 0.00 
 0.00 0.00 0.00 0.00 0.13 1.00 0.25 0.00 0.00 0.00 0.00 0.00 0.00 0.00 0.00 0.00 0.00 0.00 0.00 0.00 
 0.00 0.00 0.00 0.00 0.13 1.00 0.25 0.00 0.00 0.00 0.00 0.00 0.00 0.00 0.00 0.00 0.00 0.00 0.00 0.00 
 0.00 0.00 0.00 0.00 0.13 1.00 0.25 0.00 0.00 0.00 0.00 0.00 0.00 0.00 0.00 0.00 0.00 0.00 0.00 0.00 
 0.00 0.00 0.00 0.00 0.13 1.00 0.25 0.00 0.00 0.00 0.00 0.00 0.00 0.00 0.00 0.00 0.00 0.00 0.00 0.00 
 0.00 0.00 0.00 0.00 0.13 1.00 0.25 0.00 0.00 0.00 0.00 0.00 0.00 0.00 0.00 0.00 0.00 0.00 0.00 0.00 
 0.00 0.02 0.28 0.38 0.45 1.00 0.53 0.38 0.38 0.38 0.38 0.31 0.02 0.00 0.00 0.00 0.00 0.00 0.00 0.00 
 0.00 0.08 0.89 1.00 1.00 1.00 1.00 1.00 1.00 1.00 1.00 0.93 0.08 0.00 0.00 0.00 0.00 0.00 0.00 0.00 
 