0.00 0.00 0.25 0.46 0.76 1.00 1.00 1.00 1.00 1.00 1.00 0.95 0.85 0.68 0.38 0.05 0.00 0.00 0.00 0.00 
 0.00 0.00 0.00 0.00 0.03 0.80 1.00 1.00 0.63 0.29 0.22 0.37 0.73 1.00 1.00 0.85 0.20 0.00 0.00 0.00 
 0.00 0.00 0.00 0.00 0.00 0.61 1.00 1.00 0.33 0.00 0.00 0.00 0.02 0.48 1.00 1.00 0.91 0.15 0.00 0.00 
 0.00 0.00 0.00 0.00 0.00 0.56 1.00 1.00 0.33 0.00 0.00 0.00 0.00 0.03 0.80 1.00 1.00 0.72 0.00 0.00 
 0.00 0.00 0.00 0.00 0.00 0.56 1.00 1.00 0.33 0.00 0.00 0.00 0.00 0.00 0.44 1.00 1.00 0.95 0.07 0.00 
 0.00 0.00 0.00 0.00 0.00 0.56 1.00 1.00 0.33 0.00 0.00 0.00 0.00 0.00 0.25 1.00 1.00 1.00 0.22 0.00 
 0.00 0.00 0.00 0.00 0.00 0.56 1.00 1.00 0.33 0.00 0.00 0.00 0.00 0.00 0.25 1.00 1.00 1.00 0.19 0.00 
 0.00 0.00 0.00 0.00 0.00 0.56 1.00 1.00 0.33 0.00 0.00 0.00 0.00 0.00 0.44 1.00 1.00 0.91 0.04 0.00 
 0.00 0.00 0.00 0.00 0.00 0.56 1.00 1.00 0.33 0.00 0.00 0.00 0.00 0.05 0.85 1.00 1.00 0.62 0.00 0.00 
 0.00 0.00 0.00 0.00 0.00 0.56 1.00 1.00 0.33 0.00 0.00 0.00 0.07 0.67 1.00 1.00 0.85 0.09 0.00 0.00 
 0.00 0.00 0.00 0.00 0.00 0.56 1.00 1.00 0.87 0.67 0.56 0.62 0.91 1.00 0.98 0.71 0.11 0.00 0.00 0.00 
 0.00 0.00 0.00 0.00 0.00 0.56 1.00 1.00 0.45 0.32 0.47 0.56 0.55 0.41 0.15 0.00 0.00 0.00 0.00 0.00 
 0.00 0.00 0.00 0.00 0.00 0.56 1.00 1.00 0.33 0.00 0.00 0.00 0.00 0.00 0.00 0.00 0.00 0.00 0.00 0.00 
 0.00 0.00 0.00 0.00 0.00 0.56 1.00 1.00 0.33 0.00 0.00 0.00 0.00 0.00 0.00 0.00 0.00 0.00 0.00 0.00 
 0.00 0.00 0.00 0.00 0.00 0.56 1.00 1.00 0.33 0.00 0.00 0.00 0.00 0.00 0.00 0.00 0.00 0.00 0.00 0.00 
 0.00 0.00 0.00 0.00 0.00 0.56 1.00 1.00 0.33 0.00 0.00 0.00 0.00 0.00 0.00 0.00 0.00 0.00 0.00 0.00 
 0.00 0.00 0.00 0.00 0.00 0.56 1.00 1.00 0.33 0.00 0.00 0.00 0.00 0.00 0.00 0.00 0.00 0.00 0.00 0.00 
 0.00 0.00 0.00 0.00 0.00 0.56 1.00 1.00 0.33 0.00 0.00 0.00 0.00 0.00 0.00 0.00 0.00 0.00 0.00 0.00 
 0.00 0.00 0.00 0.00 0.00 0.65 1.00 1.00 0.42 0.00 0.00 0.00 0.00 0.00 0.00 0.00 0.00 0.00 0.00 0.00 
 0.00 0.00 0.00 0.00 0.15 0.93 1.00 1.00 0.77 0.04 0.00 0.00 0.00 0.00 0.00 0.00 0.00 0.00 0.00 0.00 
 