0.00 0.00 0.00 0.43 0.57 0.57 0.57 0.57 0.57 0.16 0.15 0.62 0.92 1.00 0.82 0.41 0.04 0.00 0.00 0.00 
 0.00 0.00 0.00 0.08 0.64 1.00 1.00 1.00 1.00 0.45 0.88 0.88 0.92 1.00 1.00 1.00 0.67 0.04 0.00 0.00 
 0.00 0.00 0.00 0.00 0.21 1.00 1.00 1.00 1.00 0.94 0.47 0.02 0.11 0.80 1.00 1.00 1.00 0.53 0.00 0.00 
 0.00 0.00 0.00 0.00 0.15 1.00 1.00 1.00 1.00 0.64 0.00 0.00 0.00 0.29 1.00 1.00 1.00 0.92 0.08 0.00 
 0.00 0.00 0.00 0.00 0.15 1.00 1.00 1.00 1.00 0.29 0.00 0.00 0.00 0.13 0.98 1.00 1.00 1.00 0.39 0.00 
 0.00 0.00 0.00 0.00 0.15 1.00 1.00 1.00 1.00 0.29 0.00 0.00 0.00 0.00 0.86 1.00 1.00 1.00 0.65 0.00 
 0.00 0.00 0.00 0.00 0.15 1.00 1.00 1.00 1.00 0.29 0.00 0.00 0.00 0.00 0.74 1.00 1.00 1.00 0.80 0.00 
 0.00 0.00 0.00 0.00 0.15 1.00 1.00 1.00 1.00 0.29 0.00 0.00 0.00 0.00 0.72 1.00 1.00 1.00 0.86 0.00 
 0.00 0.00 0.00 0.00 0.15 1.00 1.00 1.00 1.00 0.29 0.00 0.00 0.00 0.00 0.72 1.00 1.00 1.00 0.86 0.00 
 0.00 0.00 0.00 0.00 0.15 1.00 1.00 1.00 1.00 0.29 0.00 0.00 0.00 0.00 0.74 1.00 1.00 1.00 0.72 0.00 
 0.00 0.00 0.00 0.00 0.15 1.00 1.00 1.00 1.00 0.29 0.00 0.00 0.00 0.00 0.86 1.00 1.00 1.00 0.53 0.00 
 0.00 0.00 0.00 0.00 0.15 1.00 1.00 1.00 1.00 0.29 0.00 0.00 0.00 0.13 0.98 1.00 1.00 0.98 0.23 0.00 
 0.00 0.00 0.00 0.00 0.15 1.00 1.00 1.00 1.00 0.64 0.02 0.00 0.00 0.29 1.00 1.00 1.00 0.78 0.00 0.00 
 0.00 0.00 0.00 0.00 0.15 1.00 1.00 1.00 1.00 0.92 0.64 0.18 0.21 0.82 1.00 1.00 0.94 0.25 0.00 0.00 
 0.00 0.00 0.00 0.00 0.15 1.00 1.00 1.00 1.00 0.37 0.74 1.00 1.00 1.00 1.00 0.86 0.29 0.00 0.00 0.00 
 0.00 0.00 0.00 0.00 0.15 1.00 1.00 1.00 1.00 0.29 0.02 0.29 0.53 0.55 0.35 0.04 0.00 0.00 0.00 0.00 
 0.00 0.00 0.00 0.00 0.15 1.00 1.00 1.00 1.00 0.29 0.00 0.00 0.00 0.00 0.00 0.00 0.00 0.00 0.00 0.00 
 0.00 0.00 0.00 0.00 0.15 1.00 1.00 1.00 1.00 0.29 0.00 0.00 0.00 0.00 0.00 0.00 0.00 0.00 0.00 0.00 
 0.00 0.00 0.00 0.00 0.15 1.00 1.00 1.00 1.00 0.29 0.00 0.00 0.00 0.00 0.00 0.00 0.00 0.00 0.00 0.00 
 0.00 0.00 0.00 0.00 0.15 1.00 1.00 1.00 1.00 0.29 0.00 0.00 0.00 0.00 0.00 0.00 0.00 0.00 0.00 0.00 
 