-1.00 -1.00 -1.00 -0.40 0.49 0.72 0.34 -1.00 -0.51 -0.22 -0.20 -0.04 0.29 -0.46 -1.00 -1.00 -1.00 -1.00 -1.00 -1.00 
 -1.00 -1.00 -1.00 -0.91 -0.69 0.65 0.40 -0.29 -0.64 -1.00 -1.00 -1.00 -0.84 0.64 -0.03 -1.00 -1.00 -1.00 -1.00 -1.00 
 -1.00 -1.00 -1.00 -1.00 -1.00 0.18 0.78 -0.55 -1.00 -1.00 -1.00 -1.00 -1.00 -0.69 0.95 -0.35 -1.00 -1.00 -1.00 -1.00 
 -1.00 -1.00 -1.00 -1.00 -1.00 0.17 0.53 -1.00 -1.00 -1.00 -1.00 -1.00 -1.00 -1.00 0.25 0.76 -0.97 -1.00 -1.00 -1.00 
 -1.00 -1.00 -1.00 -1.00 -1.00 0.17 0.44 -1.00 -1.00 -1.00 -1.00 -1.00 -1.00 -1.00 -0.42 1.00 -0.44 -1.00 -1.00 -1.00 
 -1.00 -1.00 -1.00 -1.00 -1.00 0.17 0.44 -1.00 -1.00 -1.00 -1.00 -1.00 -1.00 -1.00 -0.83 1.00 0.04 -1.00 -1.00 -1.00 
 -1.00 -1.00 -1.00 -1.00 -1.00 0.17 0.44 -1.00 -1.00 -1.00 -1.00 -1.00 -1.00 -1.00 -0.99 0.97 0.29 -1.00 -1.00 -1.00 
 -1.00 -1.00 -1.00 -1.00 -1.00 0.17 0.44 -1.00 -1.00 -1.00 -1.00 -1.00 -1.00 -1.00 -0.99 0.96 0.30 -1.00 -1.00 -1.00 
 -1.00 -1.00 -1.00 -1.00 -1.00 0.17 0.44 -1.00 -1.00 -1.00 -1.00 -1.00 -1.00 -1.00 -0.85 1.00 0.08 -1.00 -1.00 -1.00 
 -1.00 -1.00 -1.00 -1.00 -1.00 0.17 0.44 -1.00 -1.00 -1.00 -1.00 -1.00 -1.00 -1.00 -0.45 1.00 -0.40 -1.00 -1.00 -1.00 
 -1.00 -1.00 -1.00 -1.00 -1.00 0.17 0.49 -1.00 -1.00 -1.00 -1.00 -1.00 -1.00 -1.00 0.22 0.78 -0.95 -1.00 -1.00 -1.00 
 -1.00 -1.00 -1.00 -1.00 -1.00 0.17 0.87 -0.74 -1.00 -1.00 -1.00 -1.00 -1.00 -0.71 0.95 -0.33 -1.00 -1.00 -1.00 -1.00 
 -1.00 -1.00 -1.00 -1.00 -1.00 0.17 0.45 -0.14 -0.91 -1.00 -1.00 -1.00 -0.85 0.62 -0.00 -1.00 -1.00 -1.00 -1.00 -1.00 
 -1.00 -1.00 -1.00 -1.00 -1.00 0.17 0.44 -0.96 -0.27 -0.29 -0.47 -0.15 0.36 -0.41 -1.00 -1.00 -1.00 -1.00 -1.00 -1.00 
 -1.00 -1.00 -1.00 -1.00 -1.00 0.17 0.44 -1.00 -1.00 -0.95 -0.73 -0.85 -1.00 -1.00 -1.00 -1.00 -1.00 -1.00 -1.00 -1.00 
 -1.00 -1.00 -1.00 -1.00 -1.00 0.17 0.44 -1.00 -1.00 -1.00 -1.00 -1.00 -1.00 -1.00 -1.00 -1.00 -1.00 -1.00 -1.00 -1.00 
 -1.00 -1.00 -1.00 -1.00 -1.00 0.17 0.44 -1.00 -1.00 -1.00 -1.00 -1.00 -1.00 -1.00 -1.00 -1.00 -1.00 -1.00 -1.00 -1.00 
 -1.00 -1.00 -1.00 -1.00 -1.00 0.17 0.44 -1.00 -1.00 -1.00 -1.00 -1.00 -1.00 -1.00 -1.00 -1.00 -1.00 -1.00 -1.00 -1.00 
 -1.00 -1.00 -1.00 -1.00 -1.00 0.19 0.47 -1.00 -1.00 -1.00 -1.00 -1.00 -1.00 -1.00 -1.00 -1.00 -1.00 -1.00 -1.00 -1.00 
 -1.00 -1.00 -1.00 -0.53 0.12 0.84 0.93 0.17 -0.39 -1.00 -1.00 -1.00 -1.00 -1.00 -1.00 -1.00 -1.00 -1.00 -1.00 -1.00 
 