0.00 0.00 0.07 0.67 0.87 1.00 0.79 0.66 0.66 0.66 0.66 0.71 0.76 0.52 0.09 0.00 0.00 0.00 0.00 0.00 
 0.00 0.00 0.00 0.00 0.26 1.00 0.19 0.00 0.00 0.00 0.00 0.00 0.02 0.41 0.90 0.29 0.00 0.00 0.00 0.00 
 0.00 0.00 0.00 0.00 0.24 1.00 0.18 0.00 0.00 0.00 0.00 0.00 0.00 0.00 0.31 0.97 0.20 0.00 0.00 0.00 
 0.00 0.00 0.00 0.00 0.24 1.00 0.18 0.00 0.00 0.00 0.00 0.00 0.00 0.00 0.00 0.80 0.75 0.00 0.00 0.00 
 0.00 0.00 0.00 0.00 0.24 1.00 0.18 0.00 0.00 0.00 0.00 0.00 0.00 0.00 0.00 0.58 1.00 0.05 0.00 0.00 
 0.00 0.00 0.00 0.00 0.24 1.00 0.18 0.00 0.00 0.00 0.00 0.00 0.00 0.00 0.00 0.52 1.00 0.12 0.00 0.00 
 0.00 0.00 0.00 0.00 0.24 1.00 0.18 0.00 0.00 0.00 0.00 0.00 0.00 0.00 0.00 0.63 0.95 0.02 0.00 0.00 
 0.00 0.00 0.00 0.00 0.24 1.00 0.18 0.00 0.00 0.00 0.00 0.00 0.00 0.00 0.03 0.91 0.55 0.00 0.00 0.00 
 0.00 0.00 0.00 0.00 0.24 1.00 0.18 0.00 0.00 0.00 0.00 0.00 0.00 0.01 0.58 0.79 0.04 0.00 0.00 0.00 
 0.00 0.00 0.00 0.00 0.24 1.00 0.18 0.00 0.00 0.00 0.00 0.06 0.29 0.72 0.58 0.04 0.00 0.00 0.00 0.00 
 0.00 0.00 0.00 0.00 0.24 1.00 0.60 0.50 0.50 0.50 0.50 0.49 0.35 0.08 0.00 0.00 0.00 0.00 0.00 0.00 
 0.00 0.00 0.00 0.00 0.24 1.00 0.20 0.00 0.00 0.00 0.00 0.00 0.00 0.00 0.00 0.00 0.00 0.00 0.00 0.00 
 0.00 0.00 0.00 0.00 0.24 1.00 0.20 0.00 0.00 0.00 0.00 0.00 0.00 0.00 0.00 0.00 0.00 0.00 0.00 0.00 
 0.00 0.00 0.00 0.00 0.24 1.00 0.20 0.00 0.00 0.00 0.00 0.00 0.00 0.00 0.00 0.00 0.00 0.00 0.00 0.00 
 0.00 0.00 0.00 0.00 0.24 1.00 0.20 0.00 0.00 0.00 0.00 0.00 0.00 0.00 0.00 0.00 0.00 0.00 0.00 0.00 
 0.00 0.00 0.00 0.00 0.24 1.00 0.20 0.00 0.00 0.00 0.00 0.00 0.00 0.00 0.00 0.00 0.00 0.00 0.00 0.00 
 0.00 0.00 0.00 0.00 0.24 1.00 0.20 0.00 0.00 0.00 0.00 0.00 0.00 0.00 0.00 0.00 0.00 0.00 0.00 0.00 
 0.00 0.00 0.00 0.00 0.24 1.00 0.20 0.00 0.00 0.00 0.00 0.00 0.00 0.00 0.00 0.00 0.00 0.00 0.00 0.00 
 0.00 0.00 0.00 0.00 0.25 1.00 0.22 0.00 0.00 0.00 0.00 0.00 0.00 0.00 0.00 0.00 0.00 0.00 0.00 0.00 
 0.00 0.00 0.07 0.64 0.85 1.00 0.84 0.64 0.05 0.00 0.00 0.00 0.00 0.00 0.00 0.00 0.00 0.00 0.00 0.00 
 