-1.00 -1.00 -1.00 -1.00 -1.00 -1.00 -1.00 -1.00 -0.82 0.11 0.71 -1.00 -1.00 -0.73 0.29 0.91 0.58 -0.91 -1.00 -1.00 
 -1.00 -1.00 -1.00 -1.00 -1.00 -1.00 -0.92 -0.01 0.91 1.00 0.49 -0.99 -0.19 0.92 1.00 1.00 1.00 -0.27 -1.00 -1.00 
 -1.00 -1.00 -1.00 -1.00 -1.00 -0.50 0.62 0.37 1.00 1.00 0.15 0.36 0.45 -0.55 -0.71 0.88 1.00 -0.06 -1.00 -1.00 
 -1.00 -1.00 -1.00 -1.00 -1.00 -0.62 -0.92 -1.00 0.83 1.00 0.87 -0.25 -0.99 -1.00 -1.00 0.48 1.00 -0.20 -1.00 -1.00 
 -1.00 -1.00 -1.00 -1.00 -1.00 -1.00 -1.00 -0.92 0.98 0.98 -0.72 -1.00 -1.00 -1.00 -1.00 0.54 1.00 -0.53 -1.00 -1.00 
 -1.00 -1.00 -1.00 -1.00 -1.00 -1.00 -1.00 -0.56 1.00 0.63 -1.00 -1.00 -1.00 -1.00 -0.99 0.84 0.93 -0.93 -1.00 -1.00 
 -1.00 -1.00 -1.00 -1.00 -1.00 -1.00 -1.00 -0.15 1.00 0.17 -1.00 -1.00 -1.00 -1.00 -0.65 1.00 0.40 -1.00 -1.00 -1.00 
 -1.00 -1.00 -1.00 -1.00 -1.00 -1.00 -1.00 0.28 1.00 -0.29 -1.00 -1.00 -1.00 -1.00 0.03 1.00 -0.34 -1.00 -1.00 -1.00 
 -1.00 -1.00 -1.00 -1.00 -1.00 -1.00 -1.00 0.73 1.00 -0.74 -1.00 -1.00 -1.00 -0.94 0.80 0.70 -0.97 -1.00 -1.00 -1.00 
 -1.00 -1.00 -1.00 -1.00 -1.00 -1.00 -0.81 1.00 0.82 -0.99 -1.00 -1.00 -1.00 -0.04 0.95 -0.52 -1.00 -1.00 -1.00 -1.00 
 -1.00 -1.00 -1.00 -1.00 -1.00 -1.00 -0.36 1.00 0.70 -0.73 -1.00 -0.99 -0.24 0.82 -0.50 -1.00 -1.00 -1.00 -1.00 -1.00 
 -1.00 -1.00 -1.00 -1.00 -1.00 -1.00 0.12 1.00 1.00 1.00 0.76 0.81 0.60 -0.74 -1.00 -1.00 -1.00 -1.00 -1.00 -1.00 
 -1.00 -1.00 -1.00 -1.00 -1.00 -1.00 0.60 1.00 0.43 0.50 0.39 -0.18 -0.95 -1.00 -1.00 -1.00 -1.00 -1.00 -1.00 -1.00 
 -1.00 -1.00 -1.00 -1.00 -1.00 -0.89 0.98 0.91 -0.97 -1.00 -1.00 -1.00 -1.00 -1.00 -1.00 -1.00 -1.00 -1.00 -1.00 -1.00 
 -1.00 -1.00 -1.00 -1.00 -1.00 -0.42 1.00 0.48 -1.00 -1.00 -1.00 -1.00 -1.00 -1.00 -1.00 -1.00 -1.00 -1.00 -1.00 -1.00 
 -1.00 -1.00 -1.00 -1.00 -1.00 0.07 1.00 0.03 -1.00 -1.00 -1.00 -1.00 -1.00 -1.00 -1.00 -1.00 -1.00 -1.00 -1.00 -1.00 
 -1.00 -1.00 -1.00 -1.00 -1.00 0.58 1.00 -0.42 -1.00 -1.00 -1.00 -1.00 -1.00 -1.00 -1.00 -1.00 -1.00 -1.00 -1.00 -1.00 
 -1.00 -1.00 -1.00 -1.00 -0.87 0.98 0.99 -0.86 -1.00 -1.00 -1.00 -1.00 -1.00 -1.00 -1.00 -1.00 -1.00 -1.00 -1.00 -1.00 
 -1.00 -1.00 -1.00 -0.96 -0.31 1.00 0.69 -1.00 -1.00 -1.00 -1.00 -1.00 -1.00 -1.00 -1.00 -1.00 -1.00 -1.00 -1.00 -1.00 
 -1.00 -1.00 -0.79 0.74 1.00 1.00 0.96 0.78 0.67 0.06 -0.98 -1.00 -1.00 -1.00 -1.00 -1.00 -1.00 -1.00 -1.00 -1.00 
 