-1.00 -1.00 -1.00 -1.00 -0.69 -0.40 -0.17 0.13 0.44 -0.35 -0.89 -0.04 0.62 0.94 0.95 0.62 -0.12 -0.96 -1.00 -1.00 
 -1.00 -1.00 -1.00 -1.00 0.09 0.75 1.00 1.00 1.00 0.03 0.71 0.14 -0.37 -0.36 0.30 1.00 1.00 0.47 -0.95 -1.00 
 -1.00 -1.00 -1.00 -1.00 -1.00 -0.97 0.65 1.00 1.00 0.70 -0.69 -1.00 -1.00 -1.00 -1.00 0.12 1.00 1.00 -0.09 -1.00 
 -1.00 -1.00 -1.00 -1.00 -1.00 -1.00 0.47 1.00 0.91 -0.80 -1.00 -1.00 -1.00 -1.00 -1.00 -0.85 0.97 1.00 0.67 -1.00 
 -1.00 -1.00 -1.00 -1.00 -1.00 -1.00 0.75 1.00 0.58 -1.00 -1.00 -1.00 -1.00 -1.00 -1.00 -1.00 0.65 1.00 0.99 -0.91 
 -1.00 -1.00 -1.00 -1.00 -1.00 -0.90 0.99 1.00 0.25 -1.00 -1.00 -1.00 -1.00 -1.00 -1.00 -1.00 0.51 1.00 1.00 -0.76 
 -1.00 -1.00 -1.00 -1.00 -1.00 -0.58 1.00 1.00 -0.09 -1.00 -1.00 -1.00 -1.00 -1.00 -1.00 -1.00 0.60 1.00 1.00 -0.86 
 -1.00 -1.00 -1.00 -1.00 -1.00 -0.25 1.00 1.00 -0.43 -1.00 -1.00 -1.00 -1.00 -1.00 -1.00 -0.98 0.88 1.00 0.80 -1.00 
 -1.00 -1.00 -1.00 -1.00 -1.00 0.09 1.00 1.00 -0.76 -1.00 -1.00 -1.00 -1.00 -1.00 -1.00 -0.61 1.00 1.00 0.24 -1.00 
 -1.00 -1.00 -1.00 -1.00 -1.00 0.42 1.00 0.90 -0.99 -1.00 -1.00 -1.00 -1.00 -1.00 -1.00 0.17 1.00 1.00 -0.58 -1.00 
 -1.00 -1.00 -1.00 -1.00 -1.00 0.76 1.00 0.57 -1.00 -1.00 -1.00 -1.00 -1.00 -1.00 -0.65 0.95 1.00 0.28 -1.00 -1.00 
 -1.00 -1.00 -1.00 -1.00 -0.90 0.99 1.00 0.70 -0.83 -1.00 -1.00 -1.00 -1.00 -0.75 0.73 1.00 0.65 -0.88 -1.00 -1.00 
 -1.00 -1.00 -1.00 -1.00 -0.58 1.00 1.00 0.84 0.82 -0.05 -0.52 -0.55 -0.03 0.87 1.00 0.50 -0.84 -1.00 -1.00 -1.00 
 -1.00 -1.00 -1.00 -1.00 -0.24 1.00 1.00 -0.42 -0.22 0.59 0.97 1.00 0.97 0.55 -0.27 -0.98 -1.00 -1.00 -1.00 -1.00 
 -1.00 -1.00 -1.00 -1.00 0.10 1.00 1.00 -0.76 -1.00 -1.00 -0.96 -0.86 -0.96 -1.00 -1.00 -1.00 -1.00 -1.00 -1.00 -1.00 
 -1.00 -1.00 -1.00 -1.00 0.43 1.00 0.89 -0.99 -1.00 -1.00 -1.00 -1.00 -1.00 -1.00 -1.00 -1.00 -1.00 -1.00 -1.00 -1.00 
 -1.00 -1.00 -1.00 -1.00 0.76 1.00 0.57 -1.00 -1.00 -1.00 -1.00 -1.00 -1.00 -1.00 -1.00 -1.00 -1.00 -1.00 -1.00 -1.00 
 -1.00 -1.00 -1.00 -0.83 1.00 1.00 0.29 -1.00 -1.00 -1.00 -1.00 -1.00 -1.00 -1.00 -1.00 -1.00 -1.00 -1.00 -1.00 -1.00 
 -1.00 -1.00 -0.99 0.12 1.00 1.00 0.57 -0.98 -1.00 -1.00 -1.00 -1.00 -1.00 -1.00 -1.00 -1.00 -1.00 -1.00 -1.00 -1.00 
 -1.00 0.15 0.67 1.00 1.00 1.00 1.00 0.68 -0.07 -1.00 -1.00 -1.00 -1.00 -1.00 -1.00 -1.00 -1.00 -1.00 -1.00 -1.00 
 