-1.00 -1.00 -1.00 -1.00 -1.00 -1.00 -0.98 -0.55 0.15 0.39 -1.00 -0.46 0.45 0.91 0.95 0.53 -0.52 -1.00 -1.00 -1.00 
 -1.00 -1.00 -1.00 -1.00 -1.00 0.04 0.77 1.00 1.00 0.27 0.17 0.91 0.63 0.87 1.00 1.00 0.95 -0.55 -1.00 -1.00 
 -1.00 -1.00 -1.00 -1.00 -1.00 -0.99 -0.51 1.00 1.00 0.84 -0.12 -0.92 -1.00 -0.93 0.28 1.00 1.00 0.51 -1.00 -1.00 
 -1.00 -1.00 -1.00 -1.00 -1.00 -1.00 -0.55 1.00 1.00 -0.25 -1.00 -1.00 -1.00 -1.00 -0.91 0.86 1.00 0.98 -0.88 -1.00 
 -1.00 -1.00 -1.00 -1.00 -1.00 -1.00 -0.22 1.00 1.00 -0.76 -1.00 -1.00 -1.00 -1.00 -1.00 0.34 1.00 1.00 -0.66 -1.00 
 -1.00 -1.00 -1.00 -1.00 -1.00 -1.00 0.11 1.00 0.90 -0.99 -1.00 -1.00 -1.00 -1.00 -1.00 0.14 1.00 1.00 -0.69 -1.00 
 -1.00 -1.00 -1.00 -1.00 -1.00 -1.00 0.45 1.00 0.57 -1.00 -1.00 -1.00 -1.00 -1.00 -1.00 0.18 1.00 0.98 -0.93 -1.00 
 -1.00 -1.00 -1.00 -1.00 -1.00 -1.00 0.78 1.00 0.23 -1.00 -1.00 -1.00 -1.00 -1.00 -1.00 0.43 1.00 0.58 -1.00 -1.00 
 -1.00 -1.00 -1.00 -1.00 -1.00 -0.87 1.00 1.00 -0.10 -1.00 -1.00 -1.00 -1.00 -1.00 -0.98 0.84 1.00 -0.10 -1.00 -1.00 
 -1.00 -1.00 -1.00 -1.00 -1.00 -0.55 1.00 1.00 -0.44 -1.00 -1.00 -1.00 -1.00 -1.00 -0.50 1.00 0.86 -0.87 -1.00 -1.00 
 -1.00 -1.00 -1.00 -1.00 -1.00 -0.22 1.00 1.00 -0.76 -1.00 -1.00 -1.00 -1.00 -0.99 0.42 1.00 -0.22 -1.00 -1.00 -1.00 
 -1.00 -1.00 -1.00 -1.00 -1.00 0.12 1.00 1.00 -0.78 -1.00 -1.00 -1.00 -1.00 -0.24 1.00 0.20 -0.99 -1.00 -1.00 -1.00 
 -1.00 -1.00 -1.00 -1.00 -1.00 0.46 1.00 0.92 0.65 -0.51 -0.98 -0.86 -0.01 0.96 0.06 -0.98 -1.00 -1.00 -1.00 -1.00 
 -1.00 -1.00 -1.00 -1.00 -1.00 0.79 1.00 0.23 -0.16 0.78 0.94 0.81 0.29 -0.60 -1.00 -1.00 -1.00 -1.00 -1.00 -1.00 
 -1.00 -1.00 -1.00 -1.00 -0.87 1.00 1.00 -0.11 -1.00 -1.00 -1.00 -1.00 -1.00 -1.00 -1.00 -1.00 -1.00 -1.00 -1.00 -1.00 
 -1.00 -1.00 -1.00 -1.00 -0.54 1.00 1.00 -0.44 -1.00 -1.00 -1.00 -1.00 -1.00 -1.00 -1.00 -1.00 -1.00 -1.00 -1.00 -1.00 
 -1.00 -1.00 -1.00 -1.00 -0.21 1.00 1.00 -0.77 -1.00 -1.00 -1.00 -1.00 -1.00 -1.00 -1.00 -1.00 -1.00 -1.00 -1.00 -1.00 
 -1.00 -1.00 -1.00 -1.00 0.13 1.00 0.89 -0.99 -1.00 -1.00 -1.00 -1.00 -1.00 -1.00 -1.00 -1.00 -1.00 -1.00 -1.00 -1.00 
 -1.00 -1.00 -1.00 -0.98 0.64 1.00 0.78 -1.00 -1.00 -1.00 -1.00 -1.00 -1.00 -1.00 -1.00 -1.00 -1.00 -1.00 -1.00 -1.00 
 -1.00 -0.98 -0.16 0.44 1.00 1.00 1.00 0.25 -0.18 -0.86 -1.00 -1.00 -1.00 -1.00 -1.00 -1.00 -1.00 -1.00 -1.00 -1.00 
 