-1.00 -1.00 -1.00 -1.00 -0.84 -0.43 -0.30 -0.18 -0.05 -0.16 -0.99 -0.27 0.59 0.95 0.92 0.44 -0.58 -1.00 -1.00 -1.00 
 -1.00 -1.00 -1.00 -1.00 -0.12 1.00 1.00 1.00 1.00 0.33 0.22 0.93 0.37 0.28 0.86 1.00 0.95 -0.45 -1.00 -1.00 
 -1.00 -1.00 -1.00 -1.00 -0.95 -0.91 -0.03 1.00 1.00 0.84 0.65 -0.76 -1.00 -1.00 -0.76 0.87 1.00 0.80 -0.93 -1.00 
 -1.00 -1.00 -1.00 -1.00 -1.00 -1.00 -0.10 1.00 1.00 0.90 -0.76 -1.00 -1.00 -1.00 -1.00 0.15 1.00 1.00 -0.33 -1.00 
 -1.00 -1.00 -1.00 -1.00 -1.00 -1.00 0.23 1.00 1.00 0.02 -1.00 -1.00 -1.00 -1.00 -1.00 -0.20 1.00 1.00 0.12 -1.00 
 -1.00 -1.00 -1.00 -1.00 -1.00 -1.00 0.57 1.00 1.00 -0.76 -1.00 -1.00 -1.00 -1.00 -1.00 -0.23 1.00 1.00 0.29 -1.00 
 -1.00 -1.00 -1.00 -1.00 -1.00 -0.99 0.90 1.00 0.66 -1.00 -1.00 -1.00 -1.00 -1.00 -1.00 -0.07 1.00 1.00 0.22 -1.00 
 -1.00 -1.00 -1.00 -1.00 -1.00 -0.76 1.00 1.00 0.26 -1.00 -1.00 -1.00 -1.00 -1.00 -1.00 0.25 1.00 1.00 -0.06 -1.00 
 -1.00 -1.00 -1.00 -1.00 -1.00 -0.43 1.00 1.00 0.03 -1.00 -1.00 -1.00 -1.00 -1.00 -1.00 0.71 1.00 1.00 -0.54 -1.00 
 -1.00 -1.00 -1.00 -1.00 -1.00 -0.10 1.00 1.00 -0.02 -1.00 -1.00 -1.00 -1.00 -1.00 -0.68 1.00 1.00 0.75 -0.98 -1.00 
 -1.00 -1.00 -1.00 -1.00 -1.00 0.24 1.00 1.00 0.21 -1.00 -1.00 -1.00 -1.00 -1.00 0.16 1.00 1.00 -0.18 -1.00 -1.00 
 -1.00 -1.00 -1.00 -1.00 -1.00 0.58 1.00 1.00 0.79 -0.94 -1.00 -1.00 -1.00 -0.58 0.96 1.00 0.55 -0.97 -1.00 -1.00 
 -1.00 -1.00 -1.00 -1.00 -0.98 0.90 1.00 0.75 0.91 0.32 -0.82 -0.95 -0.34 0.84 1.00 0.71 -0.80 -1.00 -1.00 -1.00 
 -1.00 -1.00 -1.00 -1.00 -0.76 1.00 1.00 0.31 -0.19 1.00 1.00 0.99 1.00 1.00 0.36 -0.84 -1.00 -1.00 -1.00 -1.00 
 -1.00 -1.00 -1.00 -1.00 -0.43 1.00 1.00 -0.02 -1.00 -0.53 0.10 0.22 -0.02 -0.63 -1.00 -1.00 -1.00 -1.00 -1.00 -1.00 
 -1.00 -1.00 -1.00 -1.00 -0.09 1.00 1.00 -0.36 -1.00 -1.00 -1.00 -1.00 -1.00 -1.00 -1.00 -1.00 -1.00 -1.00 -1.00 -1.00 
 -1.00 -1.00 -1.00 -1.00 0.25 1.00 1.00 -0.69 -1.00 -1.00 -1.00 -1.00 -1.00 -1.00 -1.00 -1.00 -1.00 -1.00 -1.00 -1.00 
 -1.00 -1.00 -1.00 -1.00 0.58 1.00 0.95 -0.97 -1.00 -1.00 -1.00 -1.00 -1.00 -1.00 -1.00 -1.00 -1.00 -1.00 -1.00 -1.00 
 -1.00 -1.00 -0.99 -0.59 0.96 1.00 0.91 -0.81 -1.00 -1.00 -1.00 -1.00 -1.00 -1.00 -1.00 -1.00 -1.00 -1.00 -1.00 -1.00 
 -1.00 -0.15 0.94 1.00 1.00 1.00 1.00 1.00 0.91 -0.61 -1.00 -1.00 -1.00 -1.00 -1.00 -1.00 -1.00 -1.00 -1.00 -1.00 
 