0.00 0.00 0.00 0.57 1.00 1.00 1.00 1.00 1.00 1.00 1.00 0.98 0.80 0.41 0.02 0.00 0.00 0.00 0.00 0.00 
 0.00 0.00 0.00 0.25 0.51 0.87 0.93 0.51 0.51 0.51 0.51 0.60 0.89 1.00 0.76 0.06 0.00 0.00 0.00 0.00 
 0.00 0.00 0.00 0.00 0.00 0.74 0.85 0.00 0.00 0.00 0.00 0.00 0.02 0.52 1.00 0.69 0.00 0.00 0.00 0.00 
 0.00 0.00 0.00 0.00 0.00 0.74 0.85 0.00 0.00 0.00 0.00 0.00 0.00 0.00 0.60 1.00 0.23 0.00 0.00 0.00 
 0.00 0.00 0.00 0.00 0.00 0.74 0.85 0.00 0.00 0.00 0.00 0.00 0.00 0.00 0.12 1.00 0.55 0.00 0.00 0.00 
 0.00 0.00 0.00 0.00 0.00 0.74 0.85 0.00 0.00 0.00 0.00 0.00 0.00 0.00 0.00 0.91 0.68 0.00 0.00 0.00 
 0.00 0.00 0.00 0.00 0.00 0.74 0.85 0.00 0.00 0.00 0.00 0.00 0.00 0.00 0.02 0.96 0.64 0.00 0.00 0.00 
 0.00 0.00 0.00 0.00 0.00 0.74 0.85 0.00 0.00 0.00 0.00 0.00 0.00 0.00 0.30 1.00 0.42 0.00 0.00 0.00 
 0.00 0.00 0.00 0.00 0.00 0.74 0.85 0.00 0.00 0.00 0.00 0.00 0.00 0.10 0.87 0.94 0.07 0.00 0.00 0.00 
 0.00 0.00 0.00 0.00 0.00 0.74 0.85 0.00 0.00 0.00 0.00 0.07 0.38 0.89 0.99 0.34 0.00 0.00 0.00 0.00 
 0.00 0.00 0.00 0.00 0.00 0.74 1.00 0.98 0.98 0.98 0.98 1.00 1.00 0.91 0.32 0.00 0.00 0.00 0.00 0.00 
 0.00 0.00 0.00 0.00 0.00 0.74 0.93 0.54 0.54 0.54 0.54 0.51 0.33 0.04 0.00 0.00 0.00 0.00 0.00 0.00 
 0.00 0.00 0.00 0.00 0.00 0.74 0.85 0.00 0.00 0.00 0.00 0.00 0.00 0.00 0.00 0.00 0.00 0.00 0.00 0.00 
 0.00 0.00 0.00 0.00 0.00 0.74 0.85 0.00 0.00 0.00 0.00 0.00 0.00 0.00 0.00 0.00 0.00 0.00 0.00 0.00 
 0.00 0.00 0.00 0.00 0.00 0.74 0.85 0.00 0.00 0.00 0.00 0.00 0.00 0.00 0.00 0.00 0.00 0.00 0.00 0.00 
 0.00 0.00 0.00 0.00 0.00 0.74 0.85 0.00 0.00 0.00 0.00 0.00 0.00 0.00 0.00 0.00 0.00 0.00 0.00 0.00 
 0.00 0.00 0.00 0.00 0.00 0.74 0.85 0.00 0.00 0.00 0.00 0.00 0.00 0.00 0.00 0.00 0.00 0.00 0.00 0.00 
 0.00 0.00 0.00 0.00 0.00 0.74 0.85 0.00 0.00 0.00 0.00 0.00 0.00 0.00 0.00 0.00 0.00 0.00 0.00 0.00 
 0.00 0.00 0.00 0.22 0.45 0.86 0.92 0.45 0.26 0.00 0.00 0.00 0.00 0.00 0.00 0.00 0.00 0.00 0.00 0.00 
 0.00 0.00 0.00 0.59 1.00 1.00 1.00 1.00 0.69 0.00 0.00 0.00 0.00 0.00 0.00 0.00 0.00 0.00 0.00 0.00 
 