0.00 0.00 0.00 0.00 0.01 0.66 0.92 0.16 0.00 0.03 0.13 0.18 0.07 0.00 0.00 0.00 0.00 0.00 0.00 0.00 
 0.00 0.00 0.00 0.00 0.13 1.00 1.00 0.38 0.44 0.87 1.00 1.00 0.97 0.56 0.04 0.00 0.00 0.00 0.00 0.00 
 0.00 0.00 0.00 0.00 0.17 1.00 1.00 0.95 1.00 1.00 1.00 1.00 1.00 1.00 0.60 0.00 0.00 0.00 0.00 0.00 
 0.00 0.00 0.00 0.00 0.09 1.00 1.00 1.00 0.97 0.63 0.33 0.32 0.79 1.00 0.98 0.17 0.00 0.00 0.00 0.00 
 0.00 0.00 0.00 0.00 0.09 1.00 1.00 0.90 0.24 0.00 0.00 0.00 0.13 0.97 1.00 0.51 0.00 0.00 0.00 0.00 
 0.00 0.00 0.00 0.00 0.05 0.96 1.00 0.47 0.00 0.00 0.00 0.00 0.00 0.75 1.00 0.74 0.00 0.00 0.00 0.00 
 0.00 0.00 0.00 0.00 0.00 0.91 1.00 0.55 0.00 0.00 0.00 0.00 0.00 0.60 1.00 0.85 0.00 0.00 0.00 0.00 
 0.00 0.00 0.00 0.00 0.00 0.89 1.00 0.56 0.00 0.00 0.00 0.00 0.00 0.55 1.00 0.91 0.00 0.00 0.00 0.00 
 0.00 0.00 0.00 0.00 0.00 0.82 1.00 0.64 0.00 0.00 0.00 0.00 0.00 0.59 1.00 0.89 0.00 0.00 0.00 0.00 
 0.00 0.00 0.00 0.00 0.00 0.82 1.00 0.64 0.00 0.00 0.00 0.00 0.01 0.80 1.00 0.75 0.00 0.00 0.00 0.00 
 0.00 0.00 0.00 0.00 0.00 0.82 1.00 0.64 0.00 0.00 0.00 0.00 0.34 1.00 1.00 0.45 0.00 0.00 0.00 0.00 
 0.00 0.00 0.00 0.00 0.00 0.82 1.00 0.94 0.61 0.42 0.37 0.57 0.98 1.00 0.89 0.07 0.00 0.00 0.00 0.00 
 0.00 0.00 0.00 0.00 0.00 0.82 1.00 1.00 1.00 1.00 1.00 1.00 1.00 0.95 0.26 0.00 0.00 0.00 0.00 0.00 
 0.00 0.00 0.00 0.00 0.00 0.82 1.00 0.89 0.89 0.96 1.00 0.91 0.68 0.18 0.00 0.00 0.00 0.00 0.00 0.00 
 0.00 0.00 0.00 0.00 0.00 0.82 1.00 0.55 0.00 0.05 0.09 0.01 0.00 0.00 0.00 0.00 0.00 0.00 0.00 0.00 
 0.00 0.00 0.00 0.00 0.00 0.82 1.00 0.55 0.00 0.00 0.00 0.00 0.00 0.00 0.00 0.00 0.00 0.00 0.00 0.00 
 0.00 0.00 0.00 0.00 0.00 0.82 1.00 0.55 0.00 0.00 0.00 0.00 0.00 0.00 0.00 0.00 0.00 0.00 0.00 0.00 
 0.00 0.00 0.00 0.00 0.00 0.82 1.00 0.55 0.00 0.00 0.00 0.00 0.00 0.00 0.00 0.00 0.00 0.00 0.00 0.00 
 0.00 0.00 0.00 0.00 0.00 0.82 1.00 0.55 0.00 0.00 0.00 0.00 0.00 0.00 0.00 0.00 0.00 0.00 0.00 0.00 
 0.00 0.00 0.00 0.00 0.00 0.82 1.00 0.55 0.00 0.00 0.00 0.00 0.00 0.00 0.00 0.00 0.00 0.00 0.00 0.00 
 