0.00 0.00 0.00 0.00 0.00 0.02 0.20 0.52 0.84 0.94 0.10 0.00 0.25 0.73 0.96 0.94 0.55 0.03 0.00 0.00 
 0.00 0.00 0.00 0.03 0.37 0.79 1.00 1.00 1.00 1.00 0.15 0.46 0.99 1.00 1.00 1.00 1.00 0.56 0.00 0.00 
 0.00 0.00 0.00 0.05 0.76 0.60 0.95 1.00 1.00 0.94 0.51 1.00 0.89 0.77 1.00 1.00 1.00 0.93 0.04 0.00 
 0.00 0.00 0.00 0.00 0.00 0.00 0.69 1.00 1.00 1.00 1.00 0.72 0.06 0.03 0.78 1.00 1.00 1.00 0.25 0.00 
 0.00 0.00 0.00 0.00 0.00 0.00 0.77 1.00 1.00 1.00 0.74 0.04 0.00 0.00 0.42 1.00 1.00 1.00 0.33 0.00 
 0.00 0.00 0.00 0.00 0.00 0.02 0.89 1.00 1.00 0.90 0.09 0.00 0.00 0.00 0.25 1.00 1.00 1.00 0.31 0.00 
 0.00 0.00 0.00 0.00 0.00 0.11 1.00 1.00 1.00 0.48 0.00 0.00 0.00 0.00 0.22 1.00 1.00 1.00 0.18 0.00 
 0.00 0.00 0.00 0.00 0.00 0.18 1.00 1.00 1.00 0.29 0.00 0.00 0.00 0.00 0.27 1.00 1.00 0.89 0.02 0.00 
 0.00 0.00 0.00 0.00 0.00 0.33 1.00 1.00 0.99 0.13 0.00 0.00 0.00 0.00 0.40 1.00 1.00 0.69 0.00 0.00 
 0.00 0.00 0.00 0.00 0.00 0.49 1.00 1.00 0.90 0.02 0.00 0.00 0.00 0.00 0.61 1.00 1.00 0.35 0.00 0.00 
 0.00 0.00 0.00 0.00 0.00 0.68 1.00 1.00 1.00 0.53 0.03 0.00 0.00 0.10 0.93 1.00 0.87 0.03 0.00 0.00 
 0.00 0.00 0.00 0.00 0.02 0.85 1.00 1.00 0.99 1.00 0.76 0.33 0.29 0.77 1.00 0.99 0.38 0.00 0.00 0.00 
 0.00 0.00 0.00 0.00 0.11 1.00 1.00 1.00 0.57 0.91 1.00 1.00 1.00 1.00 1.00 0.69 0.00 0.00 0.00 0.00 
 0.00 0.00 0.00 0.00 0.20 1.00 1.00 1.00 0.25 0.20 0.90 1.00 1.00 1.00 0.77 0.07 0.00 0.00 0.00 0.00 
 0.00 0.00 0.00 0.00 0.38 1.00 1.00 0.96 0.07 0.00 0.11 0.62 0.76 0.46 0.03 0.00 0.00 0.00 0.00 0.00 
 0.00 0.00 0.00 0.00 0.57 1.00 1.00 0.89 0.00 0.00 0.00 0.00 0.00 0.00 0.00 0.00 0.00 0.00 0.00 0.00 
 0.00 0.00 0.00 0.00 0.76 1.00 1.00 0.78 0.00 0.00 0.00 0.00 0.00 0.00 0.00 0.00 0.00 0.00 0.00 0.00 
 0.00 0.00 0.00 0.05 0.94 1.00 1.00 0.64 0.00 0.00 0.00 0.00 0.00 0.00 0.00 0.00 0.00 0.00 0.00 0.00 
 0.00 0.00 0.00 0.14 1.00 1.00 1.00 0.55 0.00 0.00 0.00 0.00 0.00 0.00 0.00 0.00 0.00 0.00 0.00 0.00 
 0.00 0.00 0.00 0.29 1.00 1.00 1.00 0.45 0.00 0.00 0.00 0.00 0.00 0.00 0.00 0.00 0.00 0.00 0.00 0.00 
 