0.00 0.00 0.00 0.06 0.60 0.60 0.30 0.01 0.29 0.68 0.92 1.00 0.92 0.64 0.18 0.00 0.00 0.00 0.00 0.00 
 0.00 0.00 0.00 0.10 1.00 1.00 0.61 0.70 1.00 1.00 1.00 1.00 1.00 1.00 0.96 0.28 0.00 0.00 0.00 0.00 
 0.00 0.00 0.00 0.10 1.00 1.00 1.00 1.00 0.89 0.58 0.41 0.46 0.76 1.00 1.00 0.92 0.09 0.00 0.00 0.00 
 0.00 0.00 0.00 0.10 1.00 1.00 0.94 0.47 0.04 0.00 0.00 0.00 0.01 0.57 1.00 1.00 0.55 0.00 0.00 0.00 
 0.00 0.00 0.00 0.10 1.00 1.00 0.51 0.00 0.00 0.00 0.00 0.00 0.00 0.06 0.93 1.00 0.86 0.00 0.00 0.00 
 0.00 0.00 0.00 0.10 1.00 1.00 0.50 0.00 0.00 0.00 0.00 0.00 0.00 0.00 0.64 1.00 0.98 0.11 0.00 0.00 
 0.00 0.00 0.00 0.10 1.00 1.00 0.50 0.00 0.00 0.00 0.00 0.00 0.00 0.00 0.47 1.00 1.00 0.24 0.00 0.00 
 0.00 0.00 0.00 0.10 1.00 1.00 0.50 0.00 0.00 0.00 0.00 0.00 0.00 0.00 0.40 1.00 1.00 0.30 0.00 0.00 
 0.00 0.00 0.00 0.10 1.00 1.00 0.50 0.00 0.00 0.00 0.00 0.00 0.00 0.00 0.41 1.00 1.00 0.29 0.00 0.00 
 0.00 0.00 0.00 0.10 1.00 1.00 0.50 0.00 0.00 0.00 0.00 0.00 0.00 0.00 0.52 1.00 1.00 0.18 0.00 0.00 
 0.00 0.00 0.00 0.10 1.00 1.00 0.50 0.00 0.00 0.00 0.00 0.00 0.00 0.00 0.73 1.00 0.92 0.03 0.00 0.00 
 0.00 0.00 0.00 0.10 1.00 1.00 0.50 0.00 0.00 0.00 0.00 0.00 0.00 0.15 0.98 1.00 0.67 0.00 0.00 0.00 
 0.00 0.00 0.00 0.10 1.00 1.00 0.54 0.00 0.00 0.00 0.00 0.00 0.09 0.79 1.00 0.98 0.24 0.00 0.00 0.00 
 0.00 0.00 0.00 0.10 1.00 1.00 0.99 0.74 0.46 0.31 0.31 0.50 0.89 1.00 1.00 0.57 0.00 0.00 0.00 0.00 
 0.00 0.00 0.00 0.10 1.00 1.00 0.98 1.00 1.00 1.00 1.00 1.00 1.00 0.99 0.59 0.01 0.00 0.00 0.00 0.00 
 0.00 0.00 0.00 0.10 1.00 1.00 0.54 0.42 0.75 0.90 0.90 0.89 0.70 0.28 0.00 0.00 0.00 0.00 0.00 0.00 
 0.00 0.00 0.00 0.10 1.00 1.00 0.50 0.00 0.00 0.00 0.00 0.00 0.00 0.00 0.00 0.00 0.00 0.00 0.00 0.00 
 0.00 0.00 0.00 0.10 1.00 1.00 0.50 0.00 0.00 0.00 0.00 0.00 0.00 0.00 0.00 0.00 0.00 0.00 0.00 0.00 
 0.00 0.00 0.00 0.10 1.00 1.00 0.50 0.00 0.00 0.00 0.00 0.00 0.00 0.00 0.00 0.00 0.00 0.00 0.00 0.00 
 0.00 0.00 0.00 0.10 1.00 1.00 0.50 0.00 0.00 0.00 0.00 0.00 0.00 0.00 0.00 0.00 0.00 0.00 0.00 0.00 
 