0.00 0.02 0.39 0.50 0.50 0.50 0.13 0.00 0.08 0.42 0.75 0.96 1.00 0.94 0.71 0.36 0.05 0.00 0.00 0.00 
 0.00 0.06 0.77 0.88 0.89 1.00 0.25 0.24 0.88 0.96 0.69 0.44 0.38 0.47 0.72 0.96 0.83 0.20 0.00 0.00 
 0.00 0.00 0.00 0.00 0.13 1.00 0.52 0.96 0.74 0.14 0.00 0.00 0.00 0.00 0.00 0.17 0.80 0.94 0.20 0.00 
 0.00 0.00 0.00 0.00 0.13 1.00 1.00 0.71 0.02 0.00 0.00 0.00 0.00 0.00 0.00 0.00 0.06 0.80 0.82 0.02 
 0.00 0.00 0.00 0.00 0.13 1.00 0.91 0.08 0.00 0.00 0.00 0.00 0.00 0.00 0.00 0.00 0.00 0.19 0.99 0.38 
 0.00 0.00 0.00 0.00 0.13 1.00 0.56 0.00 0.00 0.00 0.00 0.00 0.00 0.00 0.00 0.00 0.00 0.00 0.69 0.72 
 0.00 0.00 0.00 0.00 0.13 1.00 0.31 0.00 0.00 0.00 0.00 0.00 0.00 0.00 0.00 0.00 0.00 0.00 0.45 0.94 
 0.00 0.00 0.00 0.00 0.13 1.00 0.25 0.00 0.00 0.00 0.00 0.00 0.00 0.00 0.00 0.00 0.00 0.00 0.38 1.00 
 0.00 0.00 0.00 0.00 0.13 1.00 0.33 0.00 0.00 0.00 0.00 0.00 0.00 0.00 0.00 0.00 0.00 0.00 0.47 0.94 
 0.00 0.00 0.00 0.00 0.13 1.00 0.56 0.00 0.00 0.00 0.00 0.00 0.00 0.00 0.00 0.00 0.00 0.00 0.71 0.75 
 0.00 0.00 0.00 0.00 0.13 1.00 0.91 0.09 0.00 0.00 0.00 0.00 0.00 0.00 0.00 0.00 0.00 0.20 0.99 0.41 
 0.00 0.00 0.00 0.00 0.13 1.00 0.99 0.71 0.03 0.00 0.00 0.00 0.00 0.00 0.00 0.00 0.08 0.82 0.82 0.03 
 0.00 0.00 0.00 0.00 0.13 1.00 0.52 0.96 0.75 0.16 0.00 0.00 0.00 0.00 0.00 0.20 0.82 0.91 0.17 0.00 
 0.00 0.00 0.00 0.00 0.13 1.00 0.25 0.24 0.88 0.97 0.67 0.44 0.38 0.47 0.72 0.99 0.80 0.16 0.00 0.00 
 0.00 0.00 0.00 0.00 0.13 1.00 0.25 0.00 0.06 0.45 0.78 0.88 0.88 0.88 0.75 0.39 0.02 0.00 0.00 0.00 
 0.00 0.00 0.00 0.00 0.13 1.00 0.25 0.00 0.00 0.00 0.00 0.00 0.00 0.00 0.00 0.00 0.00 0.00 0.00 0.00 
 0.00 0.00 0.00 0.00 0.13 1.00 0.25 0.00 0.00 0.00 0.00 0.00 0.00 0.00 0.00 0.00 0.00 0.00 0.00 0.00 
 0.00 0.00 0.00 0.00 0.13 1.00 0.25 0.00 0.00 0.00 0.00 0.00 0.00 0.00 0.00 0.00 0.00 0.00 0.00 0.00 
 0.00 0.00 0.00 0.00 0.13 1.00 0.25 0.00 0.00 0.00 0.00 0.00 0.00 0.00 0.00 0.00 0.00 0.00 0.00 0.00 
 0.00 0.00 0.00 0.00 0.13 1.00 0.25 0.00 0.00 0.00 0.00 0.00 0.00 0.00 0.00 0.00 0.00 0.00 0.00 0.00 
 