0.00 0.00 0.00 0.00 0.02 0.22 0.58 0.94 0.11 0.02 0.40 0.84 1.00 0.90 0.56 0.07 0.00 0.00 0.00 0.00 
 0.00 0.00 0.00 0.26 0.71 1.00 1.00 1.00 0.13 0.56 1.00 1.00 1.00 1.00 1.00 0.80 0.07 0.00 0.00 0.00 
 0.00 0.00 0.00 0.03 0.02 0.65 1.00 1.00 0.49 0.83 0.37 0.24 0.49 0.95 1.00 1.00 0.65 0.00 0.00 0.00 
 0.00 0.00 0.00 0.00 0.00 0.45 1.00 1.00 0.69 0.05 0.00 0.00 0.00 0.29 0.99 1.00 0.98 0.18 0.00 0.00 
 0.00 0.00 0.00 0.00 0.00 0.45 1.00 1.00 0.13 0.00 0.00 0.00 0.00 0.00 0.61 1.00 1.00 0.51 0.00 0.00 
 0.00 0.00 0.00 0.00 0.00 0.45 1.00 1.00 0.11 0.00 0.00 0.00 0.00 0.00 0.24 1.00 1.00 0.69 0.00 0.00 
 0.00 0.00 0.00 0.00 0.00 0.45 1.00 1.00 0.11 0.00 0.00 0.00 0.00 0.00 0.11 1.00 1.00 0.78 0.00 0.00 
 0.00 0.00 0.00 0.00 0.00 0.45 1.00 1.00 0.11 0.00 0.00 0.00 0.00 0.00 0.02 0.90 1.00 0.77 0.00 0.00 
 0.00 0.00 0.00 0.00 0.00 0.45 1.00 1.00 0.11 0.00 0.00 0.00 0.00 0.00 0.00 0.89 1.00 0.64 0.00 0.00 
 0.00 0.00 0.00 0.00 0.00 0.45 1.00 1.00 0.11 0.00 0.00 0.00 0.00 0.00 0.07 0.96 1.00 0.46 0.00 0.00 
 0.00 0.00 0.00 0.00 0.00 0.45 1.00 1.00 0.11 0.00 0.00 0.00 0.00 0.00 0.16 1.00 0.96 0.14 0.00 0.00 
 0.00 0.00 0.00 0.00 0.00 0.45 1.00 1.00 0.26 0.00 0.00 0.00 0.00 0.00 0.49 1.00 0.65 0.00 0.00 0.00 
 0.00 0.00 0.00 0.00 0.00 0.45 1.00 1.00 0.69 0.03 0.00 0.00 0.00 0.16 0.94 0.88 0.09 0.00 0.00 0.00 
 0.00 0.00 0.00 0.00 0.00 0.45 1.00 1.00 0.83 0.74 0.32 0.24 0.44 0.90 0.82 0.18 0.00 0.00 0.00 0.00 
 0.00 0.00 0.00 0.00 0.00 0.45 1.00 1.00 0.15 0.45 0.72 0.78 0.68 0.40 0.04 0.00 0.00 0.00 0.00 0.00 
 0.00 0.00 0.00 0.00 0.00 0.45 1.00 1.00 0.11 0.00 0.00 0.00 0.00 0.00 0.00 0.00 0.00 0.00 0.00 0.00 
 0.00 0.00 0.00 0.00 0.00 0.45 1.00 1.00 0.11 0.00 0.00 0.00 0.00 0.00 0.00 0.00 0.00 0.00 0.00 0.00 
 0.00 0.00 0.00 0.00 0.00 0.45 1.00 1.00 0.11 0.00 0.00 0.00 0.00 0.00 0.00 0.00 0.00 0.00 0.00 0.00 
 0.00 0.00 0.00 0.00 0.00 0.45 1.00 1.00 0.11 0.00 0.00 0.00 0.00 0.00 0.00 0.00 0.00 0.00 0.00 0.00 
 0.00 0.00 0.00 0.00 0.00 0.60 1.00 1.00 0.25 0.00 0.00 0.00 0.00 0.00 0.00 0.00 0.00 0.00 0.00 0.00 
 