0.00 0.00 0.00 0.07 0.70 0.70 0.07 0.04 0.45 0.81 0.98 0.99 0.83 0.48 0.05 0.00 0.00 0.00 0.00 0.00 
 0.00 0.00 0.00 0.10 1.00 1.00 0.17 0.78 1.00 0.92 0.90 0.94 1.00 1.00 0.83 0.10 0.00 0.00 0.00 0.00 
 0.00 0.00 0.00 0.10 1.00 1.00 0.75 0.89 0.34 0.02 0.00 0.05 0.45 0.96 1.00 0.70 0.00 0.00 0.00 0.00 
 0.00 0.00 0.00 0.10 1.00 1.00 0.93 0.16 0.00 0.00 0.00 0.00 0.00 0.39 1.00 0.99 0.21 0.00 0.00 0.00 
 0.00 0.00 0.00 0.10 1.00 1.00 0.51 0.00 0.00 0.00 0.00 0.00 0.00 0.03 0.88 1.00 0.52 0.00 0.00 0.00 
 0.00 0.00 0.00 0.10 1.00 1.00 0.21 0.00 0.00 0.00 0.00 0.00 0.00 0.00 0.62 1.00 0.71 0.00 0.00 0.00 
 0.00 0.00 0.00 0.10 1.00 1.00 0.10 0.00 0.00 0.00 0.00 0.00 0.00 0.00 0.50 1.00 0.80 0.00 0.00 0.00 
 0.00 0.00 0.00 0.10 1.00 1.00 0.10 0.00 0.00 0.00 0.00 0.00 0.00 0.00 0.51 1.00 0.79 0.00 0.00 0.00 
 0.00 0.00 0.00 0.10 1.00 1.00 0.10 0.00 0.00 0.00 0.00 0.00 0.00 0.00 0.63 1.00 0.68 0.00 0.00 0.00 
 0.00 0.00 0.00 0.10 1.00 1.00 0.19 0.00 0.00 0.00 0.00 0.00 0.00 0.02 0.86 1.00 0.52 0.00 0.00 0.00 
 0.00 0.00 0.00 0.10 1.00 1.00 0.56 0.00 0.00 0.00 0.00 0.00 0.00 0.28 1.00 0.99 0.21 0.00 0.00 0.00 
 0.00 0.00 0.00 0.10 1.00 1.00 0.97 0.30 0.00 0.00 0.00 0.00 0.13 0.87 1.00 0.72 0.00 0.00 0.00 0.00 
 0.00 0.00 0.00 0.10 1.00 1.00 0.74 0.98 0.61 0.34 0.32 0.52 0.92 1.00 0.91 0.13 0.00 0.00 0.00 0.00 
 0.00 0.00 0.00 0.10 1.00 1.00 0.14 0.69 1.00 1.00 1.00 1.00 1.00 0.80 0.17 0.00 0.00 0.00 0.00 0.00 
 0.00 0.00 0.00 0.10 1.00 1.00 0.10 0.01 0.27 0.53 0.60 0.52 0.28 0.01 0.00 0.00 0.00 0.00 0.00 0.00 
 0.00 0.00 0.00 0.10 1.00 1.00 0.10 0.00 0.00 0.00 0.00 0.00 0.00 0.00 0.00 0.00 0.00 0.00 0.00 0.00 
 0.00 0.00 0.00 0.10 1.00 1.00 0.10 0.00 0.00 0.00 0.00 0.00 0.00 0.00 0.00 0.00 0.00 0.00 0.00 0.00 
 0.00 0.00 0.00 0.10 1.00 1.00 0.10 0.00 0.00 0.00 0.00 0.00 0.00 0.00 0.00 0.00 0.00 0.00 0.00 0.00 
 0.00 0.00 0.00 0.10 1.00 1.00 0.10 0.00 0.00 0.00 0.00 0.00 0.00 0.00 0.00 0.00 0.00 0.00 0.00 0.00 
 0.00 0.00 0.00 0.10 1.00 1.00 0.10 0.00 0.00 0.00 0.00 0.00 0.00 0.00 0.00 0.00 0.00 0.00 0.00 0.00 
 