0.00 0.00 0.00 0.47 0.75 0.75 0.09 0.20 0.67 0.94 1.00 0.97 0.75 0.38 0.03 0.00 0.00 0.00 0.00 0.00 
 0.00 0.00 0.00 0.63 1.00 1.00 0.39 0.96 1.00 1.00 1.00 1.00 1.00 1.00 0.71 0.06 0.00 0.00 0.00 0.00 
 0.00 0.00 0.00 0.63 1.00 1.00 0.97 1.00 0.82 0.53 0.50 0.67 0.96 1.00 1.00 0.72 0.02 0.00 0.00 0.00 
 0.00 0.00 0.00 0.63 1.00 1.00 1.00 0.64 0.02 0.00 0.00 0.00 0.25 0.96 1.00 1.00 0.33 0.00 0.00 0.00 
 0.00 0.00 0.00 0.63 1.00 1.00 0.83 0.02 0.00 0.00 0.00 0.00 0.00 0.50 1.00 1.00 0.74 0.00 0.00 0.00 
 0.00 0.00 0.00 0.63 1.00 1.00 0.44 0.00 0.00 0.00 0.00 0.00 0.00 0.16 1.00 1.00 0.89 0.02 0.00 0.00 
 0.00 0.00 0.00 0.63 1.00 1.00 0.22 0.00 0.00 0.00 0.00 0.00 0.00 0.03 0.91 1.00 1.00 0.13 0.00 0.00 
 0.00 0.00 0.00 0.63 1.00 1.00 0.13 0.00 0.00 0.00 0.00 0.00 0.00 0.00 0.85 1.00 1.00 0.20 0.00 0.00 
 0.00 0.00 0.00 0.63 1.00 1.00 0.13 0.00 0.00 0.00 0.00 0.00 0.00 0.00 0.86 1.00 1.00 0.19 0.00 0.00 
 0.00 0.00 0.00 0.63 1.00 1.00 0.25 0.00 0.00 0.00 0.00 0.00 0.00 0.05 0.93 1.00 0.99 0.11 0.00 0.00 
 0.00 0.00 0.00 0.63 1.00 1.00 0.50 0.00 0.00 0.00 0.00 0.00 0.00 0.19 1.00 1.00 0.88 0.00 0.00 0.00 
 0.00 0.00 0.00 0.63 1.00 1.00 0.88 0.06 0.00 0.00 0.00 0.00 0.00 0.58 1.00 1.00 0.69 0.00 0.00 0.00 
 0.00 0.00 0.00 0.63 1.00 1.00 1.00 0.69 0.06 0.00 0.00 0.02 0.33 0.99 1.00 0.99 0.25 0.00 0.00 0.00 
 0.00 0.00 0.00 0.63 1.00 1.00 0.91 1.00 0.86 0.55 0.52 0.74 1.00 1.00 1.00 0.61 0.00 0.00 0.00 0.00 
 0.00 0.00 0.00 0.63 1.00 1.00 0.30 0.88 1.00 1.00 1.00 1.00 1.00 0.99 0.61 0.02 0.00 0.00 0.00 0.00 
 0.00 0.00 0.00 0.63 1.00 1.00 0.13 0.09 0.58 0.86 0.88 0.88 0.71 0.30 0.00 0.00 0.00 0.00 0.00 0.00 
 0.00 0.00 0.00 0.63 1.00 1.00 0.13 0.00 0.00 0.00 0.00 0.00 0.00 0.00 0.00 0.00 0.00 0.00 0.00 0.00 
 0.00 0.00 0.00 0.63 1.00 1.00 0.13 0.00 0.00 0.00 0.00 0.00 0.00 0.00 0.00 0.00 0.00 0.00 0.00 0.00 
 0.00 0.00 0.00 0.63 1.00 1.00 0.13 0.00 0.00 0.00 0.00 0.00 0.00 0.00 0.00 0.00 0.00 0.00 0.00 0.00 
 0.00 0.00 0.00 0.63 1.00 1.00 0.13 0.00 0.00 0.00 0.00 0.00 0.00 0.00 0.00 0.00 0.00 0.00 0.00 0.00 
 