0.00 0.00 0.00 0.00 0.27 0.70 0.70 0.49 0.01 0.39 0.84 1.00 0.92 0.53 0.04 0.00 0.00 0.00 0.00 0.00 
 0.00 0.00 0.00 0.00 0.30 1.00 1.00 0.79 0.46 1.00 1.00 1.00 1.00 1.00 0.68 0.01 0.00 0.00 0.00 0.00 
 0.00 0.00 0.00 0.00 0.30 1.00 1.00 0.89 0.96 0.89 0.71 0.92 1.00 1.00 1.00 0.29 0.00 0.00 0.00 0.00 
 0.00 0.00 0.00 0.00 0.30 1.00 1.00 1.00 0.78 0.04 0.00 0.12 0.92 1.00 1.00 0.67 0.00 0.00 0.00 0.00 
 0.00 0.00 0.00 0.00 0.30 1.00 1.00 1.00 0.29 0.00 0.00 0.00 0.49 1.00 1.00 0.88 0.00 0.00 0.00 0.00 
 0.00 0.00 0.00 0.00 0.30 1.00 1.00 0.92 0.02 0.00 0.00 0.00 0.25 1.00 1.00 0.97 0.07 0.00 0.00 0.00 
 0.00 0.00 0.00 0.00 0.30 1.00 1.00 0.85 0.00 0.00 0.00 0.00 0.14 1.00 1.00 1.00 0.17 0.00 0.00 0.00 
 0.00 0.00 0.00 0.00 0.30 1.00 1.00 0.80 0.00 0.00 0.00 0.00 0.10 1.00 1.00 1.00 0.20 0.00 0.00 0.00 
 0.00 0.00 0.00 0.00 0.30 1.00 1.00 0.81 0.00 0.00 0.00 0.00 0.11 1.00 1.00 1.00 0.19 0.00 0.00 0.00 
 0.00 0.00 0.00 0.00 0.30 1.00 1.00 0.90 0.00 0.00 0.00 0.00 0.22 1.00 1.00 0.99 0.09 0.00 0.00 0.00 
 0.00 0.00 0.00 0.00 0.30 1.00 1.00 0.97 0.12 0.00 0.00 0.00 0.41 1.00 1.00 0.90 0.00 0.00 0.00 0.00 
 0.00 0.00 0.00 0.00 0.30 1.00 1.00 1.00 0.52 0.00 0.00 0.01 0.76 1.00 1.00 0.74 0.00 0.00 0.00 0.00 
 0.00 0.00 0.00 0.00 0.30 1.00 1.00 0.97 0.98 0.49 0.31 0.62 1.00 1.00 1.00 0.38 0.00 0.00 0.00 0.00 
 0.00 0.00 0.00 0.00 0.30 1.00 1.00 0.82 0.77 1.00 1.00 1.00 1.00 1.00 0.81 0.02 0.00 0.00 0.00 0.00 
 0.00 0.00 0.00 0.00 0.30 1.00 1.00 0.82 0.11 0.77 1.00 1.00 1.00 0.78 0.14 0.00 0.00 0.00 0.00 0.00 
 0.00 0.00 0.00 0.00 0.30 1.00 1.00 0.90 0.00 0.01 0.22 0.30 0.23 0.01 0.00 0.00 0.00 0.00 0.00 0.00 
 0.00 0.00 0.00 0.00 0.30 1.00 1.00 0.90 0.00 0.00 0.00 0.00 0.00 0.00 0.00 0.00 0.00 0.00 0.00 0.00 
 0.00 0.00 0.00 0.00 0.30 1.00 1.00 0.90 0.00 0.00 0.00 0.00 0.00 0.00 0.00 0.00 0.00 0.00 0.00 0.00 
 0.00 0.00 0.00 0.00 0.30 1.00 1.00 0.90 0.00 0.00 0.00 0.00 0.00 0.00 0.00 0.00 0.00 0.00 0.00 0.00 
 0.00 0.00 0.00 0.00 0.30 1.00 1.00 0.90 0.00 0.00 0.00 0.00 0.00 0.00 0.00 0.00 0.00 0.00 0.00 0.00 
 