0.00 0.00 0.00 0.07 0.70 0.70 0.14 0.20 0.68 0.94 1.00 0.90 0.62 0.17 0.00 0.00 0.00 0.00 0.00 0.00 
 0.00 0.00 0.00 0.10 1.00 1.00 0.48 0.97 1.00 0.91 0.90 0.99 1.00 0.96 0.35 0.00 0.00 0.00 0.00 0.00 
 0.00 0.00 0.00 0.10 1.00 1.00 0.99 0.93 0.37 0.01 0.00 0.22 0.84 1.00 0.96 0.19 0.00 0.00 0.00 0.00 
 0.00 0.00 0.00 0.10 1.00 1.00 0.97 0.24 0.00 0.00 0.00 0.00 0.12 0.92 1.00 0.70 0.00 0.00 0.00 0.00 
 0.00 0.00 0.00 0.10 1.00 1.00 0.65 0.00 0.00 0.00 0.00 0.00 0.00 0.47 1.00 0.96 0.08 0.00 0.00 0.00 
 0.00 0.00 0.00 0.10 1.00 1.00 0.33 0.00 0.00 0.00 0.00 0.00 0.00 0.19 1.00 1.00 0.31 0.00 0.00 0.00 
 0.00 0.00 0.00 0.10 1.00 1.00 0.16 0.00 0.00 0.00 0.00 0.00 0.00 0.10 1.00 1.00 0.46 0.00 0.00 0.00 
 0.00 0.00 0.00 0.10 1.00 1.00 0.10 0.00 0.00 0.00 0.00 0.00 0.00 0.10 1.00 1.00 0.50 0.00 0.00 0.00 
 0.00 0.00 0.00 0.10 1.00 1.00 0.12 0.00 0.00 0.00 0.00 0.00 0.00 0.10 1.00 1.00 0.46 0.00 0.00 0.00 
 0.00 0.00 0.00 0.10 1.00 1.00 0.26 0.00 0.00 0.00 0.00 0.00 0.00 0.18 1.00 1.00 0.32 0.00 0.00 0.00 
 0.00 0.00 0.00 0.10 1.00 1.00 0.50 0.00 0.00 0.00 0.00 0.00 0.00 0.46 1.00 0.96 0.09 0.00 0.00 0.00 
 0.00 0.00 0.00 0.10 1.00 1.00 0.90 0.09 0.00 0.00 0.00 0.00 0.09 0.89 1.00 0.69 0.00 0.00 0.00 0.00 
 0.00 0.00 0.00 0.10 1.00 1.00 1.00 0.79 0.18 0.00 0.01 0.20 0.80 1.00 0.96 0.18 0.00 0.00 0.00 0.00 
 0.00 0.00 0.00 0.10 1.00 1.00 0.85 1.00 0.99 0.84 0.85 1.00 1.00 0.96 0.36 0.00 0.00 0.00 0.00 0.00 
 0.00 0.00 0.00 0.10 1.00 1.00 0.41 0.39 0.87 1.00 1.00 0.95 0.72 0.19 0.00 0.00 0.00 0.00 0.00 0.00 
 0.00 0.00 0.00 0.10 1.00 1.00 0.40 0.00 0.01 0.15 0.19 0.05 0.00 0.00 0.00 0.00 0.00 0.00 0.00 0.00 
 0.00 0.00 0.00 0.10 1.00 1.00 0.40 0.00 0.00 0.00 0.00 0.00 0.00 0.00 0.00 0.00 0.00 0.00 0.00 0.00 
 0.00 0.00 0.00 0.10 1.00 1.00 0.40 0.00 0.00 0.00 0.00 0.00 0.00 0.00 0.00 0.00 0.00 0.00 0.00 0.00 
 0.00 0.00 0.00 0.10 1.00 1.00 0.40 0.00 0.00 0.00 0.00 0.00 0.00 0.00 0.00 0.00 0.00 0.00 0.00 0.00 
 0.00 0.00 0.00 0.10 1.00 1.00 0.40 0.00 0.00 0.00 0.00 0.00 0.00 0.00 0.00 0.00 0.00 0.00 0.00 0.00 
 