0.00 0.00 0.05 0.47 0.56 0.61 0.67 0.74 0.32 0.03 0.41 0.80 0.99 0.95 0.74 0.31 0.02 0.00 0.00 0.00 
 0.00 0.00 0.06 0.63 0.87 1.00 1.00 1.00 0.55 0.74 0.83 0.67 0.74 0.95 1.00 1.00 0.62 0.03 0.00 0.00 
 0.00 0.00 0.00 0.00 0.05 0.79 1.00 1.00 0.93 0.37 0.00 0.00 0.00 0.13 0.80 1.00 1.00 0.58 0.00 0.00 
 0.00 0.00 0.00 0.00 0.00 0.46 1.00 1.00 0.48 0.00 0.00 0.00 0.00 0.00 0.10 0.91 1.00 0.98 0.22 0.00 
 0.00 0.00 0.00 0.00 0.00 0.45 1.00 1.00 0.45 0.00 0.00 0.00 0.00 0.00 0.00 0.49 1.00 1.00 0.67 0.00 
 0.00 0.00 0.00 0.00 0.00 0.45 1.00 1.00 0.45 0.00 0.00 0.00 0.00 0.00 0.00 0.19 1.00 1.00 0.90 0.02 
 0.00 0.00 0.00 0.00 0.00 0.45 1.00 1.00 0.45 0.00 0.00 0.00 0.00 0.00 0.00 0.10 0.99 1.00 1.00 0.14 
 0.00 0.00 0.00 0.00 0.00 0.45 1.00 1.00 0.45 0.00 0.00 0.00 0.00 0.00 0.00 0.00 0.89 1.00 1.00 0.22 
 0.00 0.00 0.00 0.00 0.00 0.45 1.00 1.00 0.45 0.00 0.00 0.00 0.00 0.00 0.00 0.00 0.89 1.00 1.00 0.21 
 0.00 0.00 0.00 0.00 0.00 0.45 1.00 1.00 0.45 0.00 0.00 0.00 0.00 0.00 0.00 0.09 0.98 1.00 0.96 0.07 
 0.00 0.00 0.00 0.00 0.00 0.45 1.00 1.00 0.45 0.00 0.00 0.00 0.00 0.00 0.00 0.15 1.00 1.00 0.83 0.00 
 0.00 0.00 0.00 0.00 0.00 0.45 1.00 1.00 0.45 0.00 0.00 0.00 0.00 0.00 0.00 0.41 1.00 1.00 0.46 0.00 
 0.00 0.00 0.00 0.00 0.00 0.45 1.00 1.00 0.61 0.00 0.00 0.00 0.00 0.00 0.03 0.80 1.00 0.85 0.05 0.00 
 0.00 0.00 0.00 0.00 0.00 0.45 1.00 1.00 0.98 0.30 0.00 0.00 0.00 0.02 0.56 1.00 0.93 0.21 0.00 0.00 
 0.00 0.00 0.00 0.00 0.00 0.45 1.00 1.00 0.93 0.99 0.64 0.36 0.40 0.76 1.00 0.80 0.18 0.00 0.00 0.00 
 0.00 0.00 0.00 0.00 0.00 0.45 1.00 1.00 0.46 0.30 0.62 0.77 0.77 0.63 0.35 0.02 0.00 0.00 0.00 0.00 
 0.00 0.00 0.00 0.00 0.00 0.45 1.00 1.00 0.45 0.00 0.00 0.00 0.00 0.00 0.00 0.00 0.00 0.00 0.00 0.00 
 0.00 0.00 0.00 0.00 0.00 0.45 1.00 1.00 0.45 0.00 0.00 0.00 0.00 0.00 0.00 0.00 0.00 0.00 0.00 0.00 
 0.00 0.00 0.00 0.00 0.00 0.45 1.00 1.00 0.45 0.00 0.00 0.00 0.00 0.00 0.00 0.00 0.00 0.00 0.00 0.00 
 0.00 0.00 0.00 0.00 0.00 0.45 1.00 1.00 0.47 0.00 0.00 0.00 0.00 0.00 0.00 0.00 0.00 0.00 0.00 0.00 
 