0.00 0.00 0.00 0.07 0.73 0.69 0.05 0.03 0.36 0.76 0.93 0.91 0.76 0.35 0.02 0.00 0.00 0.00 0.00 0.00 
 0.00 0.00 0.00 0.11 1.00 1.00 0.19 0.71 1.00 1.00 1.00 1.00 1.00 1.00 0.61 0.02 0.00 0.00 0.00 0.00 
 0.00 0.00 0.00 0.11 1.00 1.00 0.88 1.00 0.79 0.36 0.22 0.40 0.89 1.00 1.00 0.36 0.00 0.00 0.00 0.00 
 0.00 0.00 0.00 0.11 1.00 1.00 1.00 0.63 0.02 0.00 0.00 0.00 0.18 0.96 1.00 0.82 0.00 0.00 0.00 0.00 
 0.00 0.00 0.00 0.11 1.00 1.00 0.68 0.02 0.00 0.00 0.00 0.00 0.00 0.63 1.00 0.99 0.15 0.00 0.00 0.00 
 0.00 0.00 0.00 0.11 1.00 1.00 0.33 0.00 0.00 0.00 0.00 0.00 0.00 0.37 1.00 1.00 0.32 0.00 0.00 0.00 
 0.00 0.00 0.00 0.11 1.00 1.00 0.33 0.00 0.00 0.00 0.00 0.00 0.00 0.24 1.00 1.00 0.45 0.00 0.00 0.00 
 0.00 0.00 0.00 0.11 1.00 1.00 0.33 0.00 0.00 0.00 0.00 0.00 0.00 0.22 1.00 1.00 0.45 0.00 0.00 0.00 
 0.00 0.00 0.00 0.11 1.00 1.00 0.33 0.00 0.00 0.00 0.00 0.00 0.00 0.24 1.00 1.00 0.42 0.00 0.00 0.00 
 0.00 0.00 0.00 0.11 1.00 1.00 0.33 0.00 0.00 0.00 0.00 0.00 0.00 0.40 1.00 1.00 0.30 0.00 0.00 0.00 
 0.00 0.00 0.00 0.11 1.00 1.00 0.57 0.00 0.00 0.00 0.00 0.00 0.00 0.68 1.00 0.96 0.10 0.00 0.00 0.00 
 0.00 0.00 0.00 0.11 1.00 1.00 0.99 0.46 0.02 0.00 0.00 0.00 0.22 0.99 1.00 0.76 0.00 0.00 0.00 0.00 
 0.00 0.00 0.00 0.11 1.00 1.00 0.99 1.00 0.67 0.21 0.13 0.35 0.91 1.00 0.98 0.26 0.00 0.00 0.00 0.00 
 0.00 0.00 0.00 0.11 1.00 1.00 0.52 0.87 1.00 1.00 1.00 1.00 1.00 0.99 0.45 0.00 0.00 0.00 0.00 0.00 
 0.00 0.00 0.00 0.11 1.00 1.00 0.33 0.09 0.62 0.89 0.94 0.89 0.77 0.29 0.00 0.00 0.00 0.00 0.00 0.00 
 0.00 0.00 0.00 0.11 1.00 1.00 0.33 0.00 0.00 0.00 0.05 0.00 0.00 0.00 0.00 0.00 0.00 0.00 0.00 0.00 
 0.00 0.00 0.00 0.11 1.00 1.00 0.33 0.00 0.00 0.00 0.00 0.00 0.00 0.00 0.00 0.00 0.00 0.00 0.00 0.00 
 0.00 0.00 0.00 0.11 1.00 1.00 0.33 0.00 0.00 0.00 0.00 0.00 0.00 0.00 0.00 0.00 0.00 0.00 0.00 0.00 
 0.00 0.00 0.00 0.11 1.00 1.00 0.33 0.00 0.00 0.00 0.00 0.00 0.00 0.00 0.00 0.00 0.00 0.00 0.00 0.00 
 0.00 0.00 0.00 0.11 1.00 1.00 0.33 0.00 0.00 0.00 0.00 0.00 0.00 0.00 0.00 0.00 0.00 0.00 0.00 0.00 
 