-1.00 -1.00 -1.00 -1.00 -0.98 -0.30 0.41 0.84 0.99 0.92 0.58 -0.12 -0.94 -1.00 -0.95 0.52 0.85 -0.99 -1.00 -1.00 
 -1.00 -1.00 -1.00 -0.75 0.59 1.00 1.00 0.97 0.29 0.14 0.80 1.00 0.62 -0.81 0.19 1.00 0.70 -1.00 -1.00 -1.00 
 -1.00 -1.00 -0.79 0.78 1.00 1.00 1.00 -0.29 -1.00 -1.00 -0.83 0.75 1.00 0.80 1.00 1.00 0.51 -1.00 -1.00 -1.00 
 -1.00 -0.99 0.43 1.00 1.00 1.00 0.62 -0.99 -1.00 -1.00 -1.00 -0.25 1.00 1.00 1.00 1.00 0.36 -1.00 -1.00 -1.00 
 -1.00 -0.58 1.00 1.00 1.00 1.00 0.06 -1.00 -1.00 -1.00 -1.00 -0.80 1.00 1.00 1.00 1.00 0.25 -1.00 -1.00 -1.00 
 -1.00 0.07 1.00 1.00 1.00 1.00 -0.25 -1.00 -1.00 -1.00 -1.00 -0.99 0.93 1.00 1.00 1.00 0.18 -1.00 -1.00 -1.00 
 -1.00 0.43 1.00 1.00 1.00 1.00 -0.41 -1.00 -1.00 -1.00 -1.00 -1.00 0.84 1.00 1.00 1.00 0.16 -1.00 -1.00 -1.00 
 -1.00 0.54 1.00 1.00 1.00 1.00 -0.44 -1.00 -1.00 -1.00 -1.00 -1.00 0.86 1.00 1.00 1.00 0.16 -1.00 -1.00 -1.00 
 -1.00 0.41 1.00 1.00 1.00 1.00 -0.36 -1.00 -1.00 -1.00 -1.00 -0.96 0.98 1.00 1.00 1.00 0.16 -1.00 -1.00 -1.00 
 -1.00 0.05 1.00 1.00 1.00 1.00 -0.14 -1.00 -1.00 -1.00 -1.00 -0.66 1.00 1.00 1.00 1.00 0.16 -1.00 -1.00 -1.00 
 -1.00 -0.54 1.00 1.00 1.00 1.00 0.33 -1.00 -1.00 -1.00 -1.00 -0.08 1.00 1.00 1.00 1.00 0.16 -1.00 -1.00 -1.00 
 -1.00 -0.99 0.58 1.00 1.00 1.00 0.95 -0.72 -1.00 -1.00 -0.87 0.79 1.00 1.00 1.00 1.00 0.16 -1.00 -1.00 -1.00 
 -1.00 -1.00 -0.63 0.91 1.00 1.00 1.00 0.76 -0.16 -0.22 0.65 0.83 1.00 1.00 1.00 1.00 0.16 -1.00 -1.00 -1.00 
 -1.00 -1.00 -1.00 -0.58 0.69 1.00 1.00 1.00 1.00 1.00 0.66 -0.67 1.00 1.00 1.00 1.00 0.16 -1.00 -1.00 -1.00 
 -1.00 -1.00 -1.00 -1.00 -0.97 -0.39 0.13 0.32 0.18 -0.33 -0.96 -0.98 1.00 1.00 1.00 1.00 0.16 -1.00 -1.00 -1.00 
 -1.00 -1.00 -1.00 -1.00 -1.00 -1.00 -1.00 -1.00 -1.00 -1.00 -1.00 -0.98 1.00 1.00 1.00 1.00 0.16 -1.00 -1.00 -1.00 
 -1.00 -1.00 -1.00 -1.00 -1.00 -1.00 -1.00 -1.00 -1.00 -1.00 -1.00 -0.98 1.00 1.00 1.00 1.00 0.16 -1.00 -1.00 -1.00 
 -1.00 -1.00 -1.00 -1.00 -1.00 -1.00 -1.00 -1.00 -1.00 -1.00 -1.00 -0.95 1.00 1.00 1.00 1.00 0.19 -1.00 -1.00 -1.00 
 -1.00 -1.00 -1.00 -1.00 -1.00 -1.00 -1.00 -1.00 -1.00 -0.62 -0.25 0.23 1.00 1.00 1.00 1.00 0.83 -0.11 -0.36 -1.00 
 -1.00 -1.00 -1.00 -1.00 -1.00 -1.00 -1.00 -1.00 -1.00 0.07 1.00 1.00 1.00 1.00 1.00 1.00 1.00 1.00 0.75 -1.00 
 