-1.00 -1.00 -1.00 -1.00 -1.00 -1.00 -1.00 -0.82 0.19 0.87 0.95 0.58 -0.02 0.42 -0.99 -1.00 -1.00 -1.00 -1.00 -1.00 
 -1.00 -1.00 -1.00 -1.00 -1.00 -1.00 -0.47 0.46 -0.18 -0.33 0.02 0.73 1.00 0.39 -1.00 -1.00 -1.00 -1.00 -1.00 -1.00 
 -1.00 -1.00 -1.00 -1.00 -1.00 -0.29 0.82 -0.84 -1.00 -1.00 -1.00 -0.55 1.00 -0.03 -1.00 -1.00 -1.00 -1.00 -1.00 -1.00 
 -1.00 -1.00 -1.00 -1.00 -0.70 0.95 -0.00 -1.00 -1.00 -1.00 -1.00 -0.11 1.00 -0.40 -1.00 -1.00 -1.00 -1.00 -1.00 -1.00 
 -1.00 -1.00 -1.00 -1.00 0.18 0.99 -0.76 -1.00 -1.00 -1.00 -1.00 0.34 1.00 -0.78 -1.00 -1.00 -1.00 -1.00 -1.00 -1.00 
 -1.00 -1.00 -1.00 -0.96 0.86 0.60 -1.00 -1.00 -1.00 -1.00 -0.95 0.86 0.84 -0.99 -1.00 -1.00 -1.00 -1.00 -1.00 -1.00 
 -1.00 -1.00 -1.00 -0.55 1.00 0.09 -1.00 -1.00 -1.00 -1.00 -0.26 1.00 0.47 -1.00 -1.00 -1.00 -1.00 -1.00 -1.00 -1.00 
 -1.00 -1.00 -1.00 -0.09 1.00 -0.32 -1.00 -1.00 -1.00 -0.87 0.58 1.00 0.09 -1.00 -1.00 -1.00 -1.00 -1.00 -1.00 -1.00 
 -1.00 -1.00 -1.00 0.26 1.00 -0.62 -1.00 -1.00 -0.98 0.16 0.12 1.00 -0.29 -1.00 -1.00 -1.00 -1.00 -1.00 -1.00 -1.00 
 -1.00 -1.00 -1.00 0.51 1.00 -0.76 -1.00 -0.98 0.16 -0.58 0.35 1.00 -0.66 -1.00 -1.00 -1.00 -1.00 -1.00 -1.00 -1.00 
 -1.00 -1.00 -1.00 0.62 1.00 -0.65 -0.84 0.34 -0.44 -1.00 0.72 0.93 -0.97 -1.00 -1.00 -1.00 -1.00 -1.00 -1.00 -1.00 
 -1.00 -1.00 -1.00 0.57 1.00 0.72 0.73 -0.51 -1.00 -0.90 0.99 0.58 -1.00 -1.00 -1.00 -1.00 -1.00 -1.00 -1.00 -1.00 
 -1.00 -1.00 -1.00 0.13 1.00 0.40 -0.78 -1.00 -1.00 -0.55 1.00 0.21 -1.00 -1.00 -1.00 -1.00 -1.00 -1.00 -1.00 -1.00 
 -1.00 -1.00 -1.00 -0.96 -0.83 -1.00 -1.00 -1.00 -1.00 -0.18 1.00 -0.17 -1.00 -1.00 -1.00 -1.00 -1.00 -1.00 -1.00 -1.00 
 -1.00 -1.00 -1.00 -1.00 -1.00 -1.00 -1.00 -1.00 -1.00 0.18 1.00 -0.55 -1.00 -1.00 -1.00 -1.00 -1.00 -1.00 -1.00 -1.00 
 -1.00 -1.00 -1.00 -1.00 -1.00 -1.00 -1.00 -1.00 -1.00 0.55 0.98 -0.91 -1.00 -1.00 -1.00 -1.00 -1.00 -1.00 -1.00 -1.00 
 -1.00 -1.00 -1.00 -1.00 -1.00 -1.00 -1.00 -1.00 -0.98 0.91 0.76 -1.00 -1.00 -1.00 -1.00 -1.00 -1.00 -1.00 -1.00 -1.00 
 -1.00 -1.00 -1.00 -1.00 -1.00 -1.00 -1.00 -1.00 -0.72 1.00 0.49 -1.00 -1.00 -1.00 -1.00 -1.00 -1.00 -1.00 -1.00 -1.00 
 -1.00 -1.00 -1.00 -1.00 -1.00 -1.00 -1.00 -1.00 -0.30 1.00 0.28 -1.00 -1.00 -1.00 -1.00 -1.00 -1.00 -1.00 -1.00 -1.00 
 -1.00 -1.00 -1.00 -1.00 -1.00 -1.00 -1.00 -0.99 0.54 0.81 -0.14 -1.00 -1.00 -1.00 -1.00 -1.00 -1.00 -1.00 -1.00 -1.00 
 