-1.00 -1.00 -1.00 -1.00 -1.00 -1.00 -1.00 -0.81 0.12 0.76 0.98 0.76 0.05 -0.91 0.12 1.00 0.62 -1.00 -1.00 -1.00 
 -1.00 -1.00 -1.00 -1.00 -1.00 -1.00 -0.44 0.87 1.00 1.00 1.00 1.00 1.00 0.55 0.59 1.00 0.19 -1.00 -1.00 -1.00 
 -1.00 -1.00 -1.00 -1.00 -1.00 -0.46 0.96 1.00 0.86 -0.11 -0.77 -0.91 -0.19 0.98 1.00 1.00 -0.23 -1.00 -1.00 -1.00 
 -1.00 -1.00 -1.00 -1.00 -0.81 0.85 1.00 0.68 -0.77 -1.00 -1.00 -1.00 -1.00 0.33 1.00 1.00 -0.65 -1.00 -1.00 -1.00 
 -1.00 -1.00 -1.00 -1.00 0.22 1.00 0.88 -0.75 -1.00 -1.00 -1.00 -1.00 -1.00 -0.03 1.00 0.90 -0.98 -1.00 -1.00 -1.00 
 -1.00 -1.00 -1.00 -0.84 0.95 1.00 -0.08 -1.00 -1.00 -1.00 -1.00 -1.00 -1.00 0.23 1.00 0.50 -1.00 -1.00 -1.00 -1.00 
 -1.00 -1.00 -1.00 -0.22 1.00 0.97 -0.86 -1.00 -1.00 -1.00 -1.00 -1.00 -1.00 0.66 1.00 0.07 -1.00 -1.00 -1.00 -1.00 
 -1.00 -1.00 -1.00 0.23 1.00 0.64 -1.00 -1.00 -1.00 -1.00 -1.00 -1.00 -0.89 0.98 1.00 -0.35 -1.00 -1.00 -1.00 -1.00 
 -1.00 -1.00 -1.00 0.47 1.00 0.49 -1.00 -1.00 -1.00 -1.00 -1.00 -1.00 -0.48 1.00 1.00 -0.77 -1.00 -1.00 -1.00 -1.00 
 -1.00 -1.00 -1.00 0.50 1.00 0.70 -1.00 -1.00 -1.00 -1.00 -1.00 -1.00 -0.05 1.00 0.80 -0.99 -1.00 -1.00 -1.00 -1.00 
 -1.00 -1.00 -1.00 0.29 1.00 1.00 -0.64 -1.00 -1.00 -1.00 -1.00 -0.87 0.71 1.00 0.38 -1.00 -1.00 -1.00 -1.00 -1.00 
 -1.00 -1.00 -1.00 -0.23 1.00 1.00 0.63 -0.78 -1.00 -1.00 -0.59 0.67 1.00 1.00 -0.04 -1.00 -1.00 -1.00 -1.00 -1.00 
 -1.00 -1.00 -1.00 -0.92 0.75 1.00 1.00 0.95 0.55 0.67 1.00 0.54 1.00 1.00 -0.46 -1.00 -1.00 -1.00 -1.00 -1.00 
 -1.00 -1.00 -1.00 -1.00 -0.67 0.66 1.00 1.00 0.96 0.43 -0.48 -0.26 1.00 0.99 -0.87 -1.00 -1.00 -1.00 -1.00 -1.00 
 -1.00 -1.00 -1.00 -1.00 -1.00 -0.98 -0.69 -0.65 -0.91 -1.00 -1.00 0.16 1.00 0.69 -1.00 -1.00 -1.00 -1.00 -1.00 -1.00 
 -1.00 -1.00 -1.00 -1.00 -1.00 -1.00 -1.00 -1.00 -1.00 -1.00 -1.00 0.58 1.00 0.27 -1.00 -1.00 -1.00 -1.00 -1.00 -1.00 
 -1.00 -1.00 -1.00 -1.00 -1.00 -1.00 -1.00 -1.00 -1.00 -1.00 -0.94 0.95 1.00 -0.15 -1.00 -1.00 -1.00 -1.00 -1.00 -1.00 
 -1.00 -1.00 -1.00 -1.00 -1.00 -1.00 -1.00 -1.00 -1.00 -1.00 -0.56 1.00 1.00 -0.58 -1.00 -1.00 -1.00 -1.00 -1.00 -1.00 
 -1.00 -1.00 -1.00 -1.00 -1.00 -1.00 -1.00 -1.00 -1.00 -1.00 -0.14 1.00 0.95 -0.95 -1.00 -1.00 -1.00 -1.00 -1.00 -1.00 
 -1.00 -1.00 -1.00 -1.00 -1.00 -1.00 -1.00 -1.00 -1.00 -1.00 0.29 1.00 0.58 -1.00 -1.00 -1.00 -1.00 -1.00 -1.00 -1.00 
 