0.00 0.00 0.00 0.00 0.00 0.00 0.00 0.00 0.03 0.33 0.66 0.75 0.77 0.85 0.72 0.28 0.00 0.00 0.00 0.00 
 0.00 0.00 0.00 0.00 0.00 0.00 0.00 0.25 0.80 0.69 0.16 0.00 0.00 0.05 0.58 0.99 0.44 0.00 0.00 0.00 
 0.00 0.00 0.00 0.00 0.00 0.02 0.44 0.97 0.53 0.00 0.00 0.00 0.00 0.00 0.03 0.82 0.97 0.20 0.00 0.00 
 0.00 0.00 0.00 0.00 0.00 0.41 1.00 0.69 0.00 0.00 0.00 0.00 0.00 0.00 0.00 0.49 1.00 0.61 0.00 0.00 
 0.00 0.00 0.00 0.00 0.20 0.97 0.93 0.11 0.00 0.00 0.00 0.00 0.00 0.00 0.00 0.38 1.00 0.83 0.00 0.00 
 0.00 0.00 0.00 0.03 0.78 1.00 0.50 0.00 0.00 0.00 0.00 0.00 0.00 0.00 0.00 0.42 1.00 0.88 0.00 0.00 
 0.00 0.00 0.00 0.31 1.00 0.94 0.09 0.00 0.00 0.00 0.00 0.00 0.00 0.00 0.00 0.58 1.00 0.77 0.00 0.00 
 0.00 0.00 0.00 0.72 1.00 0.72 0.00 0.00 0.00 0.00 0.00 0.00 0.00 0.00 0.02 0.83 1.00 0.56 0.00 0.00 
 0.00 0.00 0.09 0.97 1.00 0.42 0.00 0.00 0.00 0.00 0.00 0.00 0.00 0.00 0.17 1.00 1.00 0.27 0.00 0.00 
 0.00 0.00 0.19 1.00 1.00 0.24 0.00 0.00 0.00 0.00 0.00 0.00 0.00 0.00 0.52 1.00 0.83 0.02 0.00 0.00 
 0.00 0.00 0.25 1.00 1.00 0.13 0.00 0.00 0.00 0.00 0.00 0.00 0.00 0.09 0.94 0.99 0.35 0.00 0.00 0.00 
 0.00 0.00 0.19 1.00 1.00 0.14 0.00 0.00 0.00 0.00 0.00 0.00 0.00 0.55 1.00 0.69 0.00 0.00 0.00 0.00 
 0.00 0.00 0.06 0.89 1.00 0.33 0.00 0.00 0.00 0.00 0.00 0.00 0.31 0.99 0.82 0.09 0.00 0.00 0.00 0.00 
 0.00 0.00 0.00 0.41 1.00 0.75 0.02 0.00 0.00 0.00 0.00 0.28 0.96 0.80 0.09 0.00 0.00 0.00 0.00 0.00 
 0.00 0.00 0.00 0.02 0.55 0.99 0.63 0.16 0.13 0.19 0.58 0.89 0.52 0.03 0.00 0.00 0.00 0.00 0.00 0.00 
 0.00 0.00 0.00 0.00 0.00 0.25 0.67 0.99 0.77 0.63 0.39 0.06 0.00 0.00 0.00 0.00 0.00 0.00 0.00 0.00 
 0.00 0.00 0.00 0.00 0.00 0.08 0.67 0.35 0.00 0.00 0.00 0.00 0.00 0.00 0.00 0.00 0.00 0.00 0.00 0.00 
 0.00 0.00 0.00 0.00 0.16 0.75 0.27 0.00 0.00 0.00 0.00 0.00 0.00 0.00 0.00 0.20 0.22 0.00 0.00 0.00 
 0.00 0.00 0.00 0.25 0.91 0.86 0.75 0.66 0.49 0.27 0.13 0.05 0.00 0.13 0.41 0.45 0.00 0.00 0.00 0.00 
 0.00 0.00 0.24 0.71 0.64 0.77 0.93 1.00 1.00 1.00 1.00 0.93 0.88 0.85 0.33 0.00 0.00 0.00 0.00 0.00 
 