0.00 0.00 0.00 0.00 0.00 0.01 0.22 0.61 0.85 0.98 1.00 0.90 0.68 0.32 0.02 0.00 0.00 0.00 0.00 0.00 
 0.00 0.00 0.00 0.00 0.04 0.61 1.00 1.00 0.97 0.87 0.85 0.95 1.00 1.00 0.76 0.11 0.00 0.00 0.00 0.00 
 0.00 0.00 0.00 0.02 0.67 1.00 0.97 0.52 0.09 0.00 0.00 0.04 0.38 0.91 1.00 0.85 0.08 0.00 0.00 0.00 
 0.00 0.00 0.00 0.42 1.00 0.99 0.33 0.00 0.00 0.00 0.00 0.00 0.00 0.15 0.93 1.00 0.66 0.00 0.00 0.00 
 0.00 0.00 0.05 0.92 1.00 0.64 0.00 0.00 0.00 0.00 0.00 0.00 0.00 0.00 0.38 1.00 0.99 0.19 0.00 0.00 
 0.00 0.00 0.31 1.00 1.00 0.18 0.00 0.00 0.00 0.00 0.00 0.00 0.00 0.00 0.04 0.92 1.00 0.55 0.00 0.00 
 0.00 0.00 0.55 1.00 0.88 0.00 0.00 0.00 0.00 0.00 0.00 0.00 0.00 0.00 0.00 0.65 1.00 0.79 0.00 0.00 
 0.00 0.00 0.69 1.00 0.74 0.00 0.00 0.00 0.00 0.00 0.00 0.00 0.00 0.00 0.00 0.49 1.00 0.92 0.00 0.00 
 0.00 0.00 0.75 1.00 0.67 0.00 0.00 0.00 0.00 0.00 0.00 0.00 0.00 0.00 0.00 0.42 1.00 0.92 0.00 0.00 
 0.00 0.00 0.75 1.00 0.67 0.00 0.00 0.00 0.00 0.00 0.00 0.00 0.00 0.00 0.00 0.43 1.00 0.92 0.00 0.00 
 0.00 0.00 0.64 1.00 0.78 0.00 0.00 0.00 0.00 0.00 0.00 0.00 0.00 0.00 0.00 0.54 1.00 0.89 0.00 0.00 
 0.00 0.00 0.47 1.00 0.93 0.03 0.00 0.00 0.00 0.00 0.00 0.00 0.00 0.00 0.00 0.74 1.00 0.73 0.00 0.00 
 0.00 0.00 0.21 1.00 1.00 0.32 0.00 0.00 0.00 0.00 0.00 0.00 0.00 0.00 0.11 0.98 1.00 0.43 0.00 0.00 
 0.00 0.00 0.02 0.79 1.00 0.81 0.03 0.00 0.00 0.00 0.00 0.00 0.00 0.00 0.58 1.00 0.94 0.08 0.00 0.00 
 0.00 0.00 0.00 0.22 0.98 1.00 0.63 0.04 0.00 0.00 0.00 0.00 0.01 0.41 1.00 1.00 0.44 0.00 0.00 0.00 
 0.00 0.00 0.00 0.00 0.39 0.99 1.00 0.84 0.41 0.20 0.18 0.34 0.72 1.00 1.00 0.60 0.01 0.00 0.00 0.00 
 0.00 0.00 0.00 0.00 0.00 0.28 0.85 1.00 1.00 1.00 1.00 1.00 1.00 0.91 0.40 0.00 0.00 0.00 0.00 0.00 
 0.00 0.00 0.00 0.00 0.00 0.00 0.02 0.28 0.52 0.65 0.66 0.89 1.00 0.75 0.04 0.00 0.00 0.00 0.00 0.00 
 0.00 0.00 0.00 0.00 0.00 0.00 0.00 0.00 0.00 0.00 0.00 0.17 0.93 1.00 0.68 0.03 0.00 0.00 0.00 0.00 
 0.00 0.00 0.00 0.00 0.00 0.00 0.00 0.00 0.00 0.00 0.00 0.00 0.21 0.96 1.00 0.62 0.01 0.00 0.00 0.00 
 