0.00 0.00 0.00 0.00 0.00 0.00 0.08 0.47 0.77 0.83 0.88 0.83 0.63 0.20 0.00 0.00 0.00 0.00 0.00 0.00 
 0.00 0.00 0.00 0.00 0.00 0.31 0.91 0.71 0.19 0.00 0.00 0.08 0.55 0.97 0.55 0.03 0.00 0.00 0.00 0.00 
 0.00 0.00 0.00 0.00 0.35 0.99 0.71 0.02 0.00 0.00 0.00 0.00 0.00 0.47 1.00 0.66 0.02 0.00 0.00 0.00 
 0.00 0.00 0.00 0.16 0.96 0.96 0.14 0.00 0.00 0.00 0.00 0.00 0.00 0.03 0.82 1.00 0.42 0.00 0.00 0.00 
 0.00 0.00 0.00 0.63 1.00 0.74 0.00 0.00 0.00 0.00 0.00 0.00 0.00 0.00 0.42 1.00 0.89 0.05 0.00 0.00 
 0.00 0.00 0.09 0.97 1.00 0.49 0.00 0.00 0.00 0.00 0.00 0.00 0.00 0.00 0.17 1.00 1.00 0.36 0.00 0.00 
 0.00 0.00 0.24 1.00 1.00 0.33 0.00 0.00 0.00 0.00 0.00 0.00 0.00 0.00 0.11 0.99 1.00 0.61 0.00 0.00 
 0.00 0.00 0.38 1.00 1.00 0.25 0.00 0.00 0.00 0.00 0.00 0.00 0.00 0.00 0.00 0.88 1.00 0.75 0.00 0.00 
 0.00 0.00 0.38 1.00 1.00 0.25 0.00 0.00 0.00 0.00 0.00 0.00 0.00 0.00 0.00 0.88 1.00 0.75 0.00 0.00 
 0.00 0.00 0.28 1.00 1.00 0.31 0.00 0.00 0.00 0.00 0.00 0.00 0.00 0.00 0.05 0.93 1.00 0.63 0.00 0.00 
 0.00 0.00 0.14 1.00 1.00 0.47 0.00 0.00 0.00 0.00 0.00 0.00 0.00 0.00 0.13 1.00 1.00 0.42 0.00 0.00 
 0.00 0.00 0.02 0.78 1.00 0.71 0.00 0.00 0.00 0.00 0.00 0.00 0.00 0.00 0.28 1.00 0.96 0.11 0.00 0.00 
 0.00 0.00 0.00 0.31 1.00 0.94 0.11 0.00 0.00 0.00 0.00 0.00 0.00 0.00 0.64 1.00 0.58 0.00 0.00 0.00 
 0.00 0.00 0.00 0.02 0.60 1.00 0.64 0.02 0.00 0.00 0.00 0.00 0.00 0.25 0.99 0.80 0.05 0.00 0.00 0.00 
 0.00 0.00 0.00 0.00 0.03 0.55 0.97 0.58 0.06 0.00 0.00 0.02 0.30 0.91 0.75 0.09 0.00 0.00 0.00 0.00 
 0.00 0.00 0.00 0.00 0.00 0.00 0.22 0.72 0.89 0.67 0.64 0.83 0.85 0.42 0.02 0.00 0.00 0.00 0.00 0.00 
 0.00 0.00 0.00 0.00 0.00 0.00 0.00 0.00 0.35 0.96 1.00 1.00 0.47 0.00 0.00 0.00 0.00 0.00 0.00 0.00 
 0.00 0.00 0.00 0.00 0.00 0.00 0.00 0.00 0.00 0.22 0.85 1.00 0.96 0.20 0.00 0.00 0.00 0.00 0.00 0.00 
 0.00 0.00 0.00 0.00 0.00 0.00 0.00 0.00 0.00 0.00 0.05 0.53 0.94 0.89 0.20 0.00 0.00 0.00 0.00 0.00 
 0.00 0.00 0.00 0.00 0.00 0.00 0.00 0.00 0.00 0.00 0.00 0.00 0.08 0.47 0.77 0.56 0.20 0.02 0.00 0.00 
 