0.00 0.00 0.00 0.00 0.00 0.01 0.26 0.68 0.93 1.00 0.90 0.61 0.13 0.00 0.48 0.70 0.70 0.62 0.00 0.00 
 0.00 0.00 0.00 0.00 0.03 0.56 1.00 1.00 1.00 1.00 1.00 1.00 0.92 0.18 0.87 1.00 1.00 0.73 0.00 0.00 
 0.00 0.00 0.00 0.00 0.53 1.00 1.00 1.00 1.00 0.95 0.96 1.00 1.00 0.88 1.00 1.00 1.00 0.53 0.00 0.00 
 0.00 0.00 0.00 0.24 0.99 1.00 1.00 0.96 0.47 0.06 0.09 0.59 1.00 1.00 1.00 1.00 1.00 0.31 0.00 0.00 
 0.00 0.00 0.00 0.72 1.00 1.00 0.99 0.37 0.00 0.00 0.00 0.01 0.71 1.00 1.00 1.00 0.98 0.11 0.00 0.00 
 0.00 0.00 0.14 0.99 1.00 1.00 0.79 0.00 0.00 0.00 0.00 0.00 0.37 1.00 1.00 1.00 0.87 0.00 0.00 0.00 
 0.00 0.00 0.40 1.00 1.00 1.00 0.42 0.00 0.00 0.00 0.00 0.00 0.30 1.00 1.00 1.00 0.69 0.00 0.00 0.00 
 0.00 0.00 0.57 1.00 1.00 1.00 0.17 0.00 0.00 0.00 0.00 0.00 0.37 1.00 1.00 1.00 0.49 0.00 0.00 0.00 
 0.00 0.00 0.69 1.00 1.00 0.92 0.02 0.00 0.00 0.00 0.00 0.00 0.60 1.00 1.00 1.00 0.27 0.00 0.00 0.00 
 0.00 0.00 0.70 1.00 1.00 0.92 0.02 0.00 0.00 0.00 0.00 0.05 0.91 1.00 1.00 0.96 0.07 0.00 0.00 0.00 
 0.00 0.00 0.61 1.00 1.00 1.00 0.27 0.00 0.00 0.00 0.00 0.45 1.00 1.00 1.00 0.84 0.00 0.00 0.00 0.00 
 0.00 0.00 0.42 1.00 1.00 1.00 0.84 0.15 0.00 0.04 0.40 0.97 1.00 1.00 1.00 0.64 0.00 0.00 0.00 0.00 
 0.00 0.00 0.12 0.97 1.00 1.00 1.00 0.98 0.82 0.92 1.00 1.00 1.00 1.00 1.00 0.43 0.00 0.00 0.00 0.00 
 0.00 0.00 0.00 0.42 0.99 1.00 1.00 1.00 1.00 1.00 0.96 0.93 1.00 1.00 1.00 0.23 0.00 0.00 0.00 0.00 
 0.00 0.00 0.00 0.00 0.38 0.86 1.00 1.00 0.97 0.76 0.23 0.87 1.00 1.00 0.94 0.04 0.00 0.00 0.00 0.00 
 0.00 0.00 0.00 0.00 0.00 0.01 0.15 0.20 0.09 0.00 0.12 1.00 1.00 1.00 0.81 0.00 0.00 0.00 0.00 0.00 
 0.00 0.00 0.00 0.00 0.00 0.00 0.00 0.00 0.00 0.00 0.29 1.00 1.00 1.00 0.61 0.00 0.00 0.00 0.00 0.00 
 0.00 0.00 0.00 0.00 0.00 0.00 0.00 0.00 0.00 0.00 0.49 1.00 1.00 1.00 0.39 0.00 0.00 0.00 0.00 0.00 
 0.00 0.00 0.00 0.00 0.00 0.00 0.00 0.00 0.00 0.00 0.71 1.00 1.00 1.00 0.19 0.00 0.00 0.00 0.00 0.00 
 0.00 0.00 0.00 0.00 0.00 0.00 0.00 0.00 0.00 0.03 0.91 1.00 1.00 0.92 0.02 0.00 0.00 0.00 0.00 0.00 
 