0.00 0.00 0.00 0.00 0.00 0.00 0.00 0.02 0.22 0.56 0.77 0.89 0.89 0.88 0.74 0.55 0.52 0.73 0.47 0.00 
 0.00 0.00 0.00 0.00 0.00 0.00 0.10 0.67 1.00 1.00 1.00 1.00 1.00 1.00 1.00 1.00 1.00 1.00 0.33 0.00 
 0.00 0.00 0.00 0.00 0.00 0.15 0.88 1.00 1.00 1.00 1.00 0.91 0.89 0.96 1.00 1.00 1.00 0.99 0.14 0.00 
 0.00 0.00 0.00 0.00 0.05 0.82 1.00 1.00 1.00 0.78 0.27 0.03 0.00 0.10 0.84 1.00 1.00 0.88 0.00 0.00 
 0.00 0.00 0.00 0.00 0.51 1.00 1.00 1.00 0.74 0.04 0.00 0.00 0.00 0.06 0.95 1.00 1.00 0.73 0.00 0.00 
 0.00 0.00 0.00 0.07 0.94 1.00 1.00 0.94 0.11 0.00 0.00 0.00 0.00 0.16 1.00 1.00 1.00 0.53 0.00 0.00 
 0.00 0.00 0.00 0.36 1.00 1.00 1.00 0.62 0.00 0.00 0.00 0.00 0.00 0.36 1.00 1.00 1.00 0.33 0.00 0.00 
 0.00 0.00 0.00 0.63 1.00 1.00 1.00 0.29 0.00 0.00 0.00 0.00 0.00 0.58 1.00 1.00 0.99 0.14 0.00 0.00 
 0.00 0.00 0.00 0.82 1.00 1.00 0.95 0.06 0.00 0.00 0.00 0.00 0.06 0.90 1.00 1.00 0.88 0.00 0.00 0.00 
 0.00 0.00 0.02 0.90 1.00 1.00 0.89 0.00 0.00 0.00 0.00 0.00 0.44 1.00 1.00 1.00 0.73 0.00 0.00 0.00 
 0.00 0.00 0.11 1.00 1.00 1.00 0.89 0.00 0.00 0.00 0.00 0.15 0.94 1.00 1.00 1.00 0.53 0.00 0.00 0.00 
 0.00 0.00 0.05 0.94 1.00 1.00 0.91 0.03 0.00 0.00 0.10 0.82 1.00 1.00 1.00 1.00 0.33 0.00 0.00 0.00 
 0.00 0.00 0.00 0.80 1.00 1.00 1.00 0.48 0.11 0.25 0.84 1.00 1.00 1.00 1.00 0.99 0.14 0.00 0.00 0.00 
 0.00 0.00 0.00 0.49 1.00 1.00 1.00 1.00 1.00 1.00 1.00 1.00 0.91 1.00 1.00 0.88 0.00 0.00 0.00 0.00 
 0.00 0.00 0.00 0.09 0.87 1.00 1.00 1.00 1.00 1.00 0.99 0.67 0.73 1.00 1.00 0.73 0.00 0.00 0.00 0.00 
 0.00 0.00 0.00 0.00 0.13 0.71 0.93 1.00 0.95 0.80 0.38 0.10 0.98 1.00 1.00 0.53 0.00 0.00 0.00 0.00 
 0.00 0.00 0.00 0.00 0.00 0.00 0.04 0.11 0.06 0.00 0.00 0.35 1.00 1.00 1.00 0.33 0.00 0.00 0.00 0.00 
 0.00 0.00 0.00 0.00 0.00 0.00 0.00 0.00 0.00 0.00 0.00 0.56 1.00 1.00 0.99 0.14 0.00 0.00 0.00 0.00 
 0.00 0.00 0.00 0.00 0.00 0.00 0.00 0.00 0.00 0.00 0.00 0.76 1.00 1.00 0.88 0.00 0.00 0.00 0.00 0.00 
 0.00 0.00 0.00 0.00 0.00 0.00 0.00 0.00 0.00 0.00 0.06 0.95 1.00 1.00 0.73 0.00 0.00 0.00 0.00 0.00 
 