0.00 0.00 0.00 0.00 0.00 0.01 0.25 0.64 0.88 1.00 0.98 0.86 0.59 0.18 0.00 0.00 0.00 0.00 0.00 0.00 
 0.00 0.00 0.00 0.00 0.04 0.64 1.00 1.00 0.92 0.79 0.80 0.95 1.00 0.98 0.50 0.01 0.00 0.00 0.00 0.00 
 0.00 0.00 0.00 0.01 0.64 1.00 0.92 0.35 0.02 0.00 0.00 0.04 0.45 0.97 1.00 0.48 0.00 0.00 0.00 0.00 
 0.00 0.00 0.00 0.29 1.00 0.95 0.19 0.00 0.00 0.00 0.00 0.00 0.00 0.33 1.00 0.97 0.15 0.00 0.00 0.00 
 0.00 0.00 0.00 0.73 1.00 0.55 0.00 0.00 0.00 0.00 0.00 0.00 0.00 0.00 0.71 1.00 0.58 0.00 0.00 0.00 
 0.00 0.00 0.07 0.98 1.00 0.17 0.00 0.00 0.00 0.00 0.00 0.00 0.00 0.00 0.33 1.00 0.87 0.00 0.00 0.00 
 0.00 0.00 0.20 1.00 0.93 0.01 0.00 0.00 0.00 0.00 0.00 0.00 0.00 0.00 0.13 1.00 0.96 0.04 0.00 0.00 
 0.00 0.00 0.30 1.00 0.86 0.00 0.00 0.00 0.00 0.00 0.00 0.00 0.00 0.00 0.08 1.00 1.00 0.15 0.00 0.00 
 0.00 0.00 0.31 1.00 0.85 0.00 0.00 0.00 0.00 0.00 0.00 0.00 0.00 0.00 0.08 1.00 1.00 0.16 0.00 0.00 
 0.00 0.00 0.24 1.00 0.91 0.00 0.00 0.00 0.00 0.00 0.00 0.00 0.00 0.00 0.10 1.00 0.99 0.08 0.00 0.00 
 0.00 0.00 0.11 1.00 0.98 0.09 0.00 0.00 0.00 0.00 0.00 0.00 0.00 0.00 0.25 1.00 0.89 0.00 0.00 0.00 
 0.00 0.00 0.01 0.84 1.00 0.40 0.00 0.00 0.00 0.00 0.00 0.00 0.00 0.00 0.56 1.00 0.66 0.00 0.00 0.00 
 0.00 0.00 0.00 0.44 1.00 0.87 0.07 0.00 0.00 0.00 0.00 0.00 0.00 0.16 0.96 1.00 0.25 0.00 0.00 0.00 
 0.00 0.00 0.00 0.04 0.84 1.00 0.76 0.11 0.00 0.00 0.00 0.00 0.18 0.85 1.00 0.65 0.00 0.00 0.00 0.00 
 0.00 0.00 0.00 0.00 0.15 0.87 1.00 0.95 0.65 0.48 0.49 0.69 0.98 1.00 0.71 0.04 0.00 0.00 0.00 0.00 
 0.00 0.00 0.00 0.00 0.00 0.07 0.56 0.92 1.00 1.00 1.00 1.00 0.93 0.40 0.02 0.00 0.00 0.00 0.00 0.00 
 0.00 0.00 0.00 0.00 0.00 0.00 0.00 0.02 0.19 0.30 0.38 1.00 0.85 0.00 0.00 0.00 0.00 0.00 0.00 0.00 
 0.00 0.00 0.00 0.00 0.00 0.00 0.00 0.00 0.00 0.00 0.04 0.93 0.99 0.29 0.00 0.00 0.02 0.04 0.00 0.00 
 0.00 0.00 0.00 0.00 0.00 0.00 0.00 0.00 0.00 0.00 0.00 0.48 1.00 0.98 0.76 0.71 0.88 0.46 0.00 0.00 
 0.00 0.00 0.00 0.00 0.00 0.00 0.00 0.00 0.00 0.00 0.00 0.02 0.48 0.93 1.00 1.00 1.00 0.42 0.00 0.00 
 