0.00 0.00 0.00 0.00 0.00 0.00 0.00 0.22 0.73 0.97 0.96 0.68 0.13 0.35 0.70 0.21 0.00 0.00 0.00 0.00 
 0.00 0.00 0.00 0.00 0.00 0.00 0.26 0.97 1.00 0.97 0.93 1.00 0.87 0.57 1.00 0.30 0.00 0.00 0.00 0.00 
 0.00 0.00 0.00 0.00 0.00 0.05 0.87 1.00 0.72 0.13 0.04 0.45 0.98 0.97 1.00 0.30 0.00 0.00 0.00 0.00 
 0.00 0.00 0.00 0.00 0.00 0.37 1.00 0.86 0.05 0.00 0.00 0.00 0.44 1.00 1.00 0.30 0.00 0.00 0.00 0.00 
 0.00 0.00 0.00 0.00 0.00 0.68 1.00 0.48 0.00 0.00 0.00 0.00 0.05 0.93 1.00 0.30 0.00 0.00 0.00 0.00 
 0.00 0.00 0.00 0.00 0.00 0.86 1.00 0.25 0.00 0.00 0.00 0.00 0.00 0.69 1.00 0.30 0.00 0.00 0.00 0.00 
 0.00 0.00 0.00 0.00 0.08 0.98 1.00 0.13 0.00 0.00 0.00 0.00 0.00 0.55 1.00 0.30 0.00 0.00 0.00 0.00 
 0.00 0.00 0.00 0.00 0.10 1.00 1.00 0.10 0.00 0.00 0.00 0.00 0.00 0.50 1.00 0.30 0.00 0.00 0.00 0.00 
 0.00 0.00 0.00 0.00 0.07 0.97 1.00 0.12 0.00 0.00 0.00 0.00 0.00 0.50 1.00 0.30 0.00 0.00 0.00 0.00 
 0.00 0.00 0.00 0.00 0.00 0.85 1.00 0.26 0.00 0.00 0.00 0.00 0.00 0.61 1.00 0.30 0.00 0.00 0.00 0.00 
 0.00 0.00 0.00 0.00 0.00 0.65 1.00 0.50 0.00 0.00 0.00 0.00 0.01 0.83 1.00 0.30 0.00 0.00 0.00 0.00 
 0.00 0.00 0.00 0.00 0.00 0.33 1.00 0.87 0.06 0.00 0.00 0.00 0.28 1.00 1.00 0.30 0.00 0.00 0.00 0.00 
 0.00 0.00 0.00 0.00 0.00 0.03 0.82 1.00 0.72 0.13 0.01 0.25 0.90 1.00 1.00 0.30 0.00 0.00 0.00 0.00 
 0.00 0.00 0.00 0.00 0.00 0.00 0.17 0.92 1.00 0.99 0.91 1.00 0.94 0.84 1.00 0.30 0.00 0.00 0.00 0.00 
 0.00 0.00 0.00 0.00 0.00 0.00 0.00 0.14 0.70 0.94 0.98 0.80 0.22 0.70 1.00 0.30 0.00 0.00 0.00 0.00 
 0.00 0.00 0.00 0.00 0.00 0.00 0.00 0.00 0.00 0.04 0.08 0.00 0.00 0.70 1.00 0.30 0.00 0.00 0.00 0.00 
 0.00 0.00 0.00 0.00 0.00 0.00 0.00 0.00 0.00 0.00 0.00 0.00 0.00 0.70 1.00 0.30 0.00 0.00 0.00 0.00 
 0.00 0.00 0.00 0.00 0.00 0.00 0.00 0.00 0.00 0.00 0.00 0.00 0.00 0.70 1.00 0.30 0.00 0.00 0.00 0.00 
 0.00 0.00 0.00 0.00 0.00 0.00 0.00 0.00 0.00 0.00 0.00 0.00 0.00 0.70 1.00 0.30 0.00 0.00 0.00 0.00 
 0.00 0.00 0.00 0.00 0.00 0.00 0.00 0.00 0.00 0.00 0.00 0.00 0.00 0.70 1.00 0.30 0.00 0.00 0.00 0.00 
 