0.00 0.00 0.00 0.00 0.00 0.00 0.00 0.11 0.47 0.75 0.92 1.00 1.00 0.94 0.85 0.70 0.52 0.26 0.00 0.00 
 0.00 0.00 0.00 0.00 0.00 0.03 0.50 0.96 1.00 1.00 1.00 1.00 1.00 1.00 1.00 1.00 1.00 0.82 0.00 0.00 
 0.00 0.00 0.00 0.00 0.04 0.71 1.00 1.00 1.00 1.00 1.00 1.00 1.00 1.00 1.00 1.00 1.00 0.61 0.00 0.00 
 0.00 0.00 0.00 0.00 0.56 1.00 1.00 1.00 0.99 0.69 0.26 0.10 0.22 0.98 1.00 1.00 1.00 0.39 0.00 0.00 
 0.00 0.00 0.00 0.22 0.99 1.00 1.00 1.00 0.55 0.00 0.00 0.00 0.16 1.00 1.00 1.00 1.00 0.18 0.00 0.00 
 0.00 0.00 0.00 0.64 1.00 1.00 1.00 0.83 0.02 0.00 0.00 0.00 0.37 1.00 1.00 1.00 0.91 0.01 0.00 0.00 
 0.00 0.00 0.06 0.95 1.00 1.00 1.00 0.42 0.00 0.00 0.00 0.00 0.58 1.00 1.00 1.00 0.75 0.00 0.00 0.00 
 0.00 0.00 0.20 1.00 1.00 1.00 0.99 0.14 0.00 0.00 0.00 0.01 0.84 1.00 1.00 1.00 0.54 0.00 0.00 0.00 
 0.00 0.00 0.33 1.00 1.00 1.00 0.90 0.00 0.00 0.00 0.00 0.21 1.00 1.00 1.00 1.00 0.33 0.00 0.00 0.00 
 0.00 0.00 0.38 1.00 1.00 1.00 0.92 0.02 0.00 0.00 0.01 0.69 1.00 1.00 1.00 0.98 0.11 0.00 0.00 0.00 
 0.00 0.00 0.27 1.00 1.00 1.00 1.00 0.35 0.00 0.02 0.48 1.00 1.00 1.00 1.00 0.87 0.00 0.00 0.00 0.00 
 0.00 0.00 0.11 0.99 1.00 1.00 1.00 0.97 0.73 0.84 1.00 1.00 1.00 1.00 1.00 0.69 0.00 0.00 0.00 0.00 
 0.00 0.00 0.00 0.65 1.00 1.00 1.00 1.00 1.00 1.00 0.83 0.89 1.00 1.00 1.00 0.47 0.00 0.00 0.00 0.00 
 0.00 0.00 0.00 0.10 0.81 1.00 1.00 1.00 1.00 0.77 0.22 1.00 1.00 1.00 1.00 0.25 0.00 0.00 0.00 0.00 
 0.00 0.00 0.00 0.00 0.03 0.37 0.58 0.57 0.32 0.01 0.30 1.00 1.00 1.00 0.95 0.05 0.00 0.00 0.00 0.00 
 0.00 0.00 0.00 0.00 0.00 0.00 0.00 0.00 0.00 0.00 0.53 1.00 1.00 1.00 0.83 0.00 0.00 0.00 0.00 0.00 
 0.00 0.00 0.00 0.00 0.00 0.00 0.00 0.00 0.00 0.00 0.73 1.00 1.00 1.00 0.62 0.00 0.00 0.00 0.00 0.00 
 0.00 0.00 0.00 0.00 0.00 0.00 0.00 0.00 0.00 0.05 0.94 1.00 1.00 1.00 0.41 0.00 0.00 0.00 0.00 0.00 
 0.00 0.00 0.00 0.00 0.00 0.00 0.00 0.00 0.00 0.16 1.00 1.00 1.00 1.00 0.19 0.00 0.00 0.00 0.00 0.00 
 0.00 0.00 0.00 0.00 0.00 0.00 0.00 0.00 0.00 0.37 1.00 1.00 1.00 0.92 0.02 0.00 0.00 0.00 0.00 0.00 
 