0.00 0.00 0.00 0.00 0.00 0.01 0.29 0.71 0.94 1.00 0.90 0.58 0.08 0.49 0.70 0.70 0.70 0.42 0.00 0.00 
 0.00 0.00 0.00 0.00 0.01 0.55 1.00 1.00 1.00 1.00 1.00 1.00 0.83 0.76 1.00 1.00 1.00 0.60 0.00 0.00 
 0.00 0.00 0.00 0.00 0.46 1.00 1.00 1.00 1.00 1.00 1.00 1.00 1.00 1.00 1.00 1.00 1.00 0.60 0.00 0.00 
 0.00 0.00 0.00 0.11 0.96 1.00 1.00 1.00 0.94 0.51 0.30 0.48 0.93 1.00 1.00 1.00 1.00 0.60 0.00 0.00 
 0.00 0.00 0.00 0.45 1.00 1.00 1.00 0.98 0.27 0.00 0.00 0.00 0.25 0.99 1.00 1.00 1.00 0.60 0.00 0.00 
 0.00 0.00 0.00 0.71 1.00 1.00 1.00 0.78 0.00 0.00 0.00 0.00 0.00 0.76 1.00 1.00 1.00 0.60 0.00 0.00 
 0.00 0.00 0.00 0.85 1.00 1.00 1.00 0.56 0.00 0.00 0.00 0.00 0.00 0.60 1.00 1.00 1.00 0.60 0.00 0.00 
 0.00 0.00 0.00 0.90 1.00 1.00 1.00 0.50 0.00 0.00 0.00 0.00 0.00 0.60 1.00 1.00 1.00 0.60 0.00 0.00 
 0.00 0.00 0.00 0.88 1.00 1.00 1.00 0.57 0.00 0.00 0.00 0.00 0.00 0.70 1.00 1.00 1.00 0.60 0.00 0.00 
 0.00 0.00 0.00 0.74 1.00 1.00 1.00 0.83 0.01 0.00 0.00 0.00 0.08 0.94 1.00 1.00 1.00 0.60 0.00 0.00 
 0.00 0.00 0.00 0.50 1.00 1.00 1.00 1.00 0.50 0.02 0.00 0.05 0.65 1.00 1.00 1.00 1.00 0.60 0.00 0.00 
 0.00 0.00 0.00 0.17 0.98 1.00 1.00 1.00 1.00 0.85 0.71 0.91 1.00 1.00 1.00 1.00 1.00 0.60 0.00 0.00 
 0.00 0.00 0.00 0.00 0.50 1.00 1.00 1.00 1.00 1.00 1.00 1.00 0.94 0.84 1.00 1.00 1.00 0.60 0.00 0.00 
 0.00 0.00 0.00 0.00 0.01 0.51 0.96 1.00 1.00 1.00 1.00 0.90 0.27 0.70 1.00 1.00 1.00 0.60 0.00 0.00 
 0.00 0.00 0.00 0.00 0.00 0.00 0.12 0.44 0.59 0.57 0.39 0.06 0.00 0.70 1.00 1.00 1.00 0.60 0.00 0.00 
 0.00 0.00 0.00 0.00 0.00 0.00 0.00 0.00 0.00 0.00 0.00 0.00 0.00 0.70 1.00 1.00 1.00 0.60 0.00 0.00 
 0.00 0.00 0.00 0.00 0.00 0.00 0.00 0.00 0.00 0.00 0.00 0.00 0.00 0.70 1.00 1.00 1.00 0.60 0.00 0.00 
 0.00 0.00 0.00 0.00 0.00 0.00 0.00 0.00 0.00 0.00 0.00 0.00 0.00 0.70 1.00 1.00 1.00 0.60 0.00 0.00 
 0.00 0.00 0.00 0.00 0.00 0.00 0.00 0.00 0.00 0.00 0.00 0.00 0.00 0.70 1.00 1.00 1.00 0.60 0.00 0.00 
 0.00 0.00 0.00 0.00 0.00 0.00 0.00 0.00 0.00 0.00 0.00 0.00 0.00 0.70 1.00 1.00 1.00 0.60 0.00 0.00 
 