0.00 0.00 0.00 0.00 0.00 0.02 0.31 0.71 0.93 1.00 0.94 0.71 0.29 0.06 0.56 0.56 0.56 0.56 0.49 0.00 
 0.00 0.00 0.00 0.00 0.06 0.68 1.00 1.00 1.00 1.00 1.00 1.00 0.99 0.56 1.00 1.00 1.00 1.00 0.89 0.00 
 0.00 0.00 0.00 0.05 0.74 1.00 1.00 1.00 1.00 1.00 1.00 1.00 1.00 1.00 1.00 1.00 1.00 1.00 0.89 0.00 
 0.00 0.00 0.00 0.51 1.00 1.00 1.00 1.00 1.00 1.00 1.00 1.00 1.00 1.00 1.00 1.00 1.00 1.00 0.89 0.00 
 0.00 0.00 0.09 0.95 1.00 1.00 1.00 1.00 0.96 0.53 0.25 0.30 0.72 1.00 1.00 1.00 1.00 1.00 0.89 0.00 
 0.00 0.00 0.32 1.00 1.00 1.00 1.00 0.99 0.37 0.00 0.00 0.00 0.02 0.68 1.00 1.00 1.00 1.00 0.89 0.00 
 0.00 0.00 0.51 1.00 1.00 1.00 1.00 0.82 0.00 0.00 0.00 0.00 0.00 0.18 1.00 1.00 1.00 1.00 0.89 0.00 
 0.00 0.00 0.56 1.00 1.00 1.00 1.00 0.67 0.00 0.00 0.00 0.00 0.00 0.11 1.00 1.00 1.00 1.00 0.89 0.00 
 0.00 0.00 0.52 1.00 1.00 1.00 1.00 0.79 0.00 0.00 0.00 0.00 0.00 0.16 1.00 1.00 1.00 1.00 0.89 0.00 
 0.00 0.00 0.36 1.00 1.00 1.00 1.00 0.99 0.31 0.00 0.00 0.00 0.02 0.62 1.00 1.00 1.00 1.00 0.89 0.00 
 0.00 0.00 0.11 0.98 1.00 1.00 1.00 1.00 0.95 0.42 0.14 0.19 0.63 1.00 1.00 1.00 1.00 1.00 0.89 0.00 
 0.00 0.00 0.00 0.60 1.00 1.00 1.00 1.00 1.00 1.00 1.00 1.00 1.00 1.00 1.00 1.00 1.00 1.00 0.89 0.00 
 0.00 0.00 0.00 0.07 0.84 1.00 1.00 1.00 1.00 1.00 1.00 1.00 1.00 1.00 1.00 1.00 1.00 1.00 0.89 0.00 
 0.00 0.00 0.00 0.00 0.13 0.77 1.00 1.00 1.00 1.00 1.00 1.00 0.99 0.71 1.00 1.00 1.00 1.00 0.89 0.00 
 0.00 0.00 0.00 0.00 0.00 0.03 0.42 0.80 0.94 1.00 0.93 0.77 0.33 0.11 1.00 1.00 1.00 1.00 0.89 0.00 
 0.00 0.00 0.00 0.00 0.00 0.00 0.00 0.00 0.05 0.11 0.04 0.00 0.00 0.11 1.00 1.00 1.00 1.00 0.89 0.00 
 0.00 0.00 0.00 0.00 0.00 0.00 0.00 0.00 0.00 0.00 0.00 0.00 0.00 0.11 1.00 1.00 1.00 1.00 0.89 0.00 
 0.00 0.00 0.00 0.00 0.00 0.00 0.00 0.00 0.00 0.00 0.00 0.00 0.00 0.11 1.00 1.00 1.00 1.00 0.89 0.00 
 0.00 0.00 0.00 0.00 0.00 0.00 0.00 0.00 0.00 0.00 0.00 0.00 0.00 0.11 1.00 1.00 1.00 1.00 0.89 0.00 
 0.00 0.00 0.00 0.00 0.00 0.00 0.00 0.00 0.00 0.00 0.00 0.00 0.00 0.11 1.00 1.00 1.00 1.00 0.89 0.00 
 