0.00 0.00 0.00 0.00 0.00 0.00 0.02 0.30 0.66 0.89 1.00 0.98 0.86 0.63 0.24 0.00 0.00 0.00 0.00 0.00 
 0.00 0.00 0.00 0.00 0.00 0.15 0.61 0.41 0.16 0.10 0.25 0.56 0.95 1.00 0.99 0.61 0.04 0.00 0.00 0.00 
 0.00 0.00 0.00 0.00 0.25 0.65 0.05 0.00 0.00 0.00 0.00 0.00 0.11 0.73 1.00 1.00 0.69 0.02 0.00 0.00 
 0.00 0.00 0.00 0.21 0.84 0.06 0.00 0.00 0.00 0.00 0.00 0.00 0.00 0.04 0.71 1.00 1.00 0.47 0.00 0.00 
 0.00 0.00 0.04 0.84 0.45 0.00 0.00 0.00 0.00 0.00 0.00 0.00 0.00 0.00 0.07 0.89 1.00 0.93 0.04 0.00 
 0.00 0.00 0.41 1.00 0.15 0.00 0.00 0.00 0.00 0.00 0.00 0.00 0.00 0.00 0.00 0.39 1.00 1.00 0.32 0.00 
 0.00 0.00 0.75 0.92 0.01 0.00 0.00 0.00 0.00 0.00 0.00 0.00 0.00 0.00 0.00 0.06 0.95 1.00 0.50 0.00 
 0.00 0.06 0.97 0.92 0.01 0.00 0.00 0.00 0.00 0.00 0.00 0.00 0.00 0.00 0.00 0.00 0.70 1.00 0.55 0.00 
 0.00 0.09 1.00 1.00 0.12 0.00 0.00 0.00 0.00 0.00 0.00 0.00 0.00 0.00 0.00 0.00 0.51 1.00 0.49 0.00 
 0.00 0.09 1.00 1.00 0.31 0.00 0.00 0.00 0.00 0.00 0.00 0.00 0.00 0.00 0.00 0.00 0.45 1.00 0.31 0.00 
 0.00 0.05 0.95 1.00 0.65 0.00 0.00 0.00 0.00 0.00 0.00 0.00 0.00 0.00 0.00 0.00 0.52 0.95 0.06 0.00 
 0.00 0.00 0.69 1.00 0.97 0.15 0.00 0.00 0.00 0.00 0.00 0.00 0.00 0.00 0.00 0.00 0.74 0.56 0.00 0.00 
 0.00 0.00 0.28 1.00 1.00 0.77 0.04 0.00 0.00 0.00 0.00 0.00 0.00 0.00 0.00 0.18 0.86 0.07 0.00 0.00 
 0.00 0.00 0.01 0.65 1.00 1.00 0.71 0.06 0.00 0.00 0.00 0.00 0.00 0.00 0.04 0.71 0.21 0.00 0.00 0.00 
 0.00 0.00 0.00 0.04 0.68 1.00 1.00 0.84 0.28 0.03 0.00 0.00 0.00 0.18 0.63 0.20 0.00 0.00 0.00 0.00 
 0.00 0.00 0.00 0.00 0.01 0.42 0.98 1.00 1.00 0.89 0.68 0.65 0.68 0.51 0.05 0.00 0.00 0.00 0.00 0.00 
 0.00 0.00 0.00 0.00 0.02 0.63 0.54 0.22 0.51 0.96 1.00 0.82 0.18 0.00 0.00 0.00 0.00 0.00 0.00 0.00 
 0.00 0.00 0.00 0.00 0.07 0.30 0.00 0.00 0.00 0.19 0.84 1.00 0.95 0.38 0.00 0.00 0.00 0.00 0.00 0.04 
 0.00 0.00 0.00 0.00 0.00 0.00 0.00 0.00 0.00 0.00 0.07 0.70 1.00 0.99 0.57 0.04 0.00 0.01 0.42 0.29 
 0.00 0.00 0.00 0.00 0.00 0.00 0.00 0.00 0.00 0.00 0.00 0.02 0.54 1.00 1.00 0.87 0.51 0.72 0.58 0.00 
 