0.00 0.00 0.00 0.00 0.00 0.00 0.00 0.00 0.11 0.53 0.81 0.84 0.67 0.20 0.22 0.70 0.70 0.00 0.00 0.00 
 0.00 0.00 0.00 0.00 0.00 0.00 0.00 0.28 0.89 0.70 0.11 0.00 0.11 0.67 0.67 1.00 0.56 0.00 0.00 0.00 
 0.00 0.00 0.00 0.00 0.00 0.00 0.33 0.97 0.70 0.03 0.00 0.00 0.00 0.39 1.00 1.00 0.28 0.00 0.00 0.00 
 0.00 0.00 0.00 0.00 0.00 0.28 0.97 0.86 0.09 0.00 0.00 0.00 0.00 0.36 1.00 0.86 0.03 0.00 0.00 0.00 
 0.00 0.00 0.00 0.00 0.11 0.89 1.00 0.42 0.00 0.00 0.00 0.00 0.00 0.53 1.00 0.70 0.00 0.00 0.00 0.00 
 0.00 0.00 0.00 0.00 0.56 1.00 0.84 0.03 0.00 0.00 0.00 0.00 0.03 0.78 1.00 0.42 0.00 0.00 0.00 0.00 
 0.00 0.00 0.00 0.17 0.97 1.00 0.42 0.00 0.00 0.00 0.00 0.00 0.22 1.00 0.95 0.14 0.00 0.00 0.00 0.00 
 0.00 0.00 0.00 0.45 1.00 0.92 0.09 0.00 0.00 0.00 0.00 0.03 0.64 1.00 0.81 0.00 0.00 0.00 0.00 0.00 
 0.00 0.00 0.00 0.70 1.00 0.81 0.00 0.00 0.00 0.00 0.00 0.25 1.00 1.00 0.56 0.00 0.00 0.00 0.00 0.00 
 0.00 0.00 0.00 0.84 1.00 0.67 0.00 0.00 0.00 0.00 0.11 0.73 0.97 1.00 0.28 0.00 0.00 0.00 0.00 0.00 
 0.00 0.00 0.00 0.84 1.00 0.70 0.00 0.00 0.00 0.09 0.64 0.42 1.00 0.86 0.03 0.00 0.00 0.00 0.00 0.00 
 0.00 0.00 0.00 0.67 1.00 0.89 0.11 0.00 0.14 0.70 0.33 0.50 1.00 0.70 0.00 0.00 0.00 0.00 0.00 0.00 
 0.00 0.00 0.00 0.25 0.97 1.00 0.89 0.70 0.86 0.39 0.03 0.81 1.00 0.42 0.00 0.00 0.00 0.00 0.00 0.00 
 0.00 0.00 0.00 0.00 0.42 0.84 0.84 0.73 0.20 0.00 0.17 1.00 0.95 0.14 0.00 0.00 0.00 0.00 0.00 0.00 
 0.00 0.00 0.00 0.00 0.00 0.00 0.00 0.00 0.00 0.00 0.36 1.00 0.81 0.00 0.00 0.00 0.00 0.00 0.00 0.00 
 0.00 0.00 0.00 0.00 0.00 0.00 0.00 0.00 0.00 0.00 0.64 1.00 0.56 0.00 0.00 0.00 0.00 0.00 0.00 0.00 
 0.00 0.00 0.00 0.00 0.00 0.00 0.00 0.00 0.00 0.09 0.92 1.00 0.28 0.00 0.00 0.00 0.00 0.00 0.00 0.00 
 0.00 0.00 0.00 0.00 0.00 0.00 0.00 0.00 0.00 0.28 1.00 0.86 0.03 0.00 0.00 0.00 0.00 0.00 0.00 0.00 
 0.00 0.00 0.00 0.00 0.00 0.00 0.00 0.00 0.03 0.73 1.00 0.84 0.00 0.00 0.00 0.00 0.00 0.00 0.00 0.00 
 0.00 0.00 0.00 0.00 0.00 0.00 0.09 0.28 0.64 1.00 1.00 0.92 0.36 0.11 0.00 0.00 0.00 0.00 0.00 0.00 
 