0.00 0.00 0.00 0.00 0.00 0.00 0.00 0.00 0.04 0.43 0.84 0.94 0.76 0.18 0.29 0.57 0.57 0.57 0.11 0.00 
 0.00 0.00 0.00 0.00 0.00 0.00 0.00 0.11 0.76 1.00 0.76 0.13 0.25 0.69 0.72 1.00 1.00 0.88 0.02 0.00 
 0.00 0.00 0.00 0.00 0.00 0.00 0.11 0.80 1.00 0.90 0.11 0.00 0.00 0.67 0.98 1.00 1.00 0.65 0.00 0.00 
 0.00 0.00 0.00 0.00 0.00 0.06 0.78 1.00 1.00 0.45 0.00 0.00 0.00 0.64 1.00 1.00 1.00 0.35 0.00 0.00 
 0.00 0.00 0.00 0.00 0.00 0.53 1.00 1.00 0.88 0.04 0.00 0.00 0.00 0.78 1.00 1.00 0.94 0.08 0.00 0.00 
 0.00 0.00 0.00 0.00 0.21 0.98 1.00 1.00 0.59 0.00 0.00 0.00 0.15 0.98 1.00 1.00 0.78 0.00 0.00 0.00 
 0.00 0.00 0.00 0.00 0.64 1.00 1.00 0.98 0.23 0.00 0.00 0.00 0.41 1.00 1.00 1.00 0.49 0.00 0.00 0.00 
 0.00 0.00 0.00 0.15 0.98 1.00 1.00 0.84 0.00 0.00 0.00 0.04 0.82 1.00 1.00 0.98 0.18 0.00 0.00 0.00 
 0.00 0.00 0.00 0.37 1.00 1.00 1.00 0.67 0.00 0.00 0.00 0.33 1.00 1.00 1.00 0.84 0.00 0.00 0.00 0.00 
 0.00 0.00 0.00 0.57 1.00 1.00 1.00 0.49 0.00 0.00 0.08 0.84 1.00 1.00 1.00 0.62 0.00 0.00 0.00 0.00 
 0.00 0.00 0.00 0.72 1.00 1.00 1.00 0.43 0.00 0.02 0.53 0.86 1.00 1.00 1.00 0.33 0.00 0.00 0.00 0.00 
 0.00 0.00 0.00 0.72 1.00 1.00 1.00 0.67 0.15 0.47 0.69 0.80 1.00 1.00 0.92 0.06 0.00 0.00 0.00 0.00 
 0.00 0.00 0.00 0.55 1.00 1.00 1.00 1.00 1.00 0.86 0.27 1.00 1.00 1.00 0.76 0.00 0.00 0.00 0.00 0.00 
 0.00 0.00 0.00 0.21 0.98 1.00 1.00 1.00 0.88 0.21 0.37 1.00 1.00 1.00 0.47 0.00 0.00 0.00 0.00 0.00 
 0.00 0.00 0.00 0.00 0.43 0.86 0.86 0.65 0.11 0.00 0.67 1.00 1.00 0.98 0.18 0.00 0.00 0.00 0.00 0.00 
 0.00 0.00 0.00 0.00 0.00 0.00 0.00 0.00 0.00 0.08 0.94 1.00 1.00 0.84 0.00 0.00 0.00 0.00 0.00 0.00 
 0.00 0.00 0.00 0.00 0.00 0.00 0.00 0.00 0.00 0.25 1.00 1.00 1.00 0.59 0.00 0.00 0.00 0.00 0.00 0.00 
 0.00 0.00 0.00 0.00 0.00 0.00 0.00 0.00 0.00 0.53 1.00 1.00 1.00 0.31 0.00 0.00 0.00 0.00 0.00 0.00 
 0.00 0.00 0.00 0.00 0.00 0.00 0.00 0.00 0.02 0.82 1.00 1.00 0.92 0.06 0.00 0.00 0.00 0.00 0.00 0.00 
 0.00 0.00 0.00 0.00 0.00 0.00 0.00 0.00 0.23 1.00 1.00 1.00 0.86 0.00 0.00 0.00 0.00 0.00 0.00 0.00 
 