0.00 0.00 0.00 0.00 0.00 0.00 0.02 0.23 0.64 0.90 1.00 0.96 0.69 0.25 0.41 0.78 0.00 0.00 0.00 0.00 
 0.00 0.00 0.00 0.00 0.00 0.02 0.55 0.98 0.59 0.23 0.16 0.41 0.88 1.00 1.00 0.86 0.00 0.00 0.00 0.00 
 0.00 0.00 0.00 0.00 0.02 0.57 0.98 0.39 0.00 0.00 0.00 0.00 0.16 0.94 1.00 0.86 0.00 0.00 0.00 0.00 
 0.00 0.00 0.00 0.00 0.37 1.00 0.67 0.00 0.00 0.00 0.00 0.00 0.00 0.65 1.00 0.86 0.00 0.00 0.00 0.00 
 0.00 0.00 0.00 0.04 0.86 1.00 0.31 0.00 0.00 0.00 0.00 0.00 0.00 0.57 1.00 0.86 0.00 0.00 0.00 0.00 
 0.00 0.00 0.00 0.21 1.00 0.96 0.11 0.00 0.00 0.00 0.00 0.00 0.00 0.57 1.00 0.86 0.00 0.00 0.00 0.00 
 0.00 0.00 0.00 0.43 1.00 0.86 0.00 0.00 0.00 0.00 0.00 0.00 0.00 0.57 1.00 0.86 0.00 0.00 0.00 0.00 
 0.00 0.00 0.00 0.57 1.00 0.86 0.00 0.00 0.00 0.00 0.00 0.00 0.00 0.57 1.00 0.86 0.00 0.00 0.00 0.00 
 0.00 0.00 0.00 0.57 1.00 0.94 0.08 0.00 0.00 0.00 0.00 0.00 0.00 0.57 1.00 0.86 0.00 0.00 0.00 0.00 
 0.00 0.00 0.00 0.51 1.00 1.00 0.27 0.00 0.00 0.00 0.00 0.00 0.00 0.57 1.00 0.86 0.00 0.00 0.00 0.00 
 0.00 0.00 0.00 0.33 1.00 1.00 0.64 0.00 0.00 0.00 0.00 0.00 0.00 0.57 1.00 0.86 0.00 0.00 0.00 0.00 
 0.00 0.00 0.00 0.13 0.98 1.00 0.96 0.33 0.00 0.00 0.00 0.00 0.06 0.76 1.00 0.86 0.00 0.00 0.00 0.00 
 0.00 0.00 0.00 0.00 0.55 1.00 1.00 0.96 0.45 0.15 0.15 0.23 0.67 0.82 1.00 0.86 0.00 0.00 0.00 0.00 
 0.00 0.00 0.00 0.00 0.06 0.78 1.00 1.00 1.00 1.00 1.00 0.96 0.41 0.57 1.00 0.86 0.00 0.00 0.00 0.00 
 0.00 0.00 0.00 0.00 0.00 0.08 0.65 0.94 1.00 0.98 0.80 0.27 0.00 0.57 1.00 0.86 0.00 0.00 0.00 0.00 
 0.00 0.00 0.00 0.00 0.00 0.00 0.00 0.11 0.29 0.21 0.00 0.00 0.00 0.57 1.00 0.86 0.00 0.00 0.00 0.00 
 0.00 0.00 0.00 0.00 0.00 0.00 0.00 0.00 0.00 0.00 0.00 0.00 0.00 0.57 1.00 0.86 0.00 0.00 0.00 0.00 
 0.00 0.00 0.00 0.00 0.00 0.00 0.00 0.00 0.00 0.00 0.00 0.00 0.00 0.57 1.00 0.86 0.00 0.00 0.00 0.00 
 0.00 0.00 0.00 0.00 0.00 0.00 0.00 0.00 0.00 0.00 0.00 0.00 0.00 0.57 1.00 0.86 0.00 0.00 0.00 0.00 
 0.00 0.00 0.00 0.00 0.00 0.00 0.00 0.00 0.00 0.00 0.00 0.00 0.00 0.59 1.00 0.86 0.00 0.00 0.00 0.00 
 