0.00 0.00 0.00 0.00 0.00 0.00 0.00 0.22 0.65 0.92 1.00 0.86 0.44 0.02 0.05 0.68 0.70 0.12 0.00 0.00 
 0.00 0.00 0.00 0.00 0.00 0.01 0.50 0.99 1.00 0.95 0.90 0.96 1.00 0.63 0.17 1.00 0.93 0.03 0.00 0.00 
 0.00 0.00 0.00 0.00 0.00 0.48 1.00 0.99 0.56 0.07 0.00 0.11 0.72 1.00 0.72 1.00 0.79 0.00 0.00 0.00 
 0.00 0.00 0.00 0.00 0.21 0.99 1.00 0.57 0.00 0.00 0.00 0.00 0.05 0.87 1.00 1.00 0.59 0.00 0.00 0.00 
 0.00 0.00 0.00 0.00 0.70 1.00 0.85 0.03 0.00 0.00 0.00 0.00 0.00 0.50 1.00 1.00 0.37 0.00 0.00 0.00 
 0.00 0.00 0.00 0.14 0.99 1.00 0.43 0.00 0.00 0.00 0.00 0.00 0.00 0.38 1.00 1.00 0.17 0.00 0.00 0.00 
 0.00 0.00 0.00 0.39 1.00 0.96 0.09 0.00 0.00 0.00 0.00 0.00 0.00 0.41 1.00 0.90 0.01 0.00 0.00 0.00 
 0.00 0.00 0.00 0.57 1.00 0.85 0.00 0.00 0.00 0.00 0.00 0.00 0.00 0.56 1.00 0.74 0.00 0.00 0.00 0.00 
 0.00 0.00 0.00 0.69 1.00 0.71 0.00 0.00 0.00 0.00 0.00 0.00 0.01 0.82 1.00 0.54 0.00 0.00 0.00 0.00 
 0.00 0.00 0.00 0.70 1.00 0.71 0.00 0.00 0.00 0.00 0.00 0.00 0.18 1.00 1.00 0.33 0.00 0.00 0.00 0.00 
 0.00 0.00 0.00 0.62 1.00 0.84 0.00 0.00 0.00 0.00 0.00 0.00 0.61 1.00 0.99 0.13 0.00 0.00 0.00 0.00 
 0.00 0.00 0.00 0.43 1.00 0.97 0.14 0.00 0.00 0.00 0.00 0.26 0.99 1.00 0.88 0.00 0.00 0.00 0.00 0.00 
 0.00 0.00 0.00 0.13 0.97 1.00 0.78 0.09 0.00 0.01 0.30 0.94 1.00 1.00 0.71 0.00 0.00 0.00 0.00 0.00 
 0.00 0.00 0.00 0.00 0.42 0.99 1.00 0.94 0.72 0.82 1.00 0.82 0.98 1.00 0.51 0.00 0.00 0.00 0.00 0.00 
 0.00 0.00 0.00 0.00 0.00 0.38 0.87 1.00 1.00 0.89 0.49 0.19 1.00 1.00 0.29 0.00 0.00 0.00 0.00 0.00 
 0.00 0.00 0.00 0.00 0.00 0.00 0.01 0.17 0.17 0.02 0.00 0.36 1.00 0.97 0.09 0.00 0.00 0.00 0.00 0.00 
 0.00 0.00 0.00 0.00 0.00 0.00 0.00 0.00 0.00 0.00 0.00 0.57 1.00 0.86 0.00 0.00 0.00 0.00 0.00 0.00 
 0.00 0.00 0.00 0.00 0.00 0.00 0.00 0.00 0.00 0.00 0.00 0.78 1.00 0.67 0.00 0.00 0.00 0.00 0.00 0.00 
 0.00 0.00 0.00 0.00 0.00 0.00 0.00 0.00 0.00 0.00 0.07 0.97 1.00 0.46 0.00 0.00 0.00 0.00 0.00 0.00 
 0.00 0.00 0.00 0.00 0.00 0.00 0.00 0.00 0.00 0.00 0.20 1.00 1.00 0.25 0.00 0.00 0.00 0.00 0.00 0.00 
 