0.00 0.00 0.00 0.00 0.00 0.00 0.10 0.48 0.78 0.95 1.00 0.97 0.82 0.55 0.15 0.00 0.00 0.00 0.00 0.00 
 0.00 0.00 0.00 0.00 0.00 0.35 0.94 0.98 0.74 0.51 0.42 0.47 0.67 0.95 0.98 0.49 0.02 0.00 0.00 0.00 
 0.00 0.00 0.00 0.00 0.35 1.00 0.82 0.18 0.00 0.00 0.00 0.00 0.00 0.09 0.70 1.00 0.55 0.00 0.00 0.00 
 0.00 0.00 0.00 0.10 0.94 0.88 0.08 0.00 0.00 0.00 0.00 0.00 0.00 0.00 0.03 0.75 0.99 0.24 0.00 0.00 
 0.00 0.00 0.00 0.50 1.00 0.34 0.00 0.00 0.00 0.00 0.00 0.00 0.00 0.00 0.00 0.17 1.00 0.73 0.00 0.00 
 0.00 0.00 0.00 0.82 0.93 0.02 0.00 0.00 0.00 0.00 0.00 0.00 0.00 0.00 0.00 0.00 0.75 0.97 0.07 0.00 
 0.00 0.00 0.08 1.00 0.73 0.00 0.00 0.00 0.00 0.00 0.00 0.00 0.00 0.00 0.00 0.00 0.50 1.00 0.27 0.00 
 0.00 0.00 0.14 1.00 0.60 0.00 0.00 0.00 0.00 0.00 0.00 0.00 0.00 0.00 0.00 0.00 0.38 1.00 0.38 0.00 
 0.00 0.00 0.17 1.00 0.58 0.00 0.00 0.00 0.00 0.00 0.00 0.00 0.00 0.00 0.00 0.00 0.33 1.00 0.42 0.00 
 0.00 0.00 0.13 1.00 0.61 0.00 0.00 0.00 0.00 0.00 0.00 0.00 0.00 0.00 0.00 0.00 0.38 1.00 0.38 0.00 
 0.00 0.00 0.06 0.98 0.75 0.00 0.00 0.00 0.00 0.00 0.00 0.00 0.00 0.00 0.00 0.00 0.52 1.00 0.25 0.00 
 0.00 0.00 0.00 0.79 0.95 0.05 0.00 0.00 0.00 0.00 0.00 0.00 0.00 0.00 0.00 0.00 0.75 0.95 0.04 0.00 
 0.00 0.00 0.00 0.47 1.00 0.42 0.00 0.00 0.00 0.00 0.00 0.00 0.00 0.00 0.00 0.16 0.99 0.67 0.00 0.00 
 0.00 0.00 0.00 0.08 0.93 0.91 0.13 0.00 0.00 0.00 0.00 0.00 0.00 0.00 0.02 0.71 0.97 0.20 0.00 0.00 
 0.00 0.00 0.00 0.00 0.33 0.99 0.85 0.21 0.00 0.00 0.00 0.00 0.00 0.09 0.66 1.00 0.49 0.00 0.00 0.00 
 0.00 0.00 0.00 0.00 0.00 0.35 0.93 1.00 0.71 0.45 0.40 0.43 0.61 0.94 0.97 0.47 0.00 0.00 0.00 0.00 
 0.00 0.00 0.00 0.00 0.00 0.00 0.09 0.51 0.80 0.92 0.99 1.00 0.82 0.56 0.14 0.00 0.00 0.00 0.00 0.00 
 0.00 0.00 0.00 0.00 0.00 0.00 0.00 0.00 0.00 0.00 0.70 0.97 0.10 0.00 0.00 0.00 0.00 0.00 0.00 0.00 
 0.00 0.00 0.00 0.00 0.00 0.00 0.00 0.00 0.00 0.00 0.32 1.00 0.58 0.00 0.00 0.00 0.00 0.00 0.00 0.00 
 0.00 0.00 0.00 0.00 0.00 0.00 0.00 0.00 0.00 0.00 0.02 0.75 0.99 0.53 0.14 0.09 0.10 0.00 0.00 0.00 
 