0.00 0.00 0.00 0.00 0.00 0.00 0.07 0.55 0.91 0.99 0.81 0.33 0.07 0.70 0.70 0.63 0.00 0.00 0.00 0.00 
 0.00 0.00 0.00 0.00 0.00 0.07 0.79 1.00 1.00 1.00 1.00 0.99 0.48 1.00 1.00 0.90 0.00 0.00 0.00 0.00 
 0.00 0.00 0.00 0.00 0.00 0.61 1.00 1.00 1.00 0.95 0.91 1.00 0.98 1.00 1.00 0.90 0.00 0.00 0.00 0.00 
 0.00 0.00 0.00 0.00 0.12 0.98 1.00 1.00 0.74 0.09 0.01 0.40 0.99 1.00 1.00 0.90 0.00 0.00 0.00 0.00 
 0.00 0.00 0.00 0.00 0.40 1.00 1.00 0.96 0.12 0.00 0.00 0.00 0.65 1.00 1.00 0.90 0.00 0.00 0.00 0.00 
 0.00 0.00 0.00 0.00 0.57 1.00 1.00 0.79 0.00 0.00 0.00 0.00 0.33 1.00 1.00 0.90 0.00 0.00 0.00 0.00 
 0.00 0.00 0.00 0.00 0.69 1.00 1.00 0.64 0.00 0.00 0.00 0.00 0.20 1.00 1.00 0.90 0.00 0.00 0.00 0.00 
 0.00 0.00 0.00 0.00 0.70 1.00 1.00 0.60 0.00 0.00 0.00 0.00 0.20 1.00 1.00 0.90 0.00 0.00 0.00 0.00 
 0.00 0.00 0.00 0.00 0.68 1.00 1.00 0.62 0.00 0.00 0.00 0.00 0.22 1.00 1.00 0.90 0.00 0.00 0.00 0.00 
 0.00 0.00 0.00 0.00 0.56 1.00 1.00 0.75 0.00 0.00 0.00 0.00 0.38 1.00 1.00 0.90 0.00 0.00 0.00 0.00 
 0.00 0.00 0.00 0.00 0.38 1.00 1.00 0.94 0.07 0.00 0.00 0.01 0.72 1.00 1.00 0.90 0.00 0.00 0.00 0.00 
 0.00 0.00 0.00 0.00 0.13 0.99 1.00 1.00 0.64 0.04 0.01 0.44 1.00 1.00 1.00 0.90 0.00 0.00 0.00 0.00 
 0.00 0.00 0.00 0.00 0.00 0.63 1.00 1.00 1.00 0.91 0.85 1.00 1.00 1.00 1.00 0.90 0.00 0.00 0.00 0.00 
 0.00 0.00 0.00 0.00 0.00 0.09 0.84 1.00 1.00 1.00 1.00 0.97 0.63 1.00 1.00 0.90 0.00 0.00 0.00 0.00 
 0.00 0.00 0.00 0.00 0.00 0.00 0.10 0.69 0.94 0.98 0.82 0.29 0.30 1.00 1.00 0.90 0.00 0.00 0.00 0.00 
 0.00 0.00 0.00 0.00 0.00 0.00 0.00 0.00 0.04 0.08 0.00 0.00 0.30 1.00 1.00 0.90 0.00 0.00 0.00 0.00 
 0.00 0.00 0.00 0.00 0.00 0.00 0.00 0.00 0.00 0.00 0.00 0.00 0.30 1.00 1.00 0.90 0.00 0.00 0.00 0.00 
 0.00 0.00 0.00 0.00 0.00 0.00 0.00 0.00 0.00 0.00 0.00 0.00 0.30 1.00 1.00 0.90 0.00 0.00 0.00 0.00 
 0.00 0.00 0.00 0.00 0.00 0.00 0.00 0.00 0.00 0.00 0.00 0.00 0.30 1.00 1.00 0.90 0.00 0.00 0.00 0.00 
 0.00 0.00 0.00 0.00 0.00 0.00 0.00 0.00 0.00 0.00 0.00 0.00 0.30 1.00 1.00 0.90 0.00 0.00 0.00 0.00 
 