0.00 0.00 0.00 0.00 0.00 0.02 0.36 0.78 0.98 1.00 0.90 0.49 0.04 0.11 0.72 0.78 0.61 0.00 0.00 0.00 
 0.00 0.00 0.00 0.00 0.02 0.56 1.00 1.00 1.00 1.00 1.00 1.00 0.78 0.31 1.00 1.00 0.89 0.00 0.00 0.00 
 0.00 0.00 0.00 0.00 0.37 1.00 1.00 1.00 1.00 1.00 1.00 1.00 1.00 0.95 1.00 1.00 0.89 0.00 0.00 0.00 
 0.00 0.00 0.00 0.04 0.88 1.00 1.00 1.00 0.76 0.27 0.27 0.68 1.00 1.00 1.00 1.00 0.89 0.00 0.00 0.00 
 0.00 0.00 0.00 0.24 1.00 1.00 1.00 0.88 0.05 0.00 0.00 0.02 0.56 1.00 1.00 1.00 0.89 0.00 0.00 0.00 
 0.00 0.00 0.00 0.46 1.00 1.00 1.00 0.52 0.00 0.00 0.00 0.00 0.02 0.83 1.00 1.00 0.89 0.00 0.00 0.00 
 0.00 0.00 0.00 0.58 1.00 1.00 1.00 0.32 0.00 0.00 0.00 0.00 0.00 0.78 1.00 1.00 0.89 0.00 0.00 0.00 
 0.00 0.00 0.00 0.67 1.00 1.00 1.00 0.22 0.00 0.00 0.00 0.00 0.00 0.78 1.00 1.00 0.89 0.00 0.00 0.00 
 0.00 0.00 0.00 0.63 1.00 1.00 1.00 0.30 0.00 0.00 0.00 0.00 0.00 0.78 1.00 1.00 0.89 0.00 0.00 0.00 
 0.00 0.00 0.00 0.53 1.00 1.00 1.00 0.45 0.00 0.00 0.00 0.00 0.02 0.80 1.00 1.00 0.89 0.00 0.00 0.00 
 0.00 0.00 0.00 0.37 1.00 1.00 1.00 0.78 0.02 0.00 0.00 0.00 0.42 1.00 1.00 1.00 0.89 0.00 0.00 0.00 
 0.00 0.00 0.00 0.14 0.99 1.00 1.00 1.00 0.53 0.11 0.13 0.52 0.99 1.00 1.00 1.00 0.89 0.00 0.00 0.00 
 0.00 0.00 0.00 0.00 0.67 1.00 1.00 1.00 1.00 1.00 1.00 1.00 1.00 1.00 1.00 1.00 0.89 0.00 0.00 0.00 
 0.00 0.00 0.00 0.00 0.11 0.87 1.00 1.00 1.00 1.00 1.00 1.00 0.83 0.87 1.00 1.00 0.89 0.00 0.00 0.00 
 0.00 0.00 0.00 0.00 0.00 0.13 0.72 0.96 1.00 1.00 0.91 0.56 0.05 0.78 1.00 1.00 0.89 0.00 0.00 0.00 
 0.00 0.00 0.00 0.00 0.00 0.00 0.00 0.09 0.22 0.21 0.04 0.00 0.00 0.78 1.00 1.00 0.89 0.00 0.00 0.00 
 0.00 0.00 0.00 0.00 0.00 0.00 0.00 0.00 0.00 0.00 0.00 0.00 0.00 0.78 1.00 1.00 0.89 0.00 0.00 0.00 
 0.00 0.00 0.00 0.00 0.00 0.00 0.00 0.00 0.00 0.00 0.00 0.00 0.00 0.78 1.00 1.00 0.89 0.00 0.00 0.00 
 0.00 0.00 0.00 0.00 0.00 0.00 0.00 0.00 0.00 0.00 0.00 0.00 0.00 0.78 1.00 1.00 0.89 0.00 0.00 0.00 
 0.00 0.00 0.00 0.00 0.00 0.00 0.00 0.00 0.00 0.00 0.00 0.00 0.00 0.78 1.00 1.00 0.89 0.00 0.00 0.00 
 