0.00 0.00 0.00 0.00 0.00 0.00 0.10 0.50 0.78 0.84 0.85 0.85 0.64 0.24 0.00 0.00 0.00 0.00 0.00 0.00 
 0.00 0.00 0.00 0.00 0.00 0.33 0.93 0.66 0.12 0.00 0.00 0.07 0.51 0.98 0.59 0.03 0.00 0.00 0.00 0.00 
 0.00 0.00 0.00 0.00 0.38 1.00 0.65 0.01 0.00 0.00 0.00 0.00 0.00 0.43 1.00 0.67 0.02 0.00 0.00 0.00 
 0.00 0.00 0.00 0.18 0.97 0.93 0.07 0.00 0.00 0.00 0.00 0.00 0.00 0.02 0.79 1.00 0.47 0.00 0.00 0.00 
 0.00 0.00 0.00 0.70 1.00 0.64 0.00 0.00 0.00 0.00 0.00 0.00 0.00 0.00 0.38 1.00 0.95 0.07 0.00 0.00 
 0.00 0.00 0.11 0.99 1.00 0.40 0.00 0.00 0.00 0.00 0.00 0.00 0.00 0.00 0.13 1.00 1.00 0.39 0.00 0.00 
 0.00 0.00 0.29 1.00 1.00 0.24 0.00 0.00 0.00 0.00 0.00 0.00 0.00 0.00 0.04 0.95 1.00 0.62 0.00 0.00 
 0.00 0.00 0.41 1.00 1.00 0.17 0.00 0.00 0.00 0.00 0.00 0.00 0.00 0.00 0.00 0.85 1.00 0.74 0.00 0.00 
 0.00 0.00 0.42 1.00 1.00 0.17 0.00 0.00 0.00 0.00 0.00 0.00 0.00 0.00 0.00 0.84 1.00 0.75 0.00 0.00 
 0.00 0.00 0.32 1.00 1.00 0.23 0.00 0.00 0.00 0.00 0.00 0.00 0.00 0.00 0.00 0.88 1.00 0.64 0.00 0.00 
 0.00 0.00 0.15 1.00 1.00 0.37 0.00 0.00 0.00 0.00 0.00 0.00 0.00 0.00 0.06 0.97 1.00 0.43 0.00 0.00 
 0.00 0.00 0.02 0.82 1.00 0.60 0.00 0.00 0.00 0.00 0.00 0.00 0.00 0.00 0.20 1.00 0.96 0.09 0.00 0.00 
 0.00 0.00 0.00 0.32 1.00 0.91 0.04 0.00 0.00 0.00 0.00 0.00 0.00 0.00 0.55 1.00 0.52 0.00 0.00 0.00 
 0.00 0.00 0.00 0.01 0.60 1.00 0.52 0.00 0.00 0.00 0.00 0.00 0.00 0.15 0.96 0.75 0.02 0.00 0.00 0.00 
 0.00 0.00 0.00 0.00 0.02 0.58 0.97 0.39 0.02 0.00 0.00 0.00 0.17 0.85 0.69 0.06 0.00 0.00 0.00 0.00 
 0.00 0.00 0.00 0.00 0.00 0.00 0.24 0.75 0.80 0.55 0.52 0.68 0.77 0.35 0.00 0.00 0.00 0.00 0.00 0.00 
 0.00 0.00 0.00 0.00 0.00 0.00 0.00 0.00 0.40 0.97 1.00 0.98 0.24 0.00 0.00 0.00 0.00 0.00 0.00 0.00 
 0.00 0.00 0.00 0.00 0.00 0.00 0.00 0.00 0.00 0.26 0.89 1.00 0.85 0.08 0.00 0.00 0.00 0.00 0.00 0.00 
 0.00 0.00 0.00 0.00 0.00 0.00 0.00 0.00 0.00 0.00 0.07 0.58 0.97 0.80 0.09 0.00 0.00 0.00 0.00 0.00 
 0.00 0.00 0.00 0.00 0.00 0.00 0.00 0.00 0.00 0.00 0.00 0.00 0.12 0.54 0.78 0.43 0.09 0.00 0.00 0.00 
 