0.00 0.00 0.00 0.00 0.00 0.01 0.33 0.74 0.95 1.00 0.88 0.58 0.10 0.24 0.80 0.80 0.80 0.16 0.00 0.00 
 0.00 0.00 0.00 0.00 0.03 0.62 1.00 1.00 1.00 1.00 1.00 1.00 0.89 0.44 1.00 1.00 1.00 0.20 0.00 0.00 
 0.00 0.00 0.00 0.00 0.55 1.00 1.00 1.00 1.00 0.93 0.90 0.98 1.00 0.96 1.00 1.00 1.00 0.20 0.00 0.00 
 0.00 0.00 0.00 0.17 0.99 1.00 1.00 0.99 0.51 0.04 0.00 0.22 0.88 1.00 1.00 1.00 1.00 0.20 0.00 0.00 
 0.00 0.00 0.00 0.52 1.00 1.00 1.00 0.63 0.00 0.00 0.00 0.00 0.22 0.99 1.00 1.00 1.00 0.20 0.00 0.00 
 0.00 0.00 0.00 0.75 1.00 1.00 1.00 0.24 0.00 0.00 0.00 0.00 0.00 0.82 1.00 1.00 1.00 0.20 0.00 0.00 
 0.00 0.00 0.00 0.87 1.00 1.00 0.96 0.06 0.00 0.00 0.00 0.00 0.00 0.64 1.00 1.00 1.00 0.20 0.00 0.00 
 0.00 0.00 0.00 0.90 1.00 1.00 0.90 0.00 0.00 0.00 0.00 0.00 0.00 0.60 1.00 1.00 1.00 0.20 0.00 0.00 
 0.00 0.00 0.00 0.86 1.00 1.00 0.92 0.02 0.00 0.00 0.00 0.00 0.00 0.66 1.00 1.00 1.00 0.20 0.00 0.00 
 0.00 0.00 0.00 0.73 1.00 1.00 1.00 0.16 0.00 0.00 0.00 0.00 0.01 0.84 1.00 1.00 1.00 0.20 0.00 0.00 
 0.00 0.00 0.00 0.50 1.00 1.00 1.00 0.48 0.00 0.00 0.00 0.00 0.25 1.00 1.00 1.00 1.00 0.20 0.00 0.00 
 0.00 0.00 0.00 0.17 0.99 1.00 1.00 0.94 0.25 0.00 0.00 0.18 0.87 1.00 1.00 1.00 1.00 0.20 0.00 0.00 
 0.00 0.00 0.00 0.00 0.62 1.00 1.00 1.00 0.99 0.78 0.75 0.98 1.00 1.00 1.00 1.00 1.00 0.20 0.00 0.00 
 0.00 0.00 0.00 0.00 0.07 0.78 1.00 1.00 1.00 1.00 1.00 1.00 0.83 0.79 1.00 1.00 1.00 0.20 0.00 0.00 
 0.00 0.00 0.00 0.00 0.00 0.06 0.58 0.92 1.00 1.00 0.92 0.59 0.07 0.70 1.00 1.00 1.00 0.20 0.00 0.00 
 0.00 0.00 0.00 0.00 0.00 0.00 0.00 0.03 0.18 0.18 0.03 0.00 0.00 0.70 1.00 1.00 1.00 0.20 0.00 0.00 
 0.00 0.00 0.00 0.00 0.00 0.00 0.00 0.00 0.00 0.00 0.00 0.00 0.00 0.70 1.00 1.00 1.00 0.20 0.00 0.00 
 0.00 0.00 0.00 0.00 0.00 0.00 0.00 0.00 0.00 0.00 0.00 0.00 0.00 0.70 1.00 1.00 1.00 0.20 0.00 0.00 
 0.00 0.00 0.00 0.00 0.00 0.00 0.00 0.00 0.00 0.00 0.00 0.00 0.00 0.70 1.00 1.00 1.00 0.20 0.00 0.00 
 0.00 0.00 0.00 0.00 0.00 0.00 0.00 0.00 0.00 0.00 0.00 0.00 0.00 0.70 1.00 1.00 1.00 0.20 0.00 0.00 
 