0.00 0.00 0.00 0.00 0.00 0.00 0.10 0.49 0.78 0.84 0.85 0.86 0.67 0.29 0.01 0.00 0.00 0.00 0.00 0.00 
 0.00 0.00 0.00 0.00 0.00 0.31 0.93 0.68 0.13 0.00 0.00 0.06 0.49 0.97 0.65 0.05 0.00 0.00 0.00 0.00 
 0.00 0.00 0.00 0.00 0.32 0.98 0.69 0.01 0.00 0.00 0.00 0.00 0.00 0.36 1.00 0.70 0.02 0.00 0.00 0.00 
 0.00 0.00 0.00 0.13 0.95 0.96 0.11 0.00 0.00 0.00 0.00 0.00 0.00 0.01 0.73 1.00 0.47 0.00 0.00 0.00 
 0.00 0.00 0.00 0.61 1.00 0.72 0.00 0.00 0.00 0.00 0.00 0.00 0.00 0.00 0.33 1.00 0.93 0.06 0.00 0.00 
 0.00 0.00 0.05 0.95 1.00 0.48 0.00 0.00 0.00 0.00 0.00 0.00 0.00 0.00 0.11 1.00 1.00 0.38 0.00 0.00 
 0.00 0.00 0.20 1.00 1.00 0.33 0.00 0.00 0.00 0.00 0.00 0.00 0.00 0.00 0.02 0.94 1.00 0.61 0.00 0.00 
 0.00 0.00 0.33 1.00 1.00 0.25 0.00 0.00 0.00 0.00 0.00 0.00 0.00 0.00 0.00 0.84 1.00 0.73 0.00 0.00 
 0.00 0.00 0.33 1.00 1.00 0.25 0.00 0.00 0.00 0.00 0.00 0.00 0.00 0.00 0.00 0.84 1.00 0.75 0.00 0.00 
 0.00 0.00 0.24 1.00 1.00 0.32 0.00 0.00 0.00 0.00 0.00 0.00 0.00 0.00 0.00 0.88 1.00 0.64 0.00 0.00 
 0.00 0.00 0.09 0.99 1.00 0.47 0.00 0.00 0.00 0.00 0.00 0.00 0.00 0.00 0.06 0.98 1.00 0.43 0.00 0.00 
 0.00 0.00 0.00 0.73 1.00 0.70 0.00 0.00 0.00 0.00 0.00 0.00 0.00 0.00 0.22 1.00 0.96 0.10 0.00 0.00 
 0.00 0.00 0.00 0.27 1.00 0.95 0.09 0.00 0.00 0.00 0.00 0.00 0.00 0.00 0.58 1.00 0.56 0.00 0.00 0.00 
 0.00 0.00 0.00 0.00 0.55 1.00 0.62 0.00 0.00 0.00 0.00 0.00 0.00 0.18 0.97 0.81 0.04 0.00 0.00 0.00 
 0.00 0.00 0.00 0.00 0.02 0.54 0.98 0.51 0.03 0.00 0.00 0.00 0.22 0.86 0.76 0.10 0.00 0.00 0.00 0.00 
 0.00 0.00 0.00 0.00 0.00 0.00 0.22 0.73 0.88 0.64 0.60 0.76 0.84 0.41 0.02 0.00 0.00 0.00 0.00 0.00 
 0.00 0.00 0.00 0.00 0.00 0.00 0.00 0.00 0.35 0.97 1.00 1.00 0.40 0.00 0.00 0.00 0.00 0.00 0.00 0.00 
 0.00 0.00 0.00 0.00 0.00 0.00 0.00 0.00 0.00 0.22 0.85 1.00 0.94 0.18 0.00 0.00 0.00 0.00 0.00 0.00 
 0.00 0.00 0.00 0.00 0.00 0.00 0.00 0.00 0.00 0.00 0.05 0.55 0.96 0.89 0.19 0.00 0.00 0.00 0.00 0.00 
 0.00 0.00 0.00 0.00 0.00 0.00 0.00 0.00 0.00 0.00 0.00 0.00 0.11 0.52 0.84 0.55 0.16 0.00 0.00 0.00 
 