-1.00 -1.00 -1.00 -1.00 -1.00 -1.00 -1.00 -0.85 -0.02 0.62 0.95 0.95 0.55 -0.40 -0.69 0.88 0.35 -1.00 -1.00 -1.00 
 -1.00 -1.00 -1.00 -1.00 -1.00 -1.00 -0.33 0.87 1.00 0.99 0.79 0.87 1.00 1.00 0.55 1.00 0.35 -1.00 -1.00 -1.00 
 -1.00 -1.00 -1.00 -1.00 -1.00 -0.15 1.00 0.96 0.06 -0.80 -1.00 -0.98 -0.19 0.98 1.00 1.00 0.02 -1.00 -1.00 -1.00 
 -1.00 -1.00 -1.00 -1.00 -0.48 0.98 0.93 -0.49 -1.00 -1.00 -1.00 -1.00 -1.00 0.18 1.00 1.00 -0.32 -1.00 -1.00 -1.00 
 -1.00 -1.00 -1.00 -0.98 0.69 1.00 -0.21 -1.00 -1.00 -1.00 -1.00 -1.00 -1.00 -0.50 1.00 1.00 -0.65 -1.00 -1.00 -1.00 
 -1.00 -1.00 -1.00 -0.44 1.00 0.72 -0.98 -1.00 -1.00 -1.00 -1.00 -1.00 -1.00 -0.68 1.00 0.97 -0.95 -1.00 -1.00 -1.00 
 -1.00 -1.00 -1.00 0.11 1.00 0.11 -1.00 -1.00 -1.00 -1.00 -1.00 -1.00 -1.00 -0.47 1.00 0.69 -1.00 -1.00 -1.00 -1.00 
 -1.00 -1.00 -1.00 0.38 1.00 -0.13 -1.00 -1.00 -1.00 -1.00 -1.00 -1.00 -1.00 -0.09 1.00 0.35 -1.00 -1.00 -1.00 -1.00 
 -1.00 -1.00 -1.00 0.37 1.00 0.00 -1.00 -1.00 -1.00 -1.00 -1.00 -1.00 -0.99 0.58 1.00 0.02 -1.00 -1.00 -1.00 -1.00 
 -1.00 -1.00 -1.00 0.05 1.00 0.59 -0.99 -1.00 -1.00 -1.00 -1.00 -1.00 -0.22 1.00 1.00 -0.32 -1.00 -1.00 -1.00 -1.00 
 -1.00 -1.00 -1.00 -0.64 0.99 1.00 -0.11 -1.00 -1.00 -1.00 -0.99 -0.29 0.95 1.00 1.00 -0.65 -1.00 -1.00 -1.00 -1.00 
 -1.00 -1.00 -1.00 -1.00 0.15 1.00 1.00 0.41 -0.16 -0.11 0.49 1.00 0.90 1.00 0.97 -0.95 -1.00 -1.00 -1.00 -1.00 
 -1.00 -1.00 -1.00 -1.00 -0.97 0.09 0.97 1.00 1.00 1.00 0.98 0.31 -0.29 1.00 0.68 -1.00 -1.00 -1.00 -1.00 -1.00 
 -1.00 -1.00 -1.00 -1.00 -1.00 -1.00 -0.77 -0.22 -0.04 -0.23 -0.76 -1.00 -0.13 1.00 0.35 -1.00 -1.00 -1.00 -1.00 -1.00 
 -1.00 -1.00 -1.00 -1.00 -1.00 -1.00 -1.00 -1.00 -1.00 -1.00 -1.00 -1.00 0.20 1.00 0.01 -1.00 -1.00 -1.00 -1.00 -1.00 
 -1.00 -1.00 -1.00 -1.00 -1.00 -1.00 -1.00 -1.00 -1.00 -1.00 -1.00 -1.00 0.54 1.00 -0.32 -1.00 -1.00 -1.00 -1.00 -1.00 
 -1.00 -1.00 -1.00 -1.00 -1.00 -1.00 -1.00 -1.00 -1.00 -1.00 -1.00 -0.99 0.87 1.00 -0.65 -1.00 -1.00 -1.00 -1.00 -1.00 
 -1.00 -1.00 -1.00 -1.00 -1.00 -1.00 -1.00 -1.00 -1.00 -1.00 -1.00 -0.80 1.00 0.97 -0.95 -1.00 -1.00 -1.00 -1.00 -1.00 
 -1.00 -1.00 -1.00 -1.00 -1.00 -1.00 -1.00 -1.00 -0.98 0.28 0.63 0.71 1.00 0.97 0.63 0.61 -0.44 -1.00 -1.00 -1.00 
 -1.00 -1.00 -1.00 -1.00 -1.00 -1.00 -1.00 -1.00 -0.89 0.93 1.00 1.00 1.00 1.00 1.00 0.97 -0.44 -1.00 -1.00 -1.00 
 