-1.00 -1.00 -1.00 -1.00 -1.00 -1.00 -0.95 -0.29 0.39 0.81 0.99 0.95 0.65 0.02 -0.87 -1.00 -0.21 0.31 -0.51 -1.00 
 -1.00 -1.00 -1.00 -1.00 -1.00 -0.49 0.72 1.00 1.00 0.82 0.65 0.81 1.00 1.00 0.77 -0.71 0.51 1.00 -0.56 -1.00 
 -1.00 -1.00 -1.00 -1.00 -0.17 0.98 0.98 0.18 -0.68 -1.00 -1.00 -0.99 -0.62 0.47 1.00 0.62 0.87 0.98 -0.91 -1.00 
 -1.00 -1.00 -1.00 -0.30 1.00 0.87 -0.51 -1.00 -1.00 -1.00 -1.00 -1.00 -1.00 -0.98 0.36 1.00 1.00 0.69 -1.00 -1.00 
 -1.00 -1.00 -0.78 0.90 0.96 -0.55 -1.00 -1.00 -1.00 -1.00 -1.00 -1.00 -1.00 -1.00 -0.83 0.94 1.00 0.33 -1.00 -1.00 
 -1.00 -1.00 0.19 1.00 0.07 -1.00 -1.00 -1.00 -1.00 -1.00 -1.00 -1.00 -1.00 -1.00 -1.00 0.47 1.00 -0.04 -1.00 -1.00 
 -1.00 -0.93 0.91 0.97 -0.82 -1.00 -1.00 -1.00 -1.00 -1.00 -1.00 -1.00 -1.00 -1.00 -1.00 0.29 1.00 -0.41 -1.00 -1.00 
 -1.00 -0.51 1.00 0.57 -1.00 -1.00 -1.00 -1.00 -1.00 -1.00 -1.00 -1.00 -1.00 -1.00 -1.00 0.49 1.00 -0.79 -1.00 -1.00 
 -1.00 -0.23 1.00 0.32 -1.00 -1.00 -1.00 -1.00 -1.00 -1.00 -1.00 -1.00 -1.00 -1.00 -0.91 0.91 0.84 -0.99 -1.00 -1.00 
 -1.00 -0.20 1.00 0.40 -1.00 -1.00 -1.00 -1.00 -1.00 -1.00 -1.00 -1.00 -1.00 -1.00 -0.18 1.00 0.47 -1.00 -1.00 -1.00 
 -1.00 -0.47 1.00 0.84 -0.95 -1.00 -1.00 -1.00 -1.00 -1.00 -1.00 -1.00 -1.00 -0.81 0.83 1.00 0.11 -1.00 -1.00 -1.00 
 -1.00 -0.93 0.87 1.00 -0.07 -1.00 -1.00 -1.00 -1.00 -1.00 -1.00 -1.00 -0.83 0.61 1.00 1.00 -0.26 -1.00 -1.00 -1.00 
 -1.00 -1.00 -0.09 1.00 0.98 -0.11 -0.97 -1.00 -1.00 -1.00 -0.97 -0.29 0.80 0.89 0.87 1.00 -0.64 -1.00 -1.00 -1.00 
 -1.00 -1.00 -0.98 0.25 1.00 1.00 0.78 0.27 0.15 0.35 0.83 1.00 0.75 -0.57 0.94 0.95 -0.95 -1.00 -1.00 -1.00 
 -1.00 -1.00 -1.00 -0.99 -0.26 0.67 1.00 1.00 1.00 1.00 0.73 -0.04 -0.91 -0.66 1.00 0.62 -1.00 -1.00 -1.00 -1.00 
 -1.00 -1.00 -1.00 -1.00 -1.00 -1.00 -0.77 -0.52 -0.54 -0.78 -0.99 -1.00 -1.00 -0.29 1.00 0.25 -1.00 -1.00 -1.00 -1.00 
 -1.00 -1.00 -1.00 -1.00 -1.00 -1.00 -1.00 -1.00 -1.00 -1.00 -1.00 -1.00 -1.00 0.08 1.00 -0.12 -1.00 -1.00 -1.00 -1.00 
 -1.00 -1.00 -1.00 -1.00 -1.00 -1.00 -1.00 -1.00 -1.00 -1.00 -1.00 -1.00 -1.00 0.45 1.00 -0.49 -1.00 -1.00 -1.00 -1.00 
 -1.00 -1.00 -1.00 -1.00 -1.00 -1.00 -1.00 -1.00 -1.00 -1.00 -1.00 -1.00 -0.99 0.82 1.00 -0.86 -1.00 -1.00 -1.00 -1.00 
 -1.00 -1.00 -1.00 -1.00 -1.00 -1.00 -1.00 -1.00 -1.00 -1.00 -1.00 -1.00 -0.81 1.00 0.77 -1.00 -1.00 -1.00 -1.00 -1.00 
 