-1.00 -1.00 -1.00 -1.00 -1.00 -1.00 -0.47 0.47 0.92 0.92 0.44 -0.59 -1.00 0.73 -0.08 -1.00 -1.00 -1.00 -1.00 -1.00 
 -1.00 -1.00 -1.00 -1.00 -1.00 -0.05 1.00 0.80 0.08 -0.15 0.25 0.91 -0.46 0.89 0.07 -1.00 -1.00 -1.00 -1.00 -1.00 
 -1.00 -1.00 -1.00 -1.00 -0.37 1.00 0.38 -0.91 -1.00 -1.00 -1.00 -0.44 0.80 0.94 0.07 -1.00 -1.00 -1.00 -1.00 -1.00 
 -1.00 -1.00 -1.00 -0.98 0.73 0.68 -0.94 -1.00 -1.00 -1.00 -1.00 -1.00 0.13 1.00 0.07 -1.00 -1.00 -1.00 -1.00 -1.00 
 -1.00 -1.00 -1.00 -0.51 1.00 -0.30 -1.00 -1.00 -1.00 -1.00 -1.00 -1.00 -0.68 1.00 0.07 -1.00 -1.00 -1.00 -1.00 -1.00 
 -1.00 -1.00 -1.00 -0.06 0.99 -0.89 -1.00 -1.00 -1.00 -1.00 -1.00 -1.00 -0.99 0.92 0.07 -1.00 -1.00 -1.00 -1.00 -1.00 
 -1.00 -1.00 -1.00 0.14 0.84 -1.00 -1.00 -1.00 -1.00 -1.00 -1.00 -1.00 -1.00 0.89 0.07 -1.00 -1.00 -1.00 -1.00 -1.00 
 -1.00 -1.00 -1.00 0.10 0.90 -0.99 -1.00 -1.00 -1.00 -1.00 -1.00 -1.00 -1.00 0.89 0.07 -1.00 -1.00 -1.00 -1.00 -1.00 
 -1.00 -1.00 -1.00 -0.18 1.00 -0.75 -1.00 -1.00 -1.00 -1.00 -1.00 -1.00 -0.95 0.95 0.07 -1.00 -1.00 -1.00 -1.00 -1.00 
 -1.00 -1.00 -1.00 -0.69 1.00 -0.04 -1.00 -1.00 -1.00 -1.00 -1.00 -1.00 -0.36 1.00 0.07 -1.00 -1.00 -1.00 -1.00 -1.00 
 -1.00 -1.00 -1.00 -1.00 0.47 0.88 -0.74 -1.00 -1.00 -1.00 -1.00 -0.91 0.69 0.99 0.07 -1.00 -1.00 -1.00 -1.00 -1.00 
 -1.00 -1.00 -1.00 -1.00 -0.67 0.91 0.75 -0.53 -0.99 -1.00 -0.75 0.51 0.24 0.89 0.07 -1.00 -1.00 -1.00 -1.00 -1.00 
 -1.00 -1.00 -1.00 -1.00 -1.00 -0.50 0.84 1.00 0.75 0.68 0.98 0.29 -0.95 0.89 0.07 -1.00 -1.00 -1.00 -1.00 -1.00 
 -1.00 -1.00 -1.00 -1.00 -1.00 -1.00 -0.87 -0.15 0.20 0.06 -0.55 -1.00 -1.00 0.89 0.07 -1.00 -1.00 -1.00 -1.00 -1.00 
 -1.00 -1.00 -1.00 -1.00 -1.00 -1.00 -1.00 -1.00 -1.00 -1.00 -1.00 -1.00 -1.00 0.89 0.07 -1.00 -1.00 -1.00 -1.00 -1.00 
 -1.00 -1.00 -1.00 -1.00 -1.00 -1.00 -1.00 -1.00 -1.00 -1.00 -1.00 -1.00 -1.00 0.89 0.07 -1.00 -1.00 -1.00 -1.00 -1.00 
 -1.00 -1.00 -1.00 -1.00 -1.00 -1.00 -1.00 -1.00 -1.00 -1.00 -1.00 -1.00 -1.00 0.89 0.07 -1.00 -1.00 -1.00 -1.00 -1.00 
 -1.00 -1.00 -1.00 -1.00 -1.00 -1.00 -1.00 -1.00 -1.00 -1.00 -1.00 -1.00 -1.00 0.89 0.07 -1.00 -1.00 -1.00 -1.00 -1.00 
 -1.00 -1.00 -1.00 -1.00 -1.00 -1.00 -1.00 -1.00 -1.00 -1.00 -0.99 -0.64 -0.60 0.91 0.25 -0.60 -0.80 -1.00 -1.00 -1.00 
 -1.00 -1.00 -1.00 -1.00 -1.00 -1.00 -1.00 -1.00 -1.00 -1.00 -0.66 1.00 1.00 1.00 1.00 1.00 0.52 -1.00 -1.00 -1.00 
 