0.00 0.00 0.00 0.00 0.00 0.00 0.10 0.49 0.79 0.96 1.00 0.93 0.72 0.35 0.46 0.91 0.18 0.00 0.00 0.00 
 0.00 0.00 0.00 0.00 0.00 0.27 0.91 0.99 0.69 0.31 0.24 0.42 0.88 1.00 1.00 1.00 0.22 0.00 0.00 0.00 
 0.00 0.00 0.00 0.00 0.16 0.95 1.00 0.58 0.00 0.00 0.00 0.00 0.15 0.95 1.00 1.00 0.22 0.00 0.00 0.00 
 0.00 0.00 0.00 0.02 0.71 1.00 0.90 0.05 0.00 0.00 0.00 0.00 0.00 0.65 1.00 1.00 0.22 0.00 0.00 0.00 
 0.00 0.00 0.00 0.15 1.00 1.00 0.61 0.00 0.00 0.00 0.00 0.00 0.00 0.49 1.00 1.00 0.22 0.00 0.00 0.00 
 0.00 0.00 0.00 0.36 1.00 1.00 0.41 0.00 0.00 0.00 0.00 0.00 0.00 0.45 1.00 1.00 0.22 0.00 0.00 0.00 
 0.00 0.00 0.00 0.51 1.00 1.00 0.33 0.00 0.00 0.00 0.00 0.00 0.00 0.45 1.00 1.00 0.22 0.00 0.00 0.00 
 0.00 0.00 0.00 0.56 1.00 1.00 0.33 0.00 0.00 0.00 0.00 0.00 0.00 0.45 1.00 1.00 0.22 0.00 0.00 0.00 
 0.00 0.00 0.00 0.56 1.00 1.00 0.35 0.00 0.00 0.00 0.00 0.00 0.00 0.45 1.00 1.00 0.22 0.00 0.00 0.00 
 0.00 0.00 0.00 0.45 1.00 1.00 0.47 0.00 0.00 0.00 0.00 0.00 0.00 0.45 1.00 1.00 0.22 0.00 0.00 0.00 
 0.00 0.00 0.00 0.30 1.00 1.00 0.68 0.00 0.00 0.00 0.00 0.00 0.00 0.60 1.00 1.00 0.22 0.00 0.00 0.00 
 0.00 0.00 0.00 0.10 0.96 1.00 0.94 0.09 0.00 0.00 0.00 0.00 0.16 0.94 1.00 1.00 0.22 0.00 0.00 0.00 
 0.00 0.00 0.00 0.00 0.60 1.00 1.00 0.73 0.10 0.00 0.02 0.25 0.87 0.79 1.00 1.00 0.22 0.00 0.00 0.00 
 0.00 0.00 0.00 0.00 0.07 0.82 1.00 1.00 0.95 0.78 0.85 0.95 0.37 0.45 1.00 1.00 0.22 0.00 0.00 0.00 
 0.00 0.00 0.00 0.00 0.00 0.07 0.57 0.87 0.89 0.88 0.62 0.15 0.00 0.45 1.00 1.00 0.22 0.00 0.00 0.00 
 0.00 0.00 0.00 0.00 0.00 0.00 0.00 0.00 0.00 0.00 0.00 0.00 0.00 0.45 1.00 1.00 0.22 0.00 0.00 0.00 
 0.00 0.00 0.00 0.00 0.00 0.00 0.00 0.00 0.00 0.00 0.00 0.00 0.00 0.45 1.00 1.00 0.22 0.00 0.00 0.00 
 0.00 0.00 0.00 0.00 0.00 0.00 0.00 0.00 0.00 0.00 0.00 0.00 0.00 0.45 1.00 1.00 0.22 0.00 0.00 0.00 
 0.00 0.00 0.00 0.00 0.00 0.00 0.00 0.00 0.00 0.00 0.00 0.00 0.00 0.46 1.00 1.00 0.22 0.00 0.00 0.00 
 0.00 0.00 0.00 0.00 0.00 0.00 0.00 0.00 0.00 0.00 0.00 0.00 0.00 0.65 1.00 1.00 0.36 0.00 0.00 0.00 
 