0.00 0.00 0.00 0.00 0.00 0.00 0.13 0.55 0.86 1.00 0.99 0.82 0.45 0.05 0.47 0.75 0.75 0.09 0.00 0.00 
 0.00 0.00 0.00 0.00 0.00 0.33 0.94 1.00 1.00 1.00 1.00 1.00 1.00 0.75 0.67 1.00 1.00 0.13 0.00 0.00 
 0.00 0.00 0.00 0.00 0.24 0.99 1.00 1.00 0.85 0.55 0.50 0.63 0.96 1.00 0.99 1.00 1.00 0.13 0.00 0.00 
 0.00 0.00 0.00 0.02 0.78 1.00 1.00 0.66 0.03 0.00 0.00 0.00 0.19 0.91 1.00 1.00 1.00 0.13 0.00 0.00 
 0.00 0.00 0.00 0.20 1.00 1.00 0.91 0.08 0.00 0.00 0.00 0.00 0.00 0.33 1.00 1.00 1.00 0.13 0.00 0.00 
 0.00 0.00 0.00 0.44 1.00 1.00 0.66 0.00 0.00 0.00 0.00 0.00 0.00 0.05 0.89 1.00 1.00 0.13 0.00 0.00 
 0.00 0.00 0.00 0.58 1.00 1.00 0.45 0.00 0.00 0.00 0.00 0.00 0.00 0.00 0.67 1.00 1.00 0.13 0.00 0.00 
 0.00 0.00 0.00 0.63 1.00 1.00 0.38 0.00 0.00 0.00 0.00 0.00 0.00 0.00 0.63 1.00 1.00 0.13 0.00 0.00 
 0.00 0.00 0.00 0.63 1.00 1.00 0.38 0.00 0.00 0.00 0.00 0.00 0.00 0.00 0.63 1.00 1.00 0.13 0.00 0.00 
 0.00 0.00 0.00 0.56 1.00 1.00 0.49 0.00 0.00 0.00 0.00 0.00 0.00 0.00 0.72 1.00 1.00 0.13 0.00 0.00 
 0.00 0.00 0.00 0.41 1.00 1.00 0.71 0.00 0.00 0.00 0.00 0.00 0.00 0.06 0.94 1.00 1.00 0.13 0.00 0.00 
 0.00 0.00 0.00 0.16 0.99 1.00 0.94 0.11 0.00 0.00 0.00 0.00 0.00 0.41 1.00 1.00 1.00 0.13 0.00 0.00 
 0.00 0.00 0.00 0.00 0.71 1.00 1.00 0.75 0.08 0.00 0.00 0.00 0.28 0.96 1.00 1.00 1.00 0.13 0.00 0.00 
 0.00 0.00 0.00 0.00 0.17 0.94 1.00 1.00 0.91 0.60 0.50 0.67 0.99 0.99 0.93 1.00 1.00 0.13 0.00 0.00 
 0.00 0.00 0.00 0.00 0.00 0.24 0.88 1.00 1.00 1.00 1.00 1.00 0.99 0.60 0.63 1.00 1.00 0.13 0.00 0.00 
 0.00 0.00 0.00 0.00 0.00 0.00 0.06 0.50 0.83 0.88 0.88 0.77 0.35 0.00 0.63 1.00 1.00 0.13 0.00 0.00 
 0.00 0.00 0.00 0.00 0.00 0.00 0.00 0.00 0.00 0.00 0.00 0.00 0.00 0.00 0.63 1.00 1.00 0.13 0.00 0.00 
 0.00 0.00 0.00 0.00 0.00 0.00 0.00 0.00 0.00 0.00 0.00 0.00 0.00 0.00 0.63 1.00 1.00 0.13 0.00 0.00 
 0.00 0.00 0.00 0.00 0.00 0.00 0.00 0.00 0.00 0.00 0.00 0.00 0.00 0.00 0.63 1.00 1.00 0.13 0.00 0.00 
 0.00 0.00 0.00 0.00 0.00 0.00 0.00 0.00 0.00 0.00 0.00 0.00 0.00 0.00 0.63 1.00 1.00 0.13 0.00 0.00 
 