0.00 0.00 0.00 0.00 0.00 0.00 0.00 0.14 0.49 0.72 0.67 0.36 0.41 1.00 0.56 0.00 0.00 0.00 0.00 0.00 
 0.00 0.00 0.00 0.00 0.00 0.02 0.36 0.94 0.69 0.36 0.30 0.58 0.91 1.00 0.50 0.00 0.00 0.00 0.00 0.00 
 0.00 0.00 0.00 0.00 0.00 0.36 0.99 0.44 0.00 0.00 0.00 0.00 0.55 1.00 0.39 0.00 0.00 0.00 0.00 0.00 
 0.00 0.00 0.00 0.00 0.16 0.96 0.66 0.00 0.00 0.00 0.00 0.00 0.69 1.00 0.31 0.00 0.00 0.00 0.00 0.00 
 0.00 0.00 0.00 0.00 0.63 0.97 0.16 0.00 0.00 0.00 0.00 0.06 0.93 1.00 0.24 0.00 0.00 0.00 0.00 0.00 
 0.00 0.00 0.00 0.09 0.97 0.83 0.00 0.00 0.00 0.00 0.00 0.27 0.99 1.00 0.13 0.00 0.00 0.00 0.00 0.00 
 0.00 0.00 0.00 0.28 1.00 0.66 0.00 0.00 0.00 0.00 0.00 0.63 0.80 0.96 0.08 0.00 0.00 0.00 0.00 0.00 
 0.00 0.00 0.00 0.44 1.00 0.63 0.00 0.00 0.00 0.00 0.17 0.75 0.69 0.88 0.00 0.00 0.00 0.00 0.00 0.00 
 0.00 0.00 0.00 0.50 1.00 0.64 0.00 0.00 0.00 0.02 0.66 0.30 0.77 0.88 0.00 0.00 0.00 0.00 0.00 0.00 
 0.00 0.00 0.00 0.42 1.00 0.83 0.00 0.00 0.00 0.41 0.72 0.00 0.88 0.88 0.00 0.00 0.00 0.00 0.00 0.00 
 0.00 0.00 0.00 0.22 1.00 0.99 0.41 0.14 0.49 0.89 0.14 0.02 0.89 0.85 0.00 0.00 0.00 0.00 0.00 0.00 
 0.00 0.00 0.00 0.03 0.78 1.00 1.00 1.00 0.94 0.30 0.00 0.13 1.00 0.75 0.00 0.00 0.00 0.00 0.00 0.00 
 0.00 0.00 0.00 0.00 0.11 0.74 0.88 0.74 0.20 0.00 0.00 0.13 1.00 0.75 0.00 0.00 0.00 0.00 0.00 0.00 
 0.00 0.00 0.00 0.00 0.00 0.00 0.00 0.00 0.00 0.00 0.00 0.13 1.00 0.71 0.00 0.00 0.00 0.00 0.00 0.00 
 0.00 0.00 0.00 0.00 0.00 0.00 0.00 0.00 0.00 0.00 0.00 0.13 1.00 0.63 0.00 0.00 0.00 0.00 0.00 0.00 
 0.00 0.00 0.00 0.00 0.00 0.00 0.00 0.00 0.00 0.00 0.00 0.13 1.00 0.63 0.00 0.00 0.00 0.00 0.00 0.00 
 0.00 0.00 0.00 0.00 0.00 0.00 0.00 0.00 0.00 0.00 0.00 0.13 1.00 0.63 0.00 0.00 0.00 0.00 0.00 0.00 
 0.00 0.00 0.00 0.00 0.00 0.00 0.00 0.00 0.00 0.00 0.00 0.13 1.00 0.63 0.00 0.00 0.00 0.00 0.00 0.00 
 0.00 0.00 0.00 0.00 0.00 0.00 0.00 0.00 0.00 0.00 0.00 0.13 1.00 0.72 0.00 0.00 0.00 0.02 0.00 0.00 
 0.00 0.00 0.00 0.00 0.00 0.00 0.00 0.00 0.00 0.00 0.00 0.13 1.00 0.94 0.35 0.41 0.60 0.24 0.00 0.00 
 