0.00 0.00 0.00 0.00 0.00 0.08 0.42 0.75 0.94 1.00 0.96 0.78 0.45 0.08 0.00 0.13 0.50 0.50 0.50 0.39 
 0.00 0.00 0.00 0.00 0.25 0.88 0.96 0.69 0.45 0.38 0.45 0.69 0.96 0.89 0.27 0.25 1.00 0.89 0.88 0.77 
 0.00 0.00 0.00 0.25 0.96 0.75 0.14 0.00 0.00 0.00 0.00 0.00 0.16 0.77 0.97 0.55 1.00 0.13 0.00 0.00 
 0.00 0.00 0.11 0.91 0.74 0.03 0.00 0.00 0.00 0.00 0.00 0.00 0.00 0.06 0.77 1.00 1.00 0.13 0.00 0.00 
 0.00 0.00 0.53 0.93 0.11 0.00 0.00 0.00 0.00 0.00 0.00 0.00 0.00 0.00 0.13 0.94 1.00 0.13 0.00 0.00 
 0.00 0.03 0.88 0.58 0.00 0.00 0.00 0.00 0.00 0.00 0.00 0.00 0.00 0.00 0.00 0.58 1.00 0.13 0.00 0.00 
 0.00 0.13 1.00 0.33 0.00 0.00 0.00 0.00 0.00 0.00 0.00 0.00 0.00 0.00 0.00 0.33 1.00 0.13 0.00 0.00 
 0.00 0.13 1.00 0.25 0.00 0.00 0.00 0.00 0.00 0.00 0.00 0.00 0.00 0.00 0.00 0.25 1.00 0.13 0.00 0.00 
 0.00 0.13 1.00 0.35 0.00 0.00 0.00 0.00 0.00 0.00 0.00 0.00 0.00 0.00 0.00 0.35 1.00 0.13 0.00 0.00 
 0.00 0.03 0.88 0.60 0.00 0.00 0.00 0.00 0.00 0.00 0.00 0.00 0.00 0.00 0.00 0.60 1.00 0.13 0.00 0.00 
 0.00 0.00 0.50 0.93 0.11 0.00 0.00 0.00 0.00 0.00 0.00 0.00 0.00 0.00 0.13 0.94 1.00 0.13 0.00 0.00 
 0.00 0.00 0.09 0.91 0.75 0.06 0.00 0.00 0.00 0.00 0.00 0.00 0.00 0.08 0.77 0.99 1.00 0.13 0.00 0.00 
 0.00 0.00 0.00 0.25 0.94 0.77 0.17 0.00 0.00 0.00 0.00 0.00 0.19 0.78 0.96 0.53 1.00 0.13 0.00 0.00 
 0.00 0.00 0.00 0.00 0.24 0.85 0.99 0.69 0.44 0.38 0.44 0.69 0.99 0.88 0.27 0.25 1.00 0.13 0.00 0.00 
 0.00 0.00 0.00 0.00 0.00 0.05 0.42 0.75 0.88 0.88 0.88 0.78 0.45 0.06 0.00 0.25 1.00 0.13 0.00 0.00 
 0.00 0.00 0.00 0.00 0.00 0.00 0.00 0.00 0.00 0.00 0.00 0.00 0.00 0.00 0.00 0.25 1.00 0.13 0.00 0.00 
 0.00 0.00 0.00 0.00 0.00 0.00 0.00 0.00 0.00 0.00 0.00 0.00 0.00 0.00 0.00 0.25 1.00 0.13 0.00 0.00 
 0.00 0.00 0.00 0.00 0.00 0.00 0.00 0.00 0.00 0.00 0.00 0.00 0.00 0.00 0.00 0.25 1.00 0.13 0.00 0.00 
 0.00 0.00 0.00 0.00 0.00 0.00 0.00 0.00 0.00 0.00 0.00 0.00 0.00 0.00 0.00 0.25 1.00 0.13 0.00 0.00 
 0.00 0.00 0.00 0.00 0.00 0.00 0.00 0.00 0.00 0.00 0.00 0.00 0.00 0.00 0.00 0.25 1.00 0.13 0.00 0.00 
 