0.00 0.00 0.00 0.00 0.00 0.00 0.08 0.49 0.81 0.95 0.97 0.84 0.56 0.13 0.00 0.29 0.70 0.28 0.00 0.00 
 0.00 0.00 0.00 0.00 0.00 0.21 0.89 1.00 0.87 0.60 0.50 0.58 0.82 0.94 0.29 0.50 1.00 0.39 0.00 0.00 
 0.00 0.00 0.00 0.00 0.08 0.89 0.99 0.50 0.02 0.00 0.00 0.00 0.01 0.40 0.92 0.66 1.00 0.30 0.00 0.00 
 0.00 0.00 0.00 0.00 0.54 1.00 0.63 0.00 0.00 0.00 0.00 0.00 0.00 0.00 0.46 1.00 1.00 0.30 0.00 0.00 
 0.00 0.00 0.00 0.03 0.90 0.98 0.15 0.00 0.00 0.00 0.00 0.00 0.00 0.00 0.06 0.93 1.00 0.30 0.00 0.00 
 0.00 0.00 0.00 0.14 1.00 0.86 0.00 0.00 0.00 0.00 0.00 0.00 0.00 0.00 0.00 0.68 1.00 0.30 0.00 0.00 
 0.00 0.00 0.00 0.26 1.00 0.72 0.00 0.00 0.00 0.00 0.00 0.00 0.00 0.00 0.00 0.54 1.00 0.30 0.00 0.00 
 0.00 0.00 0.00 0.30 1.00 0.70 0.00 0.00 0.00 0.00 0.00 0.00 0.00 0.00 0.00 0.50 1.00 0.30 0.00 0.00 
 0.00 0.00 0.00 0.27 1.00 0.71 0.00 0.00 0.00 0.00 0.00 0.00 0.00 0.00 0.00 0.55 1.00 0.30 0.00 0.00 
 0.00 0.00 0.00 0.15 1.00 0.85 0.00 0.00 0.00 0.00 0.00 0.00 0.00 0.00 0.00 0.70 1.00 0.30 0.00 0.00 
 0.00 0.00 0.00 0.04 0.92 0.97 0.14 0.00 0.00 0.00 0.00 0.00 0.00 0.00 0.07 0.95 1.00 0.30 0.00 0.00 
 0.00 0.00 0.00 0.00 0.57 1.00 0.63 0.00 0.00 0.00 0.00 0.00 0.00 0.00 0.51 0.99 1.00 0.30 0.00 0.00 
 0.00 0.00 0.00 0.00 0.11 0.92 0.99 0.50 0.04 0.00 0.00 0.00 0.03 0.44 0.90 0.71 1.00 0.30 0.00 0.00 
 0.00 0.00 0.00 0.00 0.00 0.27 0.92 1.00 0.89 0.62 0.50 0.61 0.86 0.91 0.21 0.60 1.00 0.30 0.00 0.00 
 0.00 0.00 0.00 0.00 0.00 0.00 0.12 0.58 0.86 0.90 0.90 0.83 0.53 0.10 0.00 0.60 1.00 0.30 0.00 0.00 
 0.00 0.00 0.00 0.00 0.00 0.00 0.00 0.00 0.00 0.00 0.00 0.00 0.00 0.00 0.00 0.60 1.00 0.30 0.00 0.00 
 0.00 0.00 0.00 0.00 0.00 0.00 0.00 0.00 0.00 0.00 0.00 0.00 0.00 0.00 0.00 0.60 1.00 0.30 0.00 0.00 
 0.00 0.00 0.00 0.00 0.00 0.00 0.00 0.00 0.00 0.00 0.00 0.00 0.00 0.00 0.00 0.60 1.00 0.30 0.00 0.00 
 0.00 0.00 0.00 0.00 0.00 0.00 0.00 0.00 0.00 0.00 0.00 0.00 0.00 0.00 0.00 0.60 1.00 0.30 0.00 0.00 
 0.00 0.00 0.00 0.00 0.00 0.00 0.00 0.00 0.00 0.00 0.00 0.00 0.00 0.00 0.00 0.60 1.00 0.30 0.00 0.00 
 