0.00 0.00 0.00 0.00 0.00 0.00 0.00 0.21 0.62 0.90 1.00 0.96 0.79 0.46 0.20 0.60 0.60 0.18 0.00 0.00 
 0.00 0.00 0.00 0.00 0.00 0.01 0.45 0.99 1.00 1.00 1.00 1.00 1.00 1.00 0.99 1.00 1.00 0.30 0.00 0.00 
 0.00 0.00 0.00 0.00 0.00 0.40 1.00 1.00 0.92 0.55 0.33 0.31 0.44 0.69 0.96 1.00 1.00 0.30 0.00 0.00 
 0.00 0.00 0.00 0.00 0.10 0.94 1.00 0.89 0.15 0.00 0.00 0.00 0.00 0.00 0.33 1.00 1.00 0.30 0.00 0.00 
 0.00 0.00 0.00 0.00 0.48 1.00 1.00 0.33 0.00 0.00 0.00 0.00 0.00 0.00 0.30 1.00 1.00 0.30 0.00 0.00 
 0.00 0.00 0.00 0.00 0.80 1.00 0.89 0.01 0.00 0.00 0.00 0.00 0.00 0.00 0.30 1.00 1.00 0.30 0.00 0.00 
 0.00 0.00 0.00 0.08 0.98 1.00 0.71 0.00 0.00 0.00 0.00 0.00 0.00 0.00 0.30 1.00 1.00 0.30 0.00 0.00 
 0.00 0.00 0.00 0.10 1.00 1.00 0.60 0.00 0.00 0.00 0.00 0.00 0.00 0.00 0.30 1.00 1.00 0.30 0.00 0.00 
 0.00 0.00 0.00 0.10 1.00 1.00 0.60 0.00 0.00 0.00 0.00 0.00 0.00 0.00 0.30 1.00 1.00 0.30 0.00 0.00 
 0.00 0.00 0.00 0.10 1.00 1.00 0.69 0.00 0.00 0.00 0.00 0.00 0.00 0.00 0.30 1.00 1.00 0.30 0.00 0.00 
 0.00 0.00 0.00 0.02 0.90 1.00 0.85 0.00 0.00 0.00 0.00 0.00 0.00 0.00 0.30 1.00 1.00 0.30 0.00 0.00 
 0.00 0.00 0.00 0.00 0.67 1.00 0.98 0.19 0.00 0.00 0.00 0.00 0.00 0.00 0.33 1.00 1.00 0.30 0.00 0.00 
 0.00 0.00 0.00 0.00 0.30 1.00 1.00 0.76 0.05 0.00 0.00 0.00 0.02 0.34 0.91 1.00 1.00 0.30 0.00 0.00 
 0.00 0.00 0.00 0.00 0.02 0.75 1.00 1.00 0.85 0.50 0.40 0.53 0.84 1.00 0.99 1.00 1.00 0.30 0.00 0.00 
 0.00 0.00 0.00 0.00 0.00 0.11 0.83 1.00 1.00 1.00 1.00 1.00 1.00 0.82 0.49 1.00 1.00 0.30 0.00 0.00 
 0.00 0.00 0.00 0.00 0.00 0.00 0.06 0.53 0.85 0.90 0.90 0.79 0.43 0.03 0.30 1.00 1.00 0.30 0.00 0.00 
 0.00 0.00 0.00 0.00 0.00 0.00 0.00 0.00 0.00 0.00 0.00 0.00 0.00 0.00 0.30 1.00 1.00 0.30 0.00 0.00 
 0.00 0.00 0.00 0.00 0.00 0.00 0.00 0.00 0.00 0.00 0.00 0.00 0.00 0.00 0.30 1.00 1.00 0.30 0.00 0.00 
 0.00 0.00 0.00 0.00 0.00 0.00 0.00 0.00 0.00 0.00 0.00 0.00 0.00 0.00 0.30 1.00 1.00 0.30 0.00 0.00 
 0.00 0.00 0.00 0.00 0.00 0.00 0.00 0.00 0.00 0.00 0.00 0.00 0.00 0.00 0.30 1.00 1.00 0.30 0.00 0.00 
 