0.00 0.00 0.00 0.00 0.00 0.00 0.05 0.42 0.80 0.98 0.98 0.77 0.33 0.02 0.60 0.67 0.30 0.00 0.00 0.00 
 0.00 0.00 0.00 0.00 0.00 0.13 0.80 1.00 1.00 0.95 0.90 1.00 1.00 0.53 0.89 1.00 0.45 0.00 0.00 0.00 
 0.00 0.00 0.00 0.00 0.04 0.79 1.00 0.94 0.44 0.07 0.02 0.25 0.82 0.99 0.99 1.00 0.45 0.00 0.00 0.00 
 0.00 0.00 0.00 0.00 0.37 1.00 0.99 0.37 0.00 0.00 0.00 0.00 0.09 0.88 1.00 1.00 0.45 0.00 0.00 0.00 
 0.00 0.00 0.00 0.00 0.73 1.00 0.83 0.00 0.00 0.00 0.00 0.00 0.00 0.38 1.00 1.00 0.45 0.00 0.00 0.00 
 0.00 0.00 0.00 0.07 0.96 1.00 0.55 0.00 0.00 0.00 0.00 0.00 0.00 0.11 0.99 1.00 0.45 0.00 0.00 0.00 
 0.00 0.00 0.00 0.11 1.00 1.00 0.38 0.00 0.00 0.00 0.00 0.00 0.00 0.00 0.84 1.00 0.45 0.00 0.00 0.00 
 0.00 0.00 0.00 0.11 1.00 1.00 0.33 0.00 0.00 0.00 0.00 0.00 0.00 0.00 0.78 1.00 0.45 0.00 0.00 0.00 
 0.00 0.00 0.00 0.11 1.00 1.00 0.37 0.00 0.00 0.00 0.00 0.00 0.00 0.00 0.79 1.00 0.45 0.00 0.00 0.00 
 0.00 0.00 0.00 0.05 0.93 1.00 0.52 0.00 0.00 0.00 0.00 0.00 0.00 0.04 0.93 1.00 0.45 0.00 0.00 0.00 
 0.00 0.00 0.00 0.00 0.65 1.00 0.79 0.00 0.00 0.00 0.00 0.00 0.00 0.21 1.00 1.00 0.45 0.00 0.00 0.00 
 0.00 0.00 0.00 0.00 0.29 1.00 0.99 0.31 0.00 0.00 0.00 0.00 0.02 0.67 1.00 1.00 0.45 0.00 0.00 0.00 
 0.00 0.00 0.00 0.00 0.02 0.71 1.00 0.91 0.29 0.03 0.00 0.07 0.52 1.00 1.00 1.00 0.45 0.00 0.00 0.00 
 0.00 0.00 0.00 0.00 0.00 0.09 0.80 1.00 1.00 0.88 0.79 0.95 1.00 0.87 1.00 1.00 0.45 0.00 0.00 0.00 
 0.00 0.00 0.00 0.00 0.00 0.00 0.07 0.60 0.91 1.00 1.00 0.95 0.67 0.19 1.00 1.00 0.45 0.00 0.00 0.00 
 0.00 0.00 0.00 0.00 0.00 0.00 0.00 0.00 0.03 0.19 0.21 0.06 0.00 0.11 1.00 1.00 0.45 0.00 0.00 0.00 
 0.00 0.00 0.00 0.00 0.00 0.00 0.00 0.00 0.00 0.00 0.00 0.00 0.00 0.11 1.00 1.00 0.45 0.00 0.00 0.00 
 0.00 0.00 0.00 0.00 0.00 0.00 0.00 0.00 0.00 0.00 0.00 0.00 0.00 0.11 1.00 1.00 0.45 0.00 0.00 0.00 
 0.00 0.00 0.00 0.00 0.00 0.00 0.00 0.00 0.00 0.00 0.00 0.00 0.00 0.11 1.00 1.00 0.45 0.00 0.00 0.00 
 0.00 0.00 0.00 0.00 0.00 0.00 0.00 0.00 0.00 0.00 0.00 0.00 0.00 0.11 1.00 1.00 0.45 0.00 0.00 0.00 
 