0.00 0.00 0.00 0.00 0.02 0.29 0.67 0.92 1.00 0.94 0.76 0.41 0.04 0.00 0.13 0.15 0.02 0.11 0.21 0.25 
 0.00 0.00 0.00 0.06 0.62 1.00 1.00 0.94 0.78 0.72 0.84 0.98 0.47 0.13 0.98 1.00 0.88 0.96 1.00 1.00 
 0.00 0.00 0.06 0.69 1.00 1.00 0.76 0.13 0.00 0.00 0.00 0.18 0.11 0.15 1.00 1.00 1.00 0.84 0.51 0.35 
 0.00 0.00 0.53 1.00 1.00 0.84 0.06 0.00 0.00 0.00 0.00 0.00 0.00 0.15 1.00 1.00 0.90 0.06 0.00 0.00 
 0.00 0.13 0.96 1.00 0.98 0.27 0.00 0.00 0.00 0.00 0.00 0.00 0.00 0.15 1.00 1.00 0.86 0.00 0.00 0.00 
 0.00 0.35 1.00 1.00 0.84 0.00 0.00 0.00 0.00 0.00 0.00 0.00 0.00 0.15 1.00 1.00 0.86 0.00 0.00 0.00 
 0.00 0.53 1.00 1.00 0.65 0.00 0.00 0.00 0.00 0.00 0.00 0.00 0.00 0.15 1.00 1.00 0.86 0.00 0.00 0.00 
 0.00 0.57 1.00 1.00 0.57 0.00 0.00 0.00 0.00 0.00 0.00 0.00 0.00 0.15 1.00 1.00 0.86 0.00 0.00 0.00 
 0.00 0.51 1.00 1.00 0.65 0.00 0.00 0.00 0.00 0.00 0.00 0.00 0.00 0.15 1.00 1.00 0.86 0.00 0.00 0.00 
 0.00 0.29 1.00 1.00 0.86 0.02 0.00 0.00 0.00 0.00 0.00 0.00 0.00 0.21 1.00 1.00 0.86 0.00 0.00 0.00 
 0.00 0.06 0.86 1.00 1.00 0.43 0.00 0.00 0.00 0.00 0.00 0.00 0.00 0.45 1.00 1.00 0.86 0.00 0.00 0.00 
 0.00 0.00 0.33 0.98 1.00 0.94 0.23 0.00 0.00 0.00 0.00 0.00 0.16 0.92 1.00 1.00 0.86 0.00 0.00 0.00 
 0.00 0.00 0.00 0.45 0.98 1.00 0.92 0.29 0.08 0.00 0.11 0.39 0.92 0.94 1.00 1.00 0.86 0.00 0.00 0.00 
 0.00 0.00 0.00 0.00 0.37 0.88 1.00 1.00 0.94 0.86 0.96 0.96 0.57 0.21 1.00 1.00 0.86 0.00 0.00 0.00 
 0.00 0.00 0.00 0.00 0.00 0.06 0.39 0.62 0.72 0.69 0.49 0.16 0.00 0.15 1.00 1.00 0.86 0.00 0.00 0.00 
 0.00 0.00 0.00 0.00 0.00 0.00 0.00 0.00 0.00 0.00 0.00 0.00 0.00 0.15 1.00 1.00 0.86 0.00 0.00 0.00 
 0.00 0.00 0.00 0.00 0.00 0.00 0.00 0.00 0.00 0.00 0.00 0.00 0.00 0.15 1.00 1.00 0.86 0.00 0.00 0.00 
 0.00 0.00 0.00 0.00 0.00 0.00 0.00 0.00 0.00 0.00 0.00 0.00 0.00 0.18 1.00 1.00 0.76 0.00 0.00 0.00 
 0.00 0.00 0.00 0.00 0.00 0.00 0.00 0.00 0.00 0.00 0.00 0.00 0.00 0.39 1.00 1.00 0.43 0.00 0.00 0.00 
 0.00 0.00 0.00 0.00 0.00 0.00 0.00 0.00 0.00 0.00 0.00 0.00 0.04 0.82 1.00 0.84 0.04 0.00 0.00 0.00 
 