0.00 0.00 0.00 0.00 0.00 0.00 0.00 0.00 0.00 0.16 0.52 0.82 0.99 0.89 0.47 0.21 0.64 0.48 0.00 0.00 
 0.00 0.00 0.00 0.00 0.00 0.00 0.00 0.07 0.60 0.99 1.00 1.00 1.00 1.00 1.00 1.00 0.95 0.26 0.00 0.00 
 0.00 0.00 0.00 0.00 0.00 0.00 0.10 0.82 1.00 0.77 0.24 0.18 0.65 1.00 1.00 1.00 0.67 0.00 0.00 0.00 
 0.00 0.00 0.00 0.00 0.00 0.07 0.82 1.00 0.78 0.04 0.00 0.00 0.03 0.91 1.00 1.00 0.47 0.00 0.00 0.00 
 0.00 0.00 0.00 0.00 0.00 0.60 1.00 0.98 0.20 0.00 0.00 0.00 0.11 1.00 1.00 1.00 0.30 0.00 0.00 0.00 
 0.00 0.00 0.00 0.00 0.19 0.99 1.00 0.77 0.00 0.00 0.00 0.00 0.21 1.00 1.00 0.99 0.14 0.00 0.00 0.00 
 0.00 0.00 0.00 0.00 0.58 1.00 1.00 0.48 0.00 0.00 0.00 0.00 0.38 1.00 1.00 0.89 0.00 0.00 0.00 0.00 
 0.00 0.00 0.00 0.02 0.87 1.00 1.00 0.29 0.00 0.00 0.00 0.00 0.55 1.00 1.00 0.80 0.00 0.00 0.00 0.00 
 0.00 0.00 0.00 0.11 1.00 1.00 1.00 0.22 0.00 0.00 0.00 0.03 0.78 1.00 1.00 0.63 0.00 0.00 0.00 0.00 
 0.00 0.00 0.00 0.11 1.00 1.00 1.00 0.30 0.00 0.00 0.00 0.45 1.00 1.00 1.00 0.47 0.00 0.00 0.00 0.00 
 0.00 0.00 0.00 0.11 1.00 1.00 1.00 0.55 0.00 0.00 0.30 0.99 1.00 1.00 1.00 0.31 0.00 0.00 0.00 0.00 
 0.00 0.00 0.00 0.05 0.93 1.00 1.00 0.94 0.27 0.36 0.96 0.98 1.00 1.00 1.00 0.16 0.00 0.00 0.00 0.00 
 0.00 0.00 0.00 0.00 0.60 1.00 1.00 1.00 1.00 1.00 0.93 0.56 1.00 1.00 0.91 0.03 0.00 0.00 0.00 0.00 
 0.00 0.00 0.00 0.00 0.13 0.91 1.00 1.00 1.00 0.91 0.26 0.53 1.00 1.00 0.87 0.00 0.00 0.00 0.00 0.00 
 0.00 0.00 0.00 0.00 0.00 0.18 0.71 0.88 0.64 0.13 0.00 0.69 1.00 1.00 0.73 0.00 0.00 0.00 0.00 0.00 
 0.00 0.00 0.00 0.00 0.00 0.00 0.00 0.00 0.00 0.00 0.00 0.84 1.00 1.00 0.61 0.00 0.00 0.00 0.00 0.00 
 0.00 0.00 0.00 0.00 0.00 0.00 0.00 0.00 0.00 0.00 0.10 0.99 1.00 1.00 0.48 0.00 0.00 0.00 0.00 0.00 
 0.00 0.00 0.00 0.00 0.00 0.00 0.00 0.00 0.00 0.00 0.18 1.00 1.00 1.00 0.40 0.00 0.00 0.00 0.00 0.00 
 0.00 0.00 0.00 0.00 0.00 0.00 0.00 0.00 0.00 0.00 0.33 1.00 1.00 1.00 0.33 0.00 0.00 0.00 0.00 0.00 
 0.00 0.00 0.00 0.00 0.00 0.00 0.00 0.00 0.00 0.00 0.49 1.00 1.00 1.00 0.33 0.00 0.00 0.00 0.00 0.00 
 