0.00 0.00 0.00 0.00 0.00 0.00 0.00 0.00 0.00 0.03 0.11 0.11 0.11 0.11 0.16 0.51 0.58 0.00 0.00 0.00 
 0.00 0.00 0.00 0.00 0.00 0.00 0.02 0.25 0.63 0.79 0.94 1.00 1.00 1.00 1.00 1.00 0.24 0.00 0.00 0.00 
 0.00 0.00 0.00 0.00 0.00 0.05 0.61 0.71 0.20 0.02 0.05 0.27 0.64 0.96 1.00 0.93 0.04 0.00 0.00 0.00 
 0.00 0.00 0.00 0.00 0.03 0.67 0.72 0.02 0.00 0.00 0.00 0.00 0.00 0.40 1.00 0.89 0.00 0.00 0.00 0.00 
 0.00 0.00 0.00 0.00 0.47 0.96 0.15 0.00 0.00 0.00 0.00 0.00 0.00 0.25 1.00 0.89 0.00 0.00 0.00 0.00 
 0.00 0.00 0.00 0.13 0.95 0.74 0.00 0.00 0.00 0.00 0.00 0.00 0.00 0.22 1.00 0.89 0.00 0.00 0.00 0.00 
 0.00 0.00 0.00 0.51 1.00 0.49 0.00 0.00 0.00 0.00 0.00 0.00 0.00 0.33 1.00 0.89 0.00 0.00 0.00 0.00 
 0.00 0.00 0.02 0.84 1.00 0.36 0.00 0.00 0.00 0.00 0.00 0.00 0.00 0.51 1.00 0.89 0.00 0.00 0.00 0.00 
 0.00 0.00 0.11 1.00 1.00 0.33 0.00 0.00 0.00 0.00 0.00 0.00 0.02 0.79 1.00 0.89 0.00 0.00 0.00 0.00 
 0.00 0.00 0.11 1.00 1.00 0.42 0.00 0.00 0.00 0.00 0.00 0.00 0.21 1.00 1.00 0.89 0.00 0.00 0.00 0.00 
 0.00 0.00 0.11 1.00 1.00 0.64 0.00 0.00 0.00 0.00 0.00 0.02 0.68 0.87 1.00 0.89 0.00 0.00 0.00 0.00 
 0.00 0.00 0.04 0.90 1.00 0.93 0.11 0.00 0.00 0.00 0.00 0.40 0.61 0.45 1.00 0.89 0.00 0.00 0.00 0.00 
 0.00 0.00 0.00 0.56 1.00 1.00 0.76 0.15 0.00 0.10 0.49 0.62 0.02 0.45 1.00 0.89 0.00 0.00 0.00 0.00 
 0.00 0.00 0.00 0.11 0.91 1.00 1.00 0.99 0.89 0.96 0.57 0.02 0.00 0.45 1.00 0.89 0.00 0.00 0.00 0.00 
 0.00 0.00 0.00 0.00 0.19 0.80 0.98 0.95 0.77 0.29 0.00 0.00 0.00 0.45 1.00 0.89 0.00 0.00 0.00 0.00 
 0.00 0.00 0.00 0.00 0.00 0.00 0.09 0.06 0.00 0.00 0.00 0.00 0.00 0.45 1.00 0.89 0.00 0.00 0.00 0.00 
 0.00 0.00 0.00 0.00 0.00 0.00 0.00 0.00 0.00 0.00 0.00 0.00 0.00 0.45 1.00 0.89 0.00 0.00 0.00 0.00 
 0.00 0.00 0.00 0.00 0.00 0.00 0.00 0.00 0.00 0.00 0.00 0.00 0.00 0.45 1.00 0.89 0.00 0.00 0.00 0.00 
 0.00 0.00 0.00 0.00 0.00 0.00 0.00 0.00 0.00 0.00 0.00 0.00 0.00 0.47 1.00 0.89 0.00 0.00 0.00 0.00 
 0.00 0.00 0.00 0.00 0.00 0.00 0.00 0.00 0.00 0.00 0.00 0.00 0.02 0.74 1.00 0.98 0.19 0.00 0.00 0.00 
 