0.00 0.00 0.00 0.00 0.00 0.00 0.00 0.14 0.58 0.88 1.00 0.93 0.73 0.39 0.24 0.65 0.07 0.00 0.00 0.00 
 0.00 0.00 0.00 0.00 0.00 0.05 0.51 0.78 0.33 0.11 0.17 0.47 0.91 1.00 1.00 0.82 0.00 0.00 0.00 0.00 
 0.00 0.00 0.00 0.00 0.16 0.85 0.82 0.06 0.00 0.00 0.00 0.00 0.10 0.89 1.00 0.65 0.00 0.00 0.00 0.00 
 0.00 0.00 0.00 0.03 0.82 0.99 0.26 0.00 0.00 0.00 0.00 0.00 0.00 0.80 1.00 0.60 0.00 0.00 0.00 0.00 
 0.00 0.00 0.00 0.31 1.00 0.88 0.00 0.00 0.00 0.00 0.00 0.00 0.00 0.80 1.00 0.51 0.00 0.00 0.00 0.00 
 0.00 0.00 0.00 0.61 1.00 0.74 0.00 0.00 0.00 0.00 0.00 0.00 0.00 0.80 1.00 0.50 0.00 0.00 0.00 0.00 
 0.00 0.00 0.00 0.76 1.00 0.70 0.00 0.00 0.00 0.00 0.00 0.00 0.00 0.80 1.00 0.50 0.00 0.00 0.00 0.00 
 0.00 0.00 0.00 0.80 1.00 0.78 0.00 0.00 0.00 0.00 0.00 0.00 0.00 0.80 1.00 0.50 0.00 0.00 0.00 0.00 
 0.00 0.00 0.00 0.71 1.00 0.92 0.02 0.00 0.00 0.00 0.00 0.00 0.00 0.80 1.00 0.50 0.00 0.00 0.00 0.00 
 0.00 0.00 0.00 0.49 1.00 1.00 0.32 0.00 0.00 0.00 0.00 0.00 0.00 0.80 1.00 0.50 0.00 0.00 0.00 0.00 
 0.00 0.00 0.00 0.14 0.97 1.00 0.81 0.04 0.00 0.00 0.00 0.00 0.13 0.93 1.00 0.50 0.00 0.00 0.00 0.00 
 0.00 0.00 0.00 0.00 0.51 1.00 1.00 0.75 0.19 0.03 0.05 0.31 0.75 0.91 1.00 0.50 0.00 0.00 0.00 0.00 
 0.00 0.00 0.00 0.00 0.02 0.58 0.98 1.00 1.00 0.93 0.90 0.52 0.04 0.80 1.00 0.50 0.00 0.00 0.00 0.00 
 0.00 0.00 0.00 0.00 0.00 0.00 0.19 0.49 0.60 0.54 0.15 0.00 0.00 0.80 1.00 0.50 0.00 0.00 0.00 0.00 
 0.00 0.00 0.00 0.00 0.00 0.00 0.00 0.00 0.00 0.00 0.00 0.00 0.00 0.80 1.00 0.50 0.00 0.00 0.00 0.00 
 0.00 0.00 0.00 0.00 0.00 0.00 0.00 0.00 0.00 0.00 0.00 0.00 0.00 0.80 1.00 0.50 0.00 0.00 0.00 0.00 
 0.00 0.00 0.00 0.00 0.00 0.00 0.00 0.00 0.00 0.00 0.00 0.00 0.00 0.80 1.00 0.50 0.00 0.00 0.00 0.00 
 0.00 0.00 0.00 0.00 0.00 0.00 0.00 0.00 0.00 0.00 0.00 0.00 0.00 0.86 1.00 0.54 0.00 0.00 0.00 0.00 
 0.00 0.00 0.00 0.00 0.00 0.00 0.00 0.00 0.00 0.00 0.00 0.00 0.00 0.90 1.00 0.60 0.00 0.00 0.00 0.00 
 0.00 0.00 0.00 0.00 0.00 0.00 0.00 0.00 0.00 0.00 0.00 0.00 0.06 0.96 1.00 0.66 0.00 0.00 0.00 0.00 
 