-1.00 -1.00 -1.00 -1.00 -1.00 -0.79 -0.16 0.48 0.83 0.80 -0.99 -1.00 -1.00 -0.69 0.59 0.98 0.79 0.21 -0.87 -1.00 
 -1.00 -1.00 -0.72 -0.08 0.56 0.99 1.00 1.00 1.00 0.92 -1.00 -1.00 -0.39 0.90 1.00 1.00 1.00 1.00 -0.76 -1.00 
 -1.00 -1.00 0.86 1.00 1.00 1.00 1.00 1.00 1.00 0.85 -1.00 -0.17 0.98 1.00 1.00 1.00 1.00 0.99 -0.95 -1.00 
 -1.00 -1.00 0.18 0.27 0.28 1.00 1.00 1.00 1.00 0.76 -0.10 1.00 1.00 1.00 1.00 1.00 1.00 0.86 -1.00 -1.00 
 -1.00 -1.00 -1.00 -1.00 -0.97 1.00 1.00 1.00 1.00 0.96 1.00 1.00 0.83 0.84 1.00 1.00 1.00 0.67 -1.00 -1.00 
 -1.00 -1.00 -1.00 -1.00 -0.97 1.00 1.00 1.00 1.00 1.00 0.44 -0.55 -0.99 -0.99 -0.44 0.88 1.00 0.48 -1.00 -1.00 
 -1.00 -1.00 -1.00 -1.00 -0.97 1.00 1.00 1.00 1.00 1.00 -0.97 -1.00 -1.00 -1.00 -1.00 -0.63 -0.35 -0.56 -1.00 -1.00 
 -1.00 -1.00 -1.00 -1.00 -0.97 1.00 1.00 1.00 1.00 1.00 -0.97 -1.00 -1.00 -1.00 -1.00 -1.00 -1.00 -1.00 -1.00 -1.00 
 -1.00 -1.00 -1.00 -1.00 -0.97 1.00 1.00 1.00 1.00 1.00 -0.97 -1.00 -1.00 -1.00 -1.00 -1.00 -1.00 -1.00 -1.00 -1.00 
 -1.00 -1.00 -1.00 -1.00 -0.97 1.00 1.00 1.00 1.00 1.00 -0.97 -1.00 -1.00 -1.00 -1.00 -1.00 -1.00 -1.00 -1.00 -1.00 
 -1.00 -1.00 -1.00 -1.00 -0.97 1.00 1.00 1.00 1.00 1.00 -0.97 -1.00 -1.00 -1.00 -1.00 -1.00 -1.00 -1.00 -1.00 -1.00 
 -1.00 -1.00 -1.00 -1.00 -0.97 1.00 1.00 1.00 1.00 1.00 -0.97 -1.00 -1.00 -1.00 -1.00 -1.00 -1.00 -1.00 -1.00 -1.00 
 -1.00 -1.00 -1.00 -1.00 -0.97 1.00 1.00 1.00 1.00 1.00 -0.97 -1.00 -1.00 -1.00 -1.00 -1.00 -1.00 -1.00 -1.00 -1.00 
 -1.00 -1.00 -1.00 -1.00 -0.97 1.00 1.00 1.00 1.00 1.00 -0.97 -1.00 -1.00 -1.00 -1.00 -1.00 -1.00 -1.00 -1.00 -1.00 
 -1.00 -1.00 -1.00 -1.00 -0.97 1.00 1.00 1.00 1.00 1.00 -0.97 -1.00 -1.00 -1.00 -1.00 -1.00 -1.00 -1.00 -1.00 -1.00 
 -1.00 -1.00 -1.00 -1.00 -0.97 1.00 1.00 1.00 1.00 1.00 -0.97 -1.00 -1.00 -1.00 -1.00 -1.00 -1.00 -1.00 -1.00 -1.00 
 -1.00 -1.00 -1.00 -1.00 -0.97 1.00 1.00 1.00 1.00 1.00 -0.97 -1.00 -1.00 -1.00 -1.00 -1.00 -1.00 -1.00 -1.00 -1.00 
 -1.00 -1.00 -1.00 -1.00 -0.87 1.00 1.00 1.00 1.00 1.00 -0.86 -1.00 -1.00 -1.00 -1.00 -1.00 -1.00 -1.00 -1.00 -1.00 
 -1.00 -1.00 -0.15 0.30 0.68 1.00 1.00 1.00 1.00 1.00 0.71 0.35 0.23 -0.40 -1.00 -1.00 -1.00 -1.00 -1.00 -1.00 
 -1.00 -1.00 0.44 1.00 1.00 1.00 1.00 1.00 1.00 1.00 1.00 1.00 1.00 0.04 -1.00 -1.00 -1.00 -1.00 -1.00 -1.00 
 