-0.83 -0.27 -0.20 -0.20 -0.20 -0.20 -0.20 -0.31 -0.89 -1.00 -1.00 -1.00 -0.84 -0.29 0.07 0.23 0.18 -0.11 -0.74 -1.00 
 0.69 1.00 1.00 1.00 1.00 1.00 1.00 1.00 0.34 -1.00 -0.78 0.25 0.96 1.00 1.00 1.00 1.00 1.00 0.96 -0.25 
 0.95 1.00 1.00 1.00 1.00 1.00 1.00 1.00 0.65 -0.38 0.88 1.00 1.00 1.00 1.00 1.00 1.00 1.00 1.00 0.91 
 -0.05 0.76 0.81 0.81 0.81 0.97 1.00 1.00 0.92 0.98 1.00 1.00 1.00 0.99 0.69 0.51 1.00 1.00 1.00 1.00 
 -1.00 -1.00 -1.00 -1.00 -1.00 0.65 1.00 1.00 1.00 1.00 1.00 0.98 0.15 -0.75 -1.00 -0.94 0.75 1.00 1.00 0.67 
 -1.00 -1.00 -1.00 -1.00 -1.00 0.65 1.00 1.00 1.00 1.00 0.93 -0.44 -1.00 -1.00 -1.00 -1.00 -0.81 -0.07 -0.07 -0.84 
 -1.00 -1.00 -1.00 -1.00 -1.00 0.65 1.00 1.00 1.00 1.00 -0.29 -1.00 -1.00 -1.00 -1.00 -1.00 -1.00 -1.00 -1.00 -1.00 
 -1.00 -1.00 -1.00 -1.00 -1.00 0.65 1.00 1.00 1.00 0.50 -0.99 -1.00 -1.00 -1.00 -1.00 -1.00 -1.00 -1.00 -1.00 -1.00 
 -1.00 -1.00 -1.00 -1.00 -1.00 0.65 1.00 1.00 1.00 -0.35 -1.00 -1.00 -1.00 -1.00 -1.00 -1.00 -1.00 -1.00 -1.00 -1.00 
 -1.00 -1.00 -1.00 -1.00 -1.00 0.65 1.00 1.00 0.98 -0.89 -1.00 -1.00 -1.00 -1.00 -1.00 -1.00 -1.00 -1.00 -1.00 -1.00 
 -1.00 -1.00 -1.00 -1.00 -1.00 0.65 1.00 1.00 0.77 -1.00 -1.00 -1.00 -1.00 -1.00 -1.00 -1.00 -1.00 -1.00 -1.00 -1.00 
 -1.00 -1.00 -1.00 -1.00 -1.00 0.65 1.00 1.00 0.66 -1.00 -1.00 -1.00 -1.00 -1.00 -1.00 -1.00 -1.00 -1.00 -1.00 -1.00 
 -1.00 -1.00 -1.00 -1.00 -1.00 0.65 1.00 1.00 0.65 -1.00 -1.00 -1.00 -1.00 -1.00 -1.00 -1.00 -1.00 -1.00 -1.00 -1.00 
 -1.00 -1.00 -1.00 -1.00 -1.00 0.65 1.00 1.00 0.65 -1.00 -1.00 -1.00 -1.00 -1.00 -1.00 -1.00 -1.00 -1.00 -1.00 -1.00 
 -1.00 -1.00 -1.00 -1.00 -1.00 0.65 1.00 1.00 0.65 -1.00 -1.00 -1.00 -1.00 -1.00 -1.00 -1.00 -1.00 -1.00 -1.00 -1.00 
 -1.00 -1.00 -1.00 -1.00 -1.00 0.65 1.00 1.00 0.65 -1.00 -1.00 -1.00 -1.00 -1.00 -1.00 -1.00 -1.00 -1.00 -1.00 -1.00 
 -0.64 0.02 0.08 0.08 0.08 0.84 1.00 1.00 0.84 0.08 0.08 0.08 0.08 0.06 -0.37 -1.00 -1.00 -1.00 -1.00 -1.00 
 0.81 1.00 1.00 1.00 1.00 1.00 1.00 1.00 1.00 1.00 1.00 1.00 1.00 1.00 1.00 -0.57 -1.00 -1.00 -1.00 -1.00 
 0.91 1.00 1.00 1.00 1.00 1.00 1.00 1.00 1.00 1.00 1.00 1.00 1.00 1.00 1.00 -0.44 -1.00 -1.00 -1.00 -1.00 
 -0.29 0.47 0.53 0.53 0.53 0.53 0.53 0.53 0.53 0.53 0.53 0.53 0.53 0.51 0.10 -0.96 -1.00 -1.00 -1.00 -1.00 
 