-1.00 -1.00 -1.00 -0.80 0.16 0.28 0.29 0.22 -0.59 -1.00 -1.00 -1.00 -0.75 0.07 0.65 0.95 0.29 -1.00 -1.00 -1.00 
 -1.00 -1.00 -1.00 -0.07 1.00 1.00 1.00 1.00 0.36 -1.00 -0.99 -0.07 0.95 1.00 1.00 1.00 0.44 -1.00 -1.00 -1.00 
 -1.00 -1.00 -1.00 -0.01 1.00 1.00 1.00 1.00 0.42 -0.99 0.19 1.00 1.00 1.00 1.00 1.00 0.44 -1.00 -1.00 -1.00 
 -1.00 -1.00 -1.00 -0.01 1.00 1.00 1.00 1.00 0.42 -0.15 1.00 1.00 1.00 1.00 1.00 1.00 0.39 -1.00 -1.00 -1.00 
 -1.00 -1.00 -1.00 -0.01 1.00 1.00 1.00 1.00 0.62 0.91 1.00 1.00 0.63 0.03 -0.38 -0.60 -0.85 -1.00 -1.00 -1.00 
 -1.00 -1.00 -1.00 -0.01 1.00 1.00 1.00 1.00 1.00 1.00 0.70 -0.49 -1.00 -1.00 -1.00 -1.00 -1.00 -1.00 -1.00 -1.00 
 -1.00 -1.00 -1.00 -0.01 1.00 1.00 1.00 1.00 1.00 0.68 -0.86 -1.00 -1.00 -1.00 -1.00 -1.00 -1.00 -1.00 -1.00 -1.00 
 -1.00 -1.00 -1.00 -0.01 1.00 1.00 1.00 1.00 1.00 -0.49 -1.00 -1.00 -1.00 -1.00 -1.00 -1.00 -1.00 -1.00 -1.00 -1.00 
 -1.00 -1.00 -1.00 -0.01 1.00 1.00 1.00 1.00 0.85 -0.99 -1.00 -1.00 -1.00 -1.00 -1.00 -1.00 -1.00 -1.00 -1.00 -1.00 
 -1.00 -1.00 -1.00 -0.01 1.00 1.00 1.00 1.00 0.66 -1.00 -1.00 -1.00 -1.00 -1.00 -1.00 -1.00 -1.00 -1.00 -1.00 -1.00 
 -1.00 -1.00 -1.00 -0.01 1.00 1.00 1.00 1.00 0.65 -1.00 -1.00 -1.00 -1.00 -1.00 -1.00 -1.00 -1.00 -1.00 -1.00 -1.00 
 -1.00 -1.00 -1.00 -0.01 1.00 1.00 1.00 1.00 0.65 -1.00 -1.00 -1.00 -1.00 -1.00 -1.00 -1.00 -1.00 -1.00 -1.00 -1.00 
 -1.00 -1.00 -1.00 -0.01 1.00 1.00 1.00 1.00 0.65 -1.00 -1.00 -1.00 -1.00 -1.00 -1.00 -1.00 -1.00 -1.00 -1.00 -1.00 
 -1.00 -1.00 -1.00 -0.01 1.00 1.00 1.00 1.00 0.65 -1.00 -1.00 -1.00 -1.00 -1.00 -1.00 -1.00 -1.00 -1.00 -1.00 -1.00 
 -1.00 -1.00 -1.00 -0.01 1.00 1.00 1.00 1.00 0.65 -1.00 -1.00 -1.00 -1.00 -1.00 -1.00 -1.00 -1.00 -1.00 -1.00 -1.00 
 -1.00 -1.00 -1.00 -0.01 1.00 1.00 1.00 1.00 0.65 -1.00 -1.00 -1.00 -1.00 -1.00 -1.00 -1.00 -1.00 -1.00 -1.00 -1.00 
 -1.00 -1.00 -1.00 -0.01 1.00 1.00 1.00 1.00 0.65 -1.00 -1.00 -1.00 -1.00 -1.00 -1.00 -1.00 -1.00 -1.00 -1.00 -1.00 
 -1.00 -1.00 -1.00 -0.01 1.00 1.00 1.00 1.00 0.65 -1.00 -1.00 -1.00 -1.00 -1.00 -1.00 -1.00 -1.00 -1.00 -1.00 -1.00 
 -1.00 -1.00 -1.00 -0.01 1.00 1.00 1.00 1.00 0.65 -1.00 -1.00 -1.00 -1.00 -1.00 -1.00 -1.00 -1.00 -1.00 -1.00 -1.00 
 -1.00 -1.00 -1.00 -0.27 1.00 1.00 1.00 1.00 0.37 -1.00 -1.00 -1.00 -1.00 -1.00 -1.00 -1.00 -1.00 -1.00 -1.00 -1.00 
 