-1.00 -1.00 -0.53 -0.08 0.08 0.25 0.41 0.58 0.74 0.89 -0.90 -1.00 -0.87 0.07 0.75 0.99 0.82 0.05 -0.95 -1.00 
 -1.00 -1.00 0.35 1.00 1.00 1.00 1.00 1.00 1.00 0.69 -1.00 -0.65 0.76 1.00 1.00 1.00 1.00 1.00 0.12 -1.00 
 -1.00 -1.00 -0.73 -0.62 -0.43 0.49 1.00 1.00 1.00 0.29 -0.73 0.83 0.95 0.33 0.81 1.00 1.00 1.00 0.90 -0.98 
 -1.00 -1.00 -1.00 -1.00 -1.00 -0.42 1.00 1.00 1.00 -0.04 0.65 0.81 -0.62 -1.00 0.03 1.00 1.00 1.00 0.98 -0.97 
 -1.00 -1.00 -1.00 -1.00 -1.00 -0.07 1.00 1.00 1.00 0.62 0.92 -0.62 -1.00 -1.00 -0.10 1.00 1.00 1.00 0.43 -1.00 
 -1.00 -1.00 -1.00 -1.00 -1.00 0.46 1.00 1.00 1.00 1.00 -0.22 -1.00 -1.00 -1.00 -0.88 0.30 0.74 0.33 -0.82 -1.00 
 -1.00 -1.00 -1.00 -1.00 -0.90 0.95 1.00 1.00 1.00 0.47 -0.99 -1.00 -1.00 -1.00 -1.00 -1.00 -1.00 -1.00 -1.00 -1.00 
 -1.00 -1.00 -1.00 -1.00 -0.36 1.00 1.00 1.00 0.97 -0.68 -1.00 -1.00 -1.00 -1.00 -1.00 -1.00 -1.00 -1.00 -1.00 -1.00 
 -1.00 -1.00 -1.00 -1.00 0.23 1.00 1.00 1.00 0.23 -1.00 -1.00 -1.00 -1.00 -1.00 -1.00 -1.00 -1.00 -1.00 -1.00 -1.00 
 -1.00 -1.00 -1.00 -0.98 0.81 1.00 1.00 0.98 -0.72 -1.00 -1.00 -1.00 -1.00 -1.00 -1.00 -1.00 -1.00 -1.00 -1.00 -1.00 
 -1.00 -1.00 -1.00 -0.58 1.00 1.00 1.00 0.38 -1.00 -1.00 -1.00 -1.00 -1.00 -1.00 -1.00 -1.00 -1.00 -1.00 -1.00 -1.00 
 -1.00 -1.00 -1.00 0.00 1.00 1.00 1.00 -0.41 -1.00 -1.00 -1.00 -1.00 -1.00 -1.00 -1.00 -1.00 -1.00 -1.00 -1.00 -1.00 
 -1.00 -1.00 -1.00 0.60 1.00 1.00 0.85 -0.96 -1.00 -1.00 -1.00 -1.00 -1.00 -1.00 -1.00 -1.00 -1.00 -1.00 -1.00 -1.00 
 -1.00 -1.00 -0.80 0.99 1.00 1.00 0.26 -1.00 -1.00 -1.00 -1.00 -1.00 -1.00 -1.00 -1.00 -1.00 -1.00 -1.00 -1.00 -1.00 
 -1.00 -1.00 -0.22 1.00 1.00 1.00 -0.33 -1.00 -1.00 -1.00 -1.00 -1.00 -1.00 -1.00 -1.00 -1.00 -1.00 -1.00 -1.00 -1.00 
 -1.00 -1.00 0.38 1.00 1.00 0.96 -0.88 -1.00 -1.00 -1.00 -1.00 -1.00 -1.00 -1.00 -1.00 -1.00 -1.00 -1.00 -1.00 -1.00 
 -1.00 -0.94 0.91 1.00 1.00 0.47 -1.00 -1.00 -1.00 -1.00 -1.00 -1.00 -1.00 -1.00 -1.00 -1.00 -1.00 -1.00 -1.00 -1.00 
 -1.00 -0.44 1.00 1.00 1.00 -0.11 -1.00 -1.00 -1.00 -1.00 -1.00 -1.00 -1.00 -1.00 -1.00 -1.00 -1.00 -1.00 -1.00 -1.00 
 -1.00 0.15 1.00 1.00 1.00 -0.71 -1.00 -1.00 -1.00 -1.00 -1.00 -1.00 -1.00 -1.00 -1.00 -1.00 -1.00 -1.00 -1.00 -1.00 
 -0.99 0.75 1.00 1.00 0.69 -1.00 -1.00 -1.00 -1.00 -1.00 -1.00 -1.00 -1.00 -1.00 -1.00 -1.00 -1.00 -1.00 -1.00 -1.00 
 