-1.00 -1.00 -1.00 -1.00 -0.83 -0.38 0.06 0.51 0.92 -0.36 -1.00 -1.00 -0.93 -0.07 0.68 0.96 0.63 -0.62 -1.00 -1.00 
 -1.00 -1.00 -0.15 0.73 1.00 1.00 1.00 1.00 1.00 -0.83 -1.00 -0.64 0.70 1.00 1.00 1.00 1.00 0.55 -1.00 -1.00 
 -1.00 -1.00 -0.36 0.32 0.69 0.98 1.00 1.00 0.70 -1.00 -0.51 0.90 1.00 0.68 1.00 1.00 1.00 0.74 -1.00 -1.00 
 -1.00 -1.00 -1.00 -1.00 -1.00 -0.41 1.00 1.00 0.23 -0.60 0.91 0.48 -0.62 -0.95 0.77 1.00 1.00 0.17 -1.00 -1.00 
 -1.00 -1.00 -1.00 -1.00 -1.00 -0.04 1.00 1.00 -0.04 0.79 -0.05 -0.99 -1.00 -1.00 -0.18 0.78 0.18 -0.91 -1.00 -1.00 
 -1.00 -1.00 -1.00 -1.00 -1.00 0.36 1.00 1.00 0.75 -0.00 -1.00 -1.00 -1.00 -1.00 -1.00 -1.00 -1.00 -1.00 -1.00 -1.00 
 -1.00 -1.00 -1.00 -1.00 -1.00 0.77 1.00 1.00 0.63 -0.98 -1.00 -1.00 -1.00 -1.00 -1.00 -1.00 -1.00 -1.00 -1.00 -1.00 
 -1.00 -1.00 -1.00 -1.00 -0.82 1.00 1.00 1.00 -0.29 -1.00 -1.00 -1.00 -1.00 -1.00 -1.00 -1.00 -1.00 -1.00 -1.00 -1.00 
 -1.00 -1.00 -1.00 -1.00 -0.42 1.00 1.00 0.94 -0.91 -1.00 -1.00 -1.00 -1.00 -1.00 -1.00 -1.00 -1.00 -1.00 -1.00 -1.00 
 -1.00 -1.00 -1.00 -1.00 -0.01 1.00 1.00 0.52 -1.00 -1.00 -1.00 -1.00 -1.00 -1.00 -1.00 -1.00 -1.00 -1.00 -1.00 -1.00 
 -1.00 -1.00 -1.00 -1.00 0.40 1.00 1.00 0.13 -1.00 -1.00 -1.00 -1.00 -1.00 -1.00 -1.00 -1.00 -1.00 -1.00 -1.00 -1.00 
 -1.00 -1.00 -1.00 -0.99 0.80 1.00 1.00 -0.22 -1.00 -1.00 -1.00 -1.00 -1.00 -1.00 -1.00 -1.00 -1.00 -1.00 -1.00 -1.00 
 -1.00 -1.00 -1.00 -0.80 1.00 1.00 1.00 -0.57 -1.00 -1.00 -1.00 -1.00 -1.00 -1.00 -1.00 -1.00 -1.00 -1.00 -1.00 -1.00 
 -1.00 -1.00 -1.00 -0.39 1.00 1.00 0.99 -0.91 -1.00 -1.00 -1.00 -1.00 -1.00 -1.00 -1.00 -1.00 -1.00 -1.00 -1.00 -1.00 
 -1.00 -1.00 -1.00 0.01 1.00 1.00 0.73 -1.00 -1.00 -1.00 -1.00 -1.00 -1.00 -1.00 -1.00 -1.00 -1.00 -1.00 -1.00 -1.00 
 -1.00 -1.00 -1.00 0.42 1.00 1.00 0.39 -1.00 -1.00 -1.00 -1.00 -1.00 -1.00 -1.00 -1.00 -1.00 -1.00 -1.00 -1.00 -1.00 
 -1.00 -1.00 -0.99 0.83 1.00 1.00 0.04 -1.00 -1.00 -1.00 -1.00 -1.00 -1.00 -1.00 -1.00 -1.00 -1.00 -1.00 -1.00 -1.00 
 -1.00 -1.00 -0.77 1.00 1.00 1.00 -0.31 -1.00 -1.00 -1.00 -1.00 -1.00 -1.00 -1.00 -1.00 -1.00 -1.00 -1.00 -1.00 -1.00 
 -1.00 -1.00 -0.36 1.00 1.00 1.00 -0.66 -1.00 -1.00 -1.00 -1.00 -1.00 -1.00 -1.00 -1.00 -1.00 -1.00 -1.00 -1.00 -1.00 
 -1.00 -1.00 0.04 1.00 1.00 0.95 -0.96 -1.00 -1.00 -1.00 -1.00 -1.00 -1.00 -1.00 -1.00 -1.00 -1.00 -1.00 -1.00 -1.00 
 