0.00 0.00 0.00 0.00 0.04 0.20 0.24 0.48 0.68 0.88 0.96 0.16 0.00 0.00 0.24 0.76 1.00 0.80 0.12 0.00 
 0.00 0.00 0.00 0.40 0.84 1.00 1.00 1.00 1.00 1.00 0.80 0.00 0.00 0.24 0.96 1.00 1.00 1.00 0.64 0.00 
 0.00 0.00 0.00 0.08 0.28 0.88 1.00 1.00 1.00 1.00 0.60 0.00 0.08 0.84 1.00 1.00 1.00 1.00 0.80 0.00 
 0.00 0.00 0.00 0.00 0.00 0.60 1.00 1.00 1.00 1.00 0.36 0.00 0.52 1.00 1.00 1.00 1.00 1.00 0.76 0.00 
 0.00 0.00 0.00 0.00 0.00 0.68 1.00 1.00 1.00 0.88 0.08 0.20 0.96 1.00 1.00 1.00 1.00 1.00 0.52 0.00 
 0.00 0.00 0.00 0.00 0.12 0.92 1.00 1.00 1.00 0.76 0.04 0.68 0.88 0.36 0.52 1.00 1.00 0.92 0.16 0.00 
 0.00 0.00 0.00 0.00 0.20 1.00 1.00 1.00 1.00 0.56 0.24 0.96 0.28 0.00 0.08 0.72 0.80 0.40 0.00 0.00 
 0.00 0.00 0.00 0.00 0.40 1.00 1.00 1.00 1.00 0.32 0.68 0.56 0.00 0.00 0.00 0.00 0.00 0.00 0.00 0.00 
 0.00 0.00 0.00 0.00 0.64 1.00 1.00 1.00 0.84 0.28 0.88 0.08 0.00 0.00 0.00 0.00 0.00 0.00 0.00 0.00 
 0.00 0.00 0.00 0.08 0.88 1.00 1.00 1.00 0.80 0.68 0.52 0.00 0.00 0.00 0.00 0.00 0.00 0.00 0.00 0.00 
 0.00 0.00 0.00 0.20 1.00 1.00 1.00 1.00 0.72 0.88 0.08 0.00 0.00 0.00 0.00 0.00 0.00 0.00 0.00 0.00 
 0.00 0.00 0.00 0.40 1.00 1.00 1.00 0.96 0.84 0.64 0.00 0.00 0.00 0.00 0.00 0.00 0.00 0.00 0.00 0.00 
 0.00 0.00 0.00 0.64 1.00 1.00 1.00 0.96 0.88 0.16 0.00 0.00 0.00 0.00 0.00 0.00 0.00 0.00 0.00 0.00 
 0.00 0.00 0.08 0.88 1.00 1.00 1.00 1.00 0.72 0.00 0.00 0.00 0.00 0.00 0.00 0.00 0.00 0.00 0.00 0.00 
 0.00 0.00 0.20 1.00 1.00 1.00 1.00 1.00 0.40 0.00 0.00 0.00 0.00 0.00 0.00 0.00 0.00 0.00 0.00 0.00 
 0.00 0.00 0.40 1.00 1.00 1.00 1.00 0.88 0.08 0.00 0.00 0.00 0.00 0.00 0.00 0.00 0.00 0.00 0.00 0.00 
 0.00 0.00 0.64 1.00 1.00 1.00 1.00 0.72 0.00 0.00 0.00 0.00 0.00 0.00 0.00 0.00 0.00 0.00 0.00 0.00 
 0.00 0.08 0.88 1.00 1.00 1.00 1.00 0.48 0.00 0.00 0.00 0.00 0.00 0.00 0.00 0.00 0.00 0.00 0.00 0.00 
 0.00 0.20 1.00 1.00 1.00 1.00 0.96 0.20 0.00 0.00 0.00 0.00 0.00 0.00 0.00 0.00 0.00 0.00 0.00 0.00 
 0.00 0.36 1.00 1.00 1.00 1.00 0.80 0.00 0.00 0.00 0.00 0.00 0.00 0.00 0.00 0.00 0.00 0.00 0.00 0.00 
 