0.00 0.00 0.00 0.00 0.00 0.00 0.00 0.02 0.38 0.56 0.88 0.64 0.28 0.09 0.02 0.00 0.00 0.00 0.00 0.00 
 0.00 0.00 0.00 0.00 0.00 0.00 0.04 0.75 1.00 1.00 1.00 1.00 1.00 0.99 0.86 0.66 0.63 0.21 0.00 0.00 
 0.00 0.00 0.00 0.00 0.00 0.00 0.13 1.00 1.00 1.00 0.88 0.84 0.65 0.59 0.70 0.89 1.00 0.46 0.00 0.00 
 0.00 0.00 0.00 0.00 0.00 0.00 0.31 1.00 1.00 0.92 0.01 0.00 0.00 0.00 0.02 0.63 0.82 0.06 0.00 0.00 
 0.00 0.00 0.00 0.00 0.00 0.23 0.94 0.88 1.00 0.61 0.00 0.00 0.00 0.14 0.69 0.63 0.03 0.00 0.00 0.00 
 0.00 0.00 0.00 0.00 0.00 0.20 0.33 0.28 1.00 0.22 0.00 0.04 0.47 0.87 0.40 0.00 0.00 0.00 0.00 0.00 
 0.00 0.00 0.00 0.00 0.00 0.00 0.00 0.16 0.88 0.14 0.68 0.83 0.57 0.09 0.00 0.00 0.00 0.00 0.00 0.00 
 0.00 0.00 0.00 0.00 0.00 0.00 0.00 0.38 0.79 0.85 1.00 0.60 0.00 0.00 0.00 0.00 0.00 0.00 0.00 0.00 
 0.00 0.00 0.00 0.00 0.00 0.00 0.00 0.57 1.00 1.00 1.00 0.73 0.00 0.00 0.00 0.00 0.00 0.00 0.00 0.00 
 0.00 0.00 0.00 0.00 0.00 0.00 0.04 0.93 0.29 0.78 1.00 0.93 0.04 0.00 0.00 0.00 0.00 0.00 0.00 0.00 
 0.00 0.00 0.00 0.00 0.00 0.00 0.17 0.85 0.00 0.52 1.00 1.00 0.56 0.00 0.00 0.00 0.00 0.00 0.00 0.00 
 0.00 0.00 0.00 0.00 0.00 0.00 0.36 0.71 0.00 0.15 0.92 1.00 0.98 0.25 0.00 0.00 0.00 0.00 0.00 0.00 
 0.00 0.00 0.00 0.00 0.00 0.00 0.55 0.51 0.00 0.00 0.18 0.72 1.00 0.87 0.05 0.00 0.00 0.00 0.00 0.00 
 0.00 0.00 0.00 0.00 0.00 0.00 0.76 0.43 0.00 0.00 0.00 0.04 0.47 0.89 0.88 0.33 0.14 0.00 0.00 0.00 
 0.00 0.00 0.00 0.00 0.00 0.04 0.91 0.31 0.00 0.00 0.00 0.00 0.00 0.08 0.58 0.98 1.00 0.70 0.08 0.00 
 0.00 0.00 0.00 0.00 0.00 0.20 1.00 0.13 0.00 0.00 0.00 0.00 0.00 0.00 0.00 0.27 0.75 0.92 0.30 0.00 
 0.00 0.00 0.00 0.00 0.00 0.40 0.88 0.00 0.00 0.00 0.00 0.00 0.00 0.00 0.00 0.00 0.00 0.01 0.00 0.00 
 0.00 0.00 0.00 0.00 0.00 0.70 0.54 0.00 0.00 0.00 0.00 0.00 0.00 0.00 0.00 0.00 0.00 0.00 0.00 0.00 
 0.00 0.00 0.00 0.41 0.65 0.94 0.15 0.00 0.00 0.00 0.00 0.00 0.00 0.00 0.00 0.00 0.00 0.00 0.00 0.00 
 0.00 0.00 0.09 0.95 1.00 0.44 0.00 0.00 0.00 0.00 0.00 0.00 0.00 0.00 0.00 0.00 0.00 0.00 0.00 0.00 
 