0.00 0.27 0.94 1.00 1.00 1.00 1.00 1.00 1.00 1.00 0.95 0.83 0.62 0.27 0.02 0.00 0.00 0.00 0.00 0.00 
 0.00 0.00 0.10 0.89 1.00 1.00 0.57 0.33 0.33 0.38 0.58 0.91 1.00 1.00 0.68 0.05 0.00 0.00 0.00 0.00 
 0.00 0.00 0.00 0.61 1.00 1.00 0.33 0.00 0.00 0.00 0.00 0.10 0.82 1.00 1.00 0.60 0.00 0.00 0.00 0.00 
 0.00 0.00 0.00 0.56 1.00 1.00 0.33 0.00 0.00 0.00 0.00 0.00 0.22 1.00 1.00 0.94 0.05 0.00 0.00 0.00 
 0.00 0.00 0.00 0.56 1.00 1.00 0.33 0.00 0.00 0.00 0.00 0.00 0.03 0.89 1.00 1.00 0.21 0.00 0.00 0.00 
 0.00 0.00 0.00 0.56 1.00 1.00 0.33 0.00 0.00 0.00 0.00 0.00 0.00 0.78 1.00 1.00 0.22 0.00 0.00 0.00 
 0.00 0.00 0.00 0.56 1.00 1.00 0.33 0.00 0.00 0.00 0.00 0.00 0.00 0.83 1.00 0.99 0.16 0.00 0.00 0.00 
 0.00 0.00 0.00 0.56 1.00 1.00 0.33 0.00 0.00 0.00 0.00 0.00 0.10 0.98 1.00 0.84 0.00 0.00 0.00 0.00 
 0.00 0.00 0.00 0.56 1.00 1.00 0.33 0.00 0.00 0.00 0.00 0.00 0.45 1.00 0.99 0.37 0.00 0.00 0.00 0.00 
 0.00 0.00 0.00 0.56 1.00 1.00 0.33 0.00 0.00 0.00 0.03 0.37 0.96 0.99 0.52 0.00 0.00 0.00 0.00 0.00 
 0.00 0.00 0.00 0.56 1.00 1.00 0.71 0.56 0.56 0.64 0.87 0.99 0.79 0.29 0.00 0.00 0.00 0.00 0.00 0.00 
 0.00 0.00 0.00 0.56 1.00 1.00 0.85 0.78 0.79 0.94 1.00 0.90 0.27 0.00 0.00 0.00 0.00 0.00 0.00 0.00 
 0.00 0.00 0.00 0.56 1.00 1.00 0.33 0.00 0.00 0.10 0.82 1.00 0.98 0.35 0.00 0.00 0.00 0.00 0.00 0.00 
 0.00 0.00 0.00 0.56 1.00 1.00 0.33 0.00 0.00 0.00 0.20 0.99 1.00 0.94 0.14 0.00 0.00 0.00 0.00 0.00 
 0.00 0.00 0.00 0.56 1.00 1.00 0.33 0.00 0.00 0.00 0.00 0.60 1.00 1.00 0.68 0.00 0.00 0.00 0.00 0.00 
 0.00 0.00 0.00 0.56 1.00 1.00 0.33 0.00 0.00 0.00 0.00 0.14 0.96 1.00 0.98 0.24 0.00 0.00 0.00 0.00 
 0.00 0.00 0.00 0.56 1.00 1.00 0.33 0.00 0.00 0.00 0.00 0.00 0.52 1.00 1.00 0.76 0.02 0.00 0.00 0.00 
 0.00 0.00 0.00 0.56 1.00 1.00 0.33 0.00 0.00 0.00 0.00 0.00 0.10 0.95 1.00 1.00 0.33 0.00 0.00 0.00 
 0.00 0.00 0.00 0.64 1.00 1.00 0.38 0.00 0.00 0.00 0.00 0.00 0.00 0.48 1.00 1.00 0.87 0.06 0.00 0.00 
 0.00 0.02 0.29 0.94 1.00 1.00 0.79 0.15 0.00 0.00 0.00 0.00 0.00 0.06 0.89 1.00 1.00 0.74 0.13 0.00 
 