0.39 1.00 1.00 1.00 1.00 1.00 1.00 1.00 1.00 1.00 1.00 0.88 0.60 0.20 0.00 0.00 0.00 0.00 0.00 0.00 
 0.09 0.38 0.38 0.77 0.85 0.38 0.38 0.38 0.38 0.38 0.39 0.56 0.88 0.97 0.42 0.00 0.00 0.00 0.00 0.00 
 0.00 0.00 0.00 0.63 0.75 0.00 0.00 0.00 0.00 0.00 0.00 0.00 0.05 0.58 0.99 0.39 0.00 0.00 0.00 0.00 
 0.00 0.00 0.00 0.63 0.75 0.00 0.00 0.00 0.00 0.00 0.00 0.00 0.00 0.02 0.61 0.93 0.08 0.00 0.00 0.00 
 0.00 0.00 0.00 0.63 0.75 0.00 0.00 0.00 0.00 0.00 0.00 0.00 0.00 0.00 0.13 0.99 0.38 0.00 0.00 0.00 
 0.00 0.00 0.00 0.63 0.75 0.00 0.00 0.00 0.00 0.00 0.00 0.00 0.00 0.00 0.02 0.89 0.50 0.00 0.00 0.00 
 0.00 0.00 0.00 0.63 0.75 0.00 0.00 0.00 0.00 0.00 0.00 0.00 0.00 0.00 0.17 1.00 0.36 0.00 0.00 0.00 
 0.00 0.00 0.00 0.63 0.75 0.00 0.00 0.00 0.00 0.00 0.00 0.00 0.00 0.06 0.72 0.88 0.05 0.00 0.00 0.00 
 0.00 0.00 0.00 0.63 0.75 0.00 0.00 0.00 0.00 0.00 0.00 0.02 0.24 0.80 0.94 0.27 0.00 0.00 0.00 0.00 
 0.00 0.00 0.00 0.63 0.85 0.38 0.38 0.38 0.38 0.41 0.55 0.82 0.99 0.77 0.20 0.00 0.00 0.00 0.00 0.00 
 0.00 0.00 0.00 0.63 0.97 0.88 0.88 0.88 0.88 0.94 1.00 0.89 0.28 0.00 0.00 0.00 0.00 0.00 0.00 0.00 
 0.00 0.00 0.00 0.63 0.75 0.00 0.00 0.00 0.00 0.11 0.64 0.99 0.60 0.03 0.00 0.00 0.00 0.00 0.00 0.00 
 0.00 0.00 0.00 0.63 0.75 0.00 0.00 0.00 0.00 0.00 0.00 0.39 0.97 0.66 0.02 0.00 0.00 0.00 0.00 0.00 
 0.00 0.00 0.00 0.63 0.75 0.00 0.00 0.00 0.00 0.00 0.00 0.00 0.35 0.99 0.47 0.00 0.00 0.00 0.00 0.00 
 0.00 0.00 0.00 0.63 0.75 0.00 0.00 0.00 0.00 0.00 0.00 0.00 0.00 0.55 0.96 0.17 0.00 0.00 0.00 0.00 
 0.00 0.00 0.00 0.63 0.75 0.00 0.00 0.00 0.00 0.00 0.00 0.00 0.00 0.05 0.83 0.77 0.02 0.00 0.00 0.00 
 0.00 0.00 0.00 0.63 0.75 0.00 0.00 0.00 0.00 0.00 0.00 0.00 0.00 0.00 0.24 0.99 0.41 0.00 0.00 0.00 
 0.00 0.00 0.00 0.63 0.75 0.00 0.00 0.00 0.00 0.00 0.00 0.00 0.00 0.00 0.00 0.60 0.89 0.06 0.00 0.00 
 0.11 0.38 0.38 0.77 0.85 0.38 0.38 0.36 0.06 0.00 0.00 0.00 0.00 0.00 0.00 0.11 0.94 0.66 0.36 0.09 
 0.39 1.00 1.00 1.00 1.00 1.00 1.00 0.99 0.27 0.00 0.00 0.00 0.00 0.00 0.00 0.00 0.47 1.00 0.99 0.39 
 