0.50 1.00 1.00 1.00 1.00 1.00 1.00 1.00 1.00 1.00 0.99 0.83 0.53 0.13 0.00 0.00 0.00 0.00 0.00 0.00 
 0.13 0.38 0.38 0.85 0.77 0.38 0.38 0.38 0.38 0.38 0.41 0.61 0.91 0.96 0.35 0.00 0.00 0.00 0.00 0.00 
 0.00 0.00 0.00 0.75 0.63 0.00 0.00 0.00 0.00 0.00 0.00 0.00 0.08 0.66 0.97 0.31 0.00 0.00 0.00 0.00 
 0.00 0.00 0.00 0.75 0.63 0.00 0.00 0.00 0.00 0.00 0.00 0.00 0.00 0.02 0.66 0.88 0.03 0.00 0.00 0.00 
 0.00 0.00 0.00 0.75 0.63 0.00 0.00 0.00 0.00 0.00 0.00 0.00 0.00 0.00 0.17 1.00 0.27 0.00 0.00 0.00 
 0.00 0.00 0.00 0.75 0.63 0.00 0.00 0.00 0.00 0.00 0.00 0.00 0.00 0.00 0.13 1.00 0.38 0.00 0.00 0.00 
 0.00 0.00 0.00 0.75 0.63 0.00 0.00 0.00 0.00 0.00 0.00 0.00 0.00 0.00 0.25 1.00 0.25 0.00 0.00 0.00 
 0.00 0.00 0.00 0.75 0.63 0.00 0.00 0.00 0.00 0.00 0.00 0.00 0.00 0.08 0.82 0.82 0.02 0.00 0.00 0.00 
 0.00 0.00 0.00 0.75 0.63 0.00 0.00 0.00 0.00 0.00 0.00 0.03 0.28 0.85 0.91 0.22 0.00 0.00 0.00 0.00 
 0.00 0.00 0.00 0.75 0.77 0.38 0.38 0.38 0.38 0.42 0.60 0.86 0.99 0.72 0.14 0.00 0.00 0.00 0.00 0.00 
 0.00 0.00 0.00 0.75 0.96 0.88 0.88 0.88 0.88 0.96 1.00 0.82 0.24 0.00 0.00 0.00 0.00 0.00 0.00 0.00 
 0.00 0.00 0.00 0.75 0.63 0.00 0.00 0.00 0.00 0.17 0.74 0.99 0.52 0.02 0.00 0.00 0.00 0.00 0.00 0.00 
 0.00 0.00 0.00 0.75 0.63 0.00 0.00 0.00 0.00 0.00 0.02 0.52 0.99 0.53 0.00 0.00 0.00 0.00 0.00 0.00 
 0.00 0.00 0.00 0.75 0.63 0.00 0.00 0.00 0.00 0.00 0.00 0.00 0.49 0.99 0.38 0.00 0.00 0.00 0.00 0.00 
 0.00 0.00 0.00 0.75 0.63 0.00 0.00 0.00 0.00 0.00 0.00 0.00 0.02 0.64 0.93 0.14 0.00 0.00 0.00 0.00 
 0.00 0.00 0.00 0.75 0.63 0.00 0.00 0.00 0.00 0.00 0.00 0.00 0.00 0.08 0.86 0.72 0.02 0.00 0.00 0.00 
 0.00 0.00 0.00 0.75 0.63 0.00 0.00 0.00 0.00 0.00 0.00 0.00 0.00 0.00 0.30 1.00 0.35 0.00 0.00 0.00 
 0.00 0.00 0.00 0.75 0.63 0.00 0.00 0.00 0.00 0.00 0.00 0.00 0.00 0.00 0.02 0.69 0.85 0.05 0.00 0.00 
 0.14 0.38 0.38 0.85 0.77 0.38 0.38 0.33 0.03 0.00 0.00 0.00 0.00 0.00 0.00 0.16 0.96 0.63 0.38 0.14 
 0.52 1.00 1.00 1.00 1.00 1.00 1.00 0.96 0.17 0.00 0.00 0.00 0.00 0.00 0.00 0.00 0.53 1.00 1.00 0.52 
 