0.50 0.61 0.92 1.00 1.00 1.00 1.00 1.00 1.00 0.97 0.84 0.73 0.45 0.11 0.00 0.00 0.00 0.00 0.00 0.00 
 0.00 0.00 0.28 1.00 1.00 0.92 0.36 0.20 0.17 0.31 0.67 0.97 1.00 0.92 0.31 0.00 0.00 0.00 0.00 0.00 
 0.00 0.00 0.17 1.00 1.00 0.84 0.00 0.00 0.00 0.00 0.00 0.45 1.00 1.00 0.95 0.28 0.00 0.00 0.00 0.00 
 0.00 0.00 0.17 1.00 1.00 0.84 0.00 0.00 0.00 0.00 0.00 0.03 0.75 1.00 1.00 0.78 0.00 0.00 0.00 0.00 
 0.00 0.00 0.17 1.00 1.00 0.84 0.00 0.00 0.00 0.00 0.00 0.00 0.42 1.00 1.00 0.95 0.11 0.00 0.00 0.00 
 0.00 0.00 0.17 1.00 1.00 0.84 0.00 0.00 0.00 0.00 0.00 0.00 0.33 1.00 1.00 1.00 0.17 0.00 0.00 0.00 
 0.00 0.00 0.17 1.00 1.00 0.84 0.00 0.00 0.00 0.00 0.00 0.00 0.47 1.00 1.00 0.89 0.06 0.00 0.00 0.00 
 0.00 0.00 0.17 1.00 1.00 0.84 0.00 0.00 0.00 0.00 0.00 0.06 0.84 1.00 1.00 0.64 0.00 0.00 0.00 0.00 
 0.00 0.00 0.17 1.00 1.00 0.84 0.00 0.00 0.00 0.00 0.06 0.58 1.00 1.00 0.81 0.09 0.00 0.00 0.00 0.00 
 0.00 0.00 0.17 1.00 1.00 0.86 0.17 0.17 0.20 0.42 0.84 1.00 0.95 0.64 0.09 0.00 0.00 0.00 0.00 0.00 
 0.00 0.00 0.17 1.00 1.00 0.97 0.84 0.84 0.97 1.00 0.97 0.56 0.14 0.00 0.00 0.00 0.00 0.00 0.00 0.00 
 0.00 0.00 0.17 1.00 1.00 0.84 0.00 0.00 0.53 1.00 1.00 0.73 0.03 0.00 0.00 0.00 0.00 0.00 0.00 0.00 
 0.00 0.00 0.17 1.00 1.00 0.84 0.00 0.00 0.06 0.78 1.00 1.00 0.47 0.00 0.00 0.00 0.00 0.00 0.00 0.00 
 0.00 0.00 0.17 1.00 1.00 0.84 0.00 0.00 0.00 0.20 0.95 1.00 0.95 0.20 0.00 0.00 0.00 0.00 0.00 0.00 
 0.00 0.00 0.17 1.00 1.00 0.84 0.00 0.00 0.00 0.00 0.39 1.00 1.00 0.78 0.06 0.00 0.00 0.00 0.00 0.00 
 0.00 0.00 0.17 1.00 1.00 0.84 0.00 0.00 0.00 0.00 0.03 0.64 1.00 1.00 0.58 0.00 0.00 0.00 0.00 0.00 
 0.00 0.00 0.17 1.00 1.00 0.84 0.00 0.00 0.00 0.00 0.00 0.09 0.86 1.00 0.97 0.31 0.00 0.00 0.00 0.00 
 0.00 0.00 0.17 1.00 1.00 0.84 0.00 0.00 0.00 0.00 0.00 0.00 0.25 0.97 1.00 0.89 0.14 0.00 0.00 0.00 
 0.00 0.00 0.17 1.00 1.00 0.92 0.09 0.00 0.00 0.00 0.00 0.00 0.00 0.50 1.00 1.00 0.81 0.11 0.00 0.00 
 0.00 0.03 0.50 1.00 1.00 1.00 0.47 0.00 0.00 0.00 0.00 0.00 0.00 0.06 0.78 1.00 1.00 0.86 0.33 0.03 
 