0.00 0.00 0.00 0.00 0.06 0.43 0.43 0.43 0.43 0.43 0.29 0.00 0.00 0.18 0.53 0.80 0.96 1.00 0.94 0.78 
 0.00 0.00 0.00 0.00 0.18 1.00 1.00 1.00 1.00 1.00 0.53 0.06 0.57 0.98 1.00 1.00 1.00 1.00 1.00 1.00 
 0.00 0.00 0.00 0.00 0.37 1.00 1.00 1.00 1.00 1.00 0.43 0.76 1.00 1.00 1.00 1.00 1.00 1.00 1.00 1.00 
 0.00 0.00 0.00 0.00 0.57 1.00 1.00 1.00 1.00 1.00 0.80 1.00 1.00 1.00 1.00 1.00 1.00 1.00 1.00 1.00 
 0.00 0.00 0.00 0.00 0.78 1.00 1.00 1.00 1.00 1.00 1.00 1.00 1.00 0.98 0.86 0.86 0.86 0.88 1.00 1.00 
 0.00 0.00 0.00 0.11 0.96 1.00 1.00 1.00 1.00 1.00 1.00 0.92 0.53 0.16 0.00 0.00 0.00 0.02 0.27 0.69 
 0.00 0.00 0.00 0.18 1.00 1.00 1.00 1.00 1.00 1.00 0.88 0.18 0.00 0.00 0.00 0.00 0.00 0.00 0.00 0.00 
 0.00 0.00 0.00 0.37 1.00 1.00 1.00 1.00 1.00 0.96 0.25 0.00 0.00 0.00 0.00 0.00 0.00 0.00 0.00 0.00 
 0.00 0.00 0.00 0.57 1.00 1.00 1.00 1.00 1.00 0.67 0.00 0.00 0.00 0.00 0.00 0.00 0.00 0.00 0.00 0.00 
 0.00 0.00 0.00 0.76 1.00 1.00 1.00 1.00 0.98 0.23 0.00 0.00 0.00 0.00 0.00 0.00 0.00 0.00 0.00 0.00 
 0.00 0.00 0.08 0.94 1.00 1.00 1.00 1.00 0.84 0.00 0.00 0.00 0.00 0.00 0.00 0.00 0.00 0.00 0.00 0.00 
 0.00 0.00 0.16 1.00 1.00 1.00 1.00 1.00 0.64 0.00 0.00 0.00 0.00 0.00 0.00 0.00 0.00 0.00 0.00 0.00 
 0.00 0.00 0.35 1.00 1.00 1.00 1.00 1.00 0.43 0.00 0.00 0.00 0.00 0.00 0.00 0.00 0.00 0.00 0.00 0.00 
 0.00 0.00 0.55 1.00 1.00 1.00 1.00 1.00 0.23 0.00 0.00 0.00 0.00 0.00 0.00 0.00 0.00 0.00 0.00 0.00 
 0.00 0.00 0.76 1.00 1.00 1.00 1.00 0.90 0.04 0.00 0.00 0.00 0.00 0.00 0.00 0.00 0.00 0.00 0.00 0.00 
 0.00 0.08 0.94 1.00 1.00 1.00 1.00 0.82 0.00 0.00 0.00 0.00 0.00 0.00 0.00 0.00 0.00 0.00 0.00 0.00 
 0.00 0.16 1.00 1.00 1.00 1.00 1.00 0.65 0.00 0.00 0.00 0.00 0.00 0.00 0.00 0.00 0.00 0.00 0.00 0.00 
 0.00 0.33 1.00 1.00 1.00 1.00 1.00 0.45 0.00 0.00 0.00 0.00 0.00 0.00 0.00 0.00 0.00 0.00 0.00 0.00 
 0.00 0.51 1.00 1.00 1.00 1.00 1.00 0.25 0.00 0.00 0.00 0.00 0.00 0.00 0.00 0.00 0.00 0.00 0.00 0.00 
 0.00 0.72 1.00 1.00 1.00 1.00 0.92 0.06 0.00 0.00 0.00 0.00 0.00 0.00 0.00 0.00 0.00 0.00 0.00 0.00 
 