0.00 0.00 0.00 0.00 0.00 0.11 0.74 0.81 0.90 0.93 1.00 1.00 0.93 0.79 0.54 0.18 0.00 0.00 0.00 0.00 
 0.00 0.00 0.00 0.00 0.00 0.33 1.00 1.00 1.00 1.00 1.00 1.00 1.00 1.00 1.00 0.99 0.52 0.01 0.00 0.00 
 0.00 0.00 0.00 0.00 0.00 0.51 1.00 1.00 1.00 1.00 1.00 1.00 1.00 1.00 1.00 1.00 1.00 0.44 0.00 0.00 
 0.00 0.00 0.00 0.00 0.00 0.69 1.00 1.00 0.94 0.32 0.20 0.25 0.42 0.77 1.00 1.00 1.00 0.86 0.00 0.00 
 0.00 0.00 0.00 0.00 0.01 0.88 1.00 1.00 0.78 0.00 0.00 0.00 0.00 0.02 0.80 1.00 1.00 0.98 0.08 0.00 
 0.00 0.00 0.00 0.00 0.11 1.00 1.00 1.00 0.59 0.00 0.00 0.00 0.00 0.00 0.52 1.00 1.00 0.98 0.08 0.00 
 0.00 0.00 0.00 0.00 0.26 1.00 1.00 1.00 0.41 0.00 0.00 0.00 0.00 0.00 0.61 1.00 1.00 0.88 0.00 0.00 
 0.00 0.00 0.00 0.00 0.44 1.00 1.00 1.00 0.22 0.00 0.00 0.00 0.00 0.15 0.94 1.00 1.00 0.62 0.00 0.00 
 0.00 0.00 0.00 0.00 0.62 1.00 1.00 0.95 0.14 0.10 0.10 0.19 0.47 0.92 1.00 1.00 0.94 0.14 0.00 0.00 
 0.00 0.00 0.00 0.00 0.80 1.00 1.00 1.00 1.00 1.00 1.00 1.00 1.00 1.00 1.00 0.97 0.35 0.00 0.00 0.00 
 0.00 0.00 0.00 0.07 0.97 1.00 1.00 1.00 1.00 1.00 1.00 1.00 1.00 1.00 0.84 0.28 0.00 0.00 0.00 0.00 
 0.00 0.00 0.00 0.17 1.00 1.00 1.00 0.94 0.90 0.94 1.00 1.00 0.99 0.36 0.01 0.00 0.00 0.00 0.00 0.00 
 0.00 0.00 0.00 0.36 1.00 1.00 1.00 0.31 0.00 0.18 0.99 1.00 1.00 0.55 0.00 0.00 0.00 0.00 0.00 0.00 
 0.00 0.00 0.00 0.55 1.00 1.00 0.99 0.12 0.00 0.00 0.69 1.00 1.00 0.94 0.09 0.00 0.00 0.00 0.00 0.00 
 0.00 0.00 0.00 0.73 1.00 1.00 0.89 0.00 0.00 0.00 0.23 1.00 1.00 1.00 0.55 0.00 0.00 0.00 0.00 0.00 
 0.00 0.00 0.03 0.91 1.00 1.00 0.74 0.00 0.00 0.00 0.01 0.75 1.00 1.00 0.94 0.09 0.00 0.00 0.00 0.00 
 0.00 0.00 0.12 1.00 1.00 1.00 0.56 0.00 0.00 0.00 0.00 0.30 1.00 1.00 1.00 0.59 0.00 0.00 0.00 0.00 
 0.00 0.00 0.28 1.00 1.00 1.00 0.38 0.00 0.00 0.00 0.00 0.02 0.83 1.00 1.00 0.96 0.13 0.00 0.00 0.00 
 0.00 0.00 0.47 1.00 1.00 1.00 0.19 0.00 0.00 0.00 0.00 0.00 0.35 1.00 1.00 1.00 0.61 0.00 0.00 0.00 
 0.00 0.00 0.65 1.00 1.00 0.93 0.03 0.00 0.00 0.00 0.00 0.00 0.04 0.88 1.00 1.00 0.96 0.12 0.00 0.00 
 