0.00 0.49 0.78 0.96 1.00 1.00 0.90 0.71 0.70 0.70 0.70 0.75 0.76 0.54 0.16 0.00 0.00 0.00 0.00 0.00 
 0.00 0.00 0.00 0.25 1.00 0.93 0.07 0.00 0.00 0.00 0.00 0.00 0.09 0.61 0.97 0.42 0.00 0.00 0.00 0.00 
 0.00 0.00 0.00 0.10 1.00 0.80 0.00 0.00 0.00 0.00 0.00 0.00 0.00 0.01 0.62 0.99 0.30 0.00 0.00 0.00 
 0.00 0.00 0.00 0.10 1.00 0.80 0.00 0.00 0.00 0.00 0.00 0.00 0.00 0.00 0.15 1.00 0.78 0.00 0.00 0.00 
 0.00 0.00 0.00 0.10 1.00 0.80 0.00 0.00 0.00 0.00 0.00 0.00 0.00 0.00 0.03 0.93 0.90 0.00 0.00 0.00 
 0.00 0.00 0.00 0.10 1.00 0.80 0.00 0.00 0.00 0.00 0.00 0.00 0.00 0.00 0.02 0.92 0.90 0.00 0.00 0.00 
 0.00 0.00 0.00 0.10 1.00 0.80 0.00 0.00 0.00 0.00 0.00 0.00 0.00 0.00 0.12 1.00 0.78 0.00 0.00 0.00 
 0.00 0.00 0.00 0.10 1.00 0.80 0.00 0.00 0.00 0.00 0.00 0.00 0.00 0.00 0.47 0.99 0.36 0.00 0.00 0.00 
 0.00 0.00 0.00 0.10 1.00 0.80 0.00 0.00 0.00 0.00 0.00 0.00 0.01 0.31 0.96 0.57 0.00 0.00 0.00 0.00 
 0.00 0.00 0.00 0.10 1.00 0.90 0.50 0.50 0.50 0.50 0.50 0.52 0.65 0.74 0.31 0.00 0.00 0.00 0.00 0.00 
 0.00 0.00 0.00 0.10 1.00 0.84 0.20 0.20 0.20 0.32 0.99 0.82 0.01 0.00 0.00 0.00 0.00 0.00 0.00 0.00 
 0.00 0.00 0.00 0.10 1.00 0.80 0.00 0.00 0.00 0.00 0.62 1.00 0.36 0.00 0.00 0.00 0.00 0.00 0.00 0.00 
 0.00 0.00 0.00 0.10 1.00 0.80 0.00 0.00 0.00 0.00 0.13 0.96 0.86 0.03 0.00 0.00 0.00 0.00 0.00 0.00 
 0.00 0.00 0.00 0.10 1.00 0.80 0.00 0.00 0.00 0.00 0.00 0.52 1.00 0.47 0.00 0.00 0.00 0.00 0.00 0.00 
 0.00 0.00 0.00 0.10 1.00 0.80 0.00 0.00 0.00 0.00 0.00 0.08 0.92 0.92 0.08 0.00 0.00 0.00 0.00 0.00 
 0.00 0.00 0.00 0.10 1.00 0.80 0.00 0.00 0.00 0.00 0.00 0.00 0.42 1.00 0.59 0.00 0.00 0.00 0.00 0.00 
 0.00 0.00 0.00 0.10 1.00 0.80 0.00 0.00 0.00 0.00 0.00 0.00 0.04 0.86 0.97 0.16 0.00 0.00 0.00 0.00 
 0.00 0.00 0.00 0.10 1.00 0.80 0.00 0.00 0.00 0.00 0.00 0.00 0.00 0.33 1.00 0.69 0.00 0.00 0.00 0.00 
 0.00 0.00 0.00 0.24 1.00 0.93 0.09 0.00 0.00 0.00 0.00 0.00 0.00 0.02 0.78 0.99 0.32 0.00 0.00 0.00 
 0.00 0.35 0.62 0.94 1.00 1.00 0.89 0.57 0.25 0.00 0.00 0.00 0.00 0.00 0.26 1.00 0.97 0.66 0.45 0.00 
 