0.00 0.70 1.00 1.00 1.00 1.00 1.00 1.00 1.00 1.00 1.00 0.96 0.86 0.66 0.30 0.01 0.00 0.00 0.00 0.00 
 0.00 0.70 1.00 1.00 1.00 1.00 1.00 1.00 1.00 1.00 1.00 1.00 1.00 1.00 1.00 0.61 0.01 0.00 0.00 0.00 
 0.00 0.70 1.00 0.92 0.20 0.20 0.20 0.20 0.20 0.20 0.20 0.30 0.56 0.95 1.00 1.00 0.39 0.00 0.00 0.00 
 0.00 0.70 1.00 0.90 0.00 0.00 0.00 0.00 0.00 0.00 0.00 0.00 0.00 0.23 0.97 1.00 0.83 0.00 0.00 0.00 
 0.00 0.70 1.00 0.90 0.00 0.00 0.00 0.00 0.00 0.00 0.00 0.00 0.00 0.00 0.64 1.00 0.98 0.11 0.00 0.00 
 0.00 0.70 1.00 0.90 0.00 0.00 0.00 0.00 0.00 0.00 0.00 0.00 0.00 0.00 0.51 1.00 1.00 0.20 0.00 0.00 
 0.00 0.70 1.00 0.90 0.00 0.00 0.00 0.00 0.00 0.00 0.00 0.00 0.00 0.00 0.70 1.00 0.98 0.11 0.00 0.00 
 0.00 0.70 1.00 0.90 0.00 0.00 0.00 0.00 0.00 0.00 0.00 0.00 0.00 0.31 0.99 1.00 0.82 0.00 0.00 0.00 
 0.00 0.70 1.00 0.92 0.20 0.20 0.20 0.20 0.20 0.20 0.21 0.35 0.63 0.98 1.00 0.99 0.33 0.00 0.00 0.00 
 0.00 0.70 1.00 1.00 1.00 1.00 1.00 1.00 1.00 1.00 1.00 1.00 1.00 1.00 0.96 0.43 0.00 0.00 0.00 0.00 
 0.00 0.70 1.00 1.00 1.00 1.00 1.00 1.00 1.00 1.00 1.00 0.97 0.84 0.57 0.16 0.00 0.00 0.00 0.00 0.00 
 0.00 0.70 1.00 0.92 0.20 0.20 0.20 0.20 0.32 0.73 1.00 0.96 0.48 0.02 0.00 0.00 0.00 0.00 0.00 0.00 
 0.00 0.70 1.00 0.90 0.00 0.00 0.00 0.00 0.00 0.01 0.56 1.00 1.00 0.63 0.01 0.00 0.00 0.00 0.00 0.00 
 0.00 0.70 1.00 0.90 0.00 0.00 0.00 0.00 0.00 0.00 0.02 0.73 1.00 1.00 0.48 0.00 0.00 0.00 0.00 0.00 
 0.00 0.70 1.00 0.90 0.00 0.00 0.00 0.00 0.00 0.00 0.00 0.11 0.93 1.00 0.97 0.21 0.00 0.00 0.00 0.00 
 0.00 0.70 1.00 0.90 0.00 0.00 0.00 0.00 0.00 0.00 0.00 0.00 0.38 1.00 1.00 0.79 0.02 0.00 0.00 0.00 
 0.00 0.70 1.00 0.90 0.00 0.00 0.00 0.00 0.00 0.00 0.00 0.00 0.02 0.73 1.00 1.00 0.46 0.00 0.00 0.00 
 0.00 0.70 1.00 0.90 0.00 0.00 0.00 0.00 0.00 0.00 0.00 0.00 0.00 0.16 0.97 1.00 0.94 0.12 0.00 0.00 
 0.00 0.70 1.00 0.90 0.00 0.00 0.00 0.00 0.00 0.00 0.00 0.00 0.00 0.00 0.47 1.00 1.00 0.69 0.00 0.00 
 0.00 0.70 1.00 0.90 0.00 0.00 0.00 0.00 0.00 0.00 0.00 0.00 0.00 0.00 0.03 0.83 1.00 0.99 0.32 0.00 
 