0.00 0.00 0.31 0.79 0.79 0.65 0.83 0.73 0.73 0.70 0.66 0.77 0.65 0.54 0.31 0.01 0.00 0.00 0.00 0.00 
 0.00 0.00 0.14 1.00 0.67 0.00 0.11 0.00 0.00 0.00 0.00 0.14 0.41 0.70 0.97 0.58 0.00 0.00 0.00 0.00 
 0.00 0.00 0.02 0.68 0.46 0.00 0.00 0.00 0.00 0.00 0.00 0.00 0.00 0.09 0.92 0.93 0.02 0.00 0.00 0.00 
 0.00 0.00 0.00 0.36 0.64 0.00 0.00 0.00 0.00 0.00 0.00 0.00 0.00 0.04 0.89 0.56 0.00 0.00 0.00 0.00 
 0.00 0.00 0.00 0.62 0.61 0.00 0.00 0.00 0.00 0.00 0.00 0.00 0.09 0.70 0.51 0.00 0.00 0.00 0.00 0.00 
 0.00 0.00 0.02 0.91 0.49 0.00 0.00 0.00 0.00 0.00 0.00 0.17 0.72 0.36 0.00 0.00 0.00 0.00 0.00 0.00 
 0.00 0.00 0.00 0.90 0.70 0.00 0.00 0.00 0.00 0.13 0.58 0.57 0.11 0.00 0.00 0.00 0.00 0.00 0.00 0.00 
 0.00 0.00 0.00 0.84 0.75 0.00 0.00 0.07 0.53 0.78 0.19 0.00 0.00 0.00 0.00 0.00 0.00 0.00 0.00 0.00 
 0.00 0.00 0.02 0.91 0.68 0.31 0.58 0.91 0.93 0.07 0.00 0.00 0.00 0.00 0.00 0.00 0.00 0.00 0.00 0.00 
 0.00 0.00 0.00 0.88 0.95 0.64 0.33 0.73 1.00 0.56 0.00 0.00 0.00 0.00 0.00 0.00 0.00 0.00 0.00 0.00 
 0.00 0.00 0.00 0.91 0.74 0.00 0.00 0.04 0.78 0.95 0.41 0.00 0.00 0.00 0.00 0.00 0.00 0.00 0.00 0.00 
 0.00 0.00 0.00 0.70 0.75 0.00 0.00 0.00 0.12 0.92 0.92 0.16 0.00 0.00 0.00 0.00 0.00 0.00 0.00 0.00 
 0.00 0.00 0.00 0.84 0.75 0.00 0.00 0.00 0.00 0.20 0.91 0.88 0.05 0.00 0.00 0.00 0.00 0.00 0.00 0.00 
 0.00 0.00 0.00 0.84 0.78 0.00 0.00 0.00 0.00 0.00 0.38 0.98 0.59 0.00 0.00 0.00 0.00 0.00 0.00 0.00 
 0.00 0.00 0.03 0.95 0.84 0.00 0.00 0.00 0.00 0.00 0.00 0.45 0.98 0.38 0.00 0.00 0.00 0.00 0.00 0.00 
 0.00 0.00 0.04 0.94 0.75 0.00 0.00 0.00 0.00 0.00 0.00 0.00 0.66 0.95 0.08 0.00 0.00 0.00 0.00 0.00 
 0.00 0.00 0.01 0.75 0.58 0.00 0.00 0.00 0.00 0.00 0.00 0.00 0.11 0.84 0.66 0.05 0.00 0.00 0.00 0.00 
 0.00 0.00 0.02 0.45 0.77 0.00 0.00 0.00 0.00 0.00 0.00 0.00 0.00 0.28 0.99 0.68 0.01 0.00 0.00 0.00 
 0.00 0.00 0.09 1.00 0.67 0.00 0.00 0.00 0.00 0.00 0.00 0.00 0.00 0.00 0.55 1.00 0.33 0.01 0.00 0.00 
 0.00 0.00 0.20 1.00 0.82 0.00 0.00 0.00 0.00 0.00 0.00 0.00 0.00 0.00 0.05 0.85 1.00 0.53 0.28 0.00 
 