0.00 0.00 0.00 0.13 0.86 0.99 0.90 0.82 0.74 0.59 0.32 0.05 0.00 0.00 0.00 0.00 0.00 0.00 0.00 0.00 
 0.00 0.00 0.00 0.53 1.00 1.00 1.00 1.00 1.00 1.00 1.00 0.91 0.39 0.02 0.00 0.00 0.00 0.00 0.00 0.00 
 0.00 0.00 0.00 0.60 1.00 1.00 0.92 0.90 0.99 1.00 1.00 1.00 1.00 0.75 0.12 0.00 0.00 0.00 0.00 0.00 
 0.00 0.00 0.00 0.51 1.00 1.00 0.24 0.00 0.11 0.32 0.67 0.97 1.00 1.00 0.89 0.16 0.00 0.00 0.00 0.00 
 0.00 0.00 0.00 0.41 1.00 1.00 0.31 0.00 0.00 0.00 0.00 0.20 0.82 1.00 1.00 0.86 0.07 0.00 0.00 0.00 
 0.00 0.00 0.00 0.31 1.00 1.00 0.40 0.00 0.00 0.00 0.00 0.00 0.06 0.72 1.00 1.00 0.58 0.00 0.00 0.00 
 0.00 0.00 0.00 0.30 1.00 1.00 0.40 0.00 0.00 0.00 0.00 0.00 0.00 0.08 0.91 1.00 0.93 0.05 0.00 0.00 
 0.00 0.00 0.00 0.37 1.00 1.00 0.36 0.00 0.00 0.00 0.00 0.00 0.00 0.00 0.53 1.00 1.00 0.24 0.00 0.00 
 0.00 0.00 0.00 0.45 1.00 1.00 0.29 0.00 0.00 0.00 0.00 0.00 0.00 0.00 0.45 1.00 1.00 0.29 0.00 0.00 
 0.00 0.00 0.00 0.56 1.00 1.00 0.19 0.00 0.00 0.00 0.00 0.00 0.00 0.12 0.89 1.00 0.98 0.13 0.00 0.00 
 0.00 0.00 0.00 0.67 1.00 1.00 0.10 0.00 0.00 0.00 0.00 0.02 0.29 0.89 1.00 1.00 0.72 0.00 0.00 0.00 
 0.00 0.00 0.00 0.78 1.00 0.94 0.31 0.30 0.33 0.43 0.58 0.85 1.00 1.00 1.00 0.87 0.11 0.00 0.00 0.00 
 0.00 0.00 0.00 0.86 1.00 1.00 1.00 1.00 1.00 1.00 1.00 1.00 1.00 0.99 0.71 0.10 0.00 0.00 0.00 0.00 
 0.00 0.00 0.00 0.90 1.00 1.00 1.00 1.00 1.00 1.00 1.00 0.97 0.73 0.29 0.00 0.00 0.00 0.00 0.00 0.00 
 0.00 0.00 0.00 0.90 1.00 0.98 0.88 1.00 1.00 1.00 1.00 0.96 0.49 0.05 0.00 0.00 0.00 0.00 0.00 0.00 
 0.00 0.00 0.00 0.87 1.00 0.90 0.01 0.26 0.65 0.96 1.00 1.00 1.00 0.85 0.25 0.00 0.00 0.00 0.00 0.00 
 0.00 0.00 0.00 0.80 1.00 0.90 0.00 0.00 0.00 0.13 0.63 0.98 1.00 1.00 0.98 0.49 0.02 0.00 0.00 0.00 
 0.00 0.00 0.00 0.80 1.00 0.90 0.00 0.00 0.00 0.00 0.00 0.23 0.83 1.00 1.00 1.00 0.63 0.02 0.00 0.00 
 0.00 0.00 0.00 0.71 1.00 0.92 0.02 0.00 0.00 0.00 0.00 0.00 0.05 0.62 1.00 1.00 1.00 0.63 0.01 0.00 
 0.00 0.00 0.00 0.70 1.00 1.00 0.10 0.00 0.00 0.00 0.00 0.00 0.00 0.01 0.44 0.99 1.00 1.00 0.24 0.00 
 