0.00 0.00 0.00 0.00 0.00 0.08 0.57 0.57 0.57 0.57 0.57 0.15 0.00 0.08 0.47 0.84 1.00 0.96 0.74 0.15 
 0.00 0.00 0.00 0.00 0.00 0.18 1.00 1.00 1.00 1.00 0.94 0.08 0.16 0.84 1.00 1.00 1.00 1.00 0.88 0.04 
 0.00 0.00 0.00 0.00 0.00 0.39 1.00 1.00 1.00 1.00 0.84 0.16 0.88 1.00 1.00 1.00 1.00 1.00 0.45 0.00 
 0.00 0.00 0.00 0.00 0.00 0.62 1.00 1.00 1.00 1.00 0.78 0.84 1.00 1.00 1.00 1.00 1.00 0.88 0.04 0.00 
 0.00 0.00 0.00 0.00 0.00 0.80 1.00 1.00 1.00 1.00 0.98 1.00 1.00 1.00 0.90 0.86 0.88 0.45 0.00 0.00 
 0.00 0.00 0.00 0.00 0.13 0.98 1.00 1.00 1.00 1.00 1.00 1.00 0.88 0.39 0.04 0.00 0.02 0.02 0.00 0.00 
 0.00 0.00 0.00 0.00 0.23 1.00 1.00 1.00 1.00 1.00 1.00 0.76 0.11 0.00 0.00 0.00 0.00 0.00 0.00 0.00 
 0.00 0.00 0.00 0.00 0.43 1.00 1.00 1.00 1.00 1.00 0.88 0.11 0.00 0.00 0.00 0.00 0.00 0.00 0.00 0.00 
 0.00 0.00 0.00 0.00 0.64 1.00 1.00 1.00 1.00 1.00 0.39 0.00 0.00 0.00 0.00 0.00 0.00 0.00 0.00 0.00 
 0.00 0.00 0.00 0.02 0.84 1.00 1.00 1.00 1.00 0.86 0.02 0.00 0.00 0.00 0.00 0.00 0.00 0.00 0.00 0.00 
 0.00 0.00 0.00 0.15 1.00 1.00 1.00 1.00 1.00 0.59 0.00 0.00 0.00 0.00 0.00 0.00 0.00 0.00 0.00 0.00 
 0.00 0.00 0.00 0.27 1.00 1.00 1.00 1.00 1.00 0.29 0.00 0.00 0.00 0.00 0.00 0.00 0.00 0.00 0.00 0.00 
 0.00 0.00 0.00 0.47 1.00 1.00 1.00 1.00 0.90 0.04 0.00 0.00 0.00 0.00 0.00 0.00 0.00 0.00 0.00 0.00 
 0.00 0.00 0.00 0.67 1.00 1.00 1.00 1.00 0.80 0.00 0.00 0.00 0.00 0.00 0.00 0.00 0.00 0.00 0.00 0.00 
 0.00 0.00 0.04 0.90 1.00 1.00 1.00 1.00 0.57 0.00 0.00 0.00 0.00 0.00 0.00 0.00 0.00 0.00 0.00 0.00 
 0.00 0.00 0.15 1.00 1.00 1.00 1.00 1.00 0.37 0.00 0.00 0.00 0.00 0.00 0.00 0.00 0.00 0.00 0.00 0.00 
 0.00 0.00 0.29 1.00 1.00 1.00 1.00 1.00 0.18 0.00 0.00 0.00 0.00 0.00 0.00 0.00 0.00 0.00 0.00 0.00 
 0.00 0.00 0.51 1.00 1.00 1.00 1.00 0.88 0.02 0.00 0.00 0.00 0.00 0.00 0.00 0.00 0.00 0.00 0.00 0.00 
 0.00 0.00 0.72 1.00 1.00 1.00 1.00 0.80 0.00 0.00 0.00 0.00 0.00 0.00 0.00 0.00 0.00 0.00 0.00 0.00 
 0.00 0.06 0.92 1.00 1.00 1.00 1.00 0.62 0.00 0.00 0.00 0.00 0.00 0.00 0.00 0.00 0.00 0.00 0.00 0.00 
 