0.78 1.00 1.00 1.00 1.00 1.00 1.00 1.00 1.00 1.00 1.00 0.93 0.78 0.49 0.13 0.00 0.00 0.00 0.00 0.00 
 0.13 0.31 0.67 1.00 1.00 1.00 0.48 0.22 0.22 0.25 0.42 0.82 1.00 1.00 0.95 0.38 0.00 0.00 0.00 0.00 
 0.00 0.00 0.05 0.94 1.00 1.00 0.33 0.00 0.00 0.00 0.00 0.04 0.68 1.00 1.00 0.98 0.26 0.00 0.00 0.00 
 0.00 0.00 0.00 0.89 1.00 1.00 0.33 0.00 0.00 0.00 0.00 0.00 0.11 0.98 1.00 1.00 0.74 0.00 0.00 0.00 
 0.00 0.00 0.00 0.89 1.00 1.00 0.33 0.00 0.00 0.00 0.00 0.00 0.00 0.76 1.00 1.00 0.89 0.00 0.00 0.00 
 0.00 0.00 0.00 0.89 1.00 1.00 0.33 0.00 0.00 0.00 0.00 0.00 0.00 0.67 1.00 1.00 0.89 0.00 0.00 0.00 
 0.00 0.00 0.00 0.89 1.00 1.00 0.33 0.00 0.00 0.00 0.00 0.00 0.00 0.76 1.00 1.00 0.84 0.00 0.00 0.00 
 0.00 0.00 0.00 0.89 1.00 1.00 0.33 0.00 0.00 0.00 0.00 0.00 0.09 0.96 1.00 1.00 0.51 0.00 0.00 0.00 
 0.00 0.00 0.00 0.89 1.00 1.00 0.33 0.00 0.00 0.00 0.00 0.02 0.58 1.00 1.00 0.84 0.06 0.00 0.00 0.00 
 0.00 0.00 0.00 0.89 1.00 1.00 0.33 0.00 0.00 0.00 0.07 0.58 1.00 0.99 0.71 0.09 0.00 0.00 0.00 0.00 
 0.00 0.00 0.00 0.89 1.00 1.00 0.71 0.56 0.56 0.67 0.94 0.96 0.65 0.25 0.00 0.00 0.00 0.00 0.00 0.00 
 0.00 0.00 0.00 0.89 1.00 1.00 0.85 0.78 0.82 1.00 1.00 0.95 0.20 0.00 0.00 0.00 0.00 0.00 0.00 0.00 
 0.00 0.00 0.00 0.89 1.00 1.00 0.33 0.00 0.03 0.71 1.00 1.00 0.84 0.06 0.00 0.00 0.00 0.00 0.00 0.00 
 0.00 0.00 0.00 0.89 1.00 1.00 0.33 0.00 0.00 0.10 0.88 1.00 1.00 0.65 0.02 0.00 0.00 0.00 0.00 0.00 
 0.00 0.00 0.00 0.89 1.00 1.00 0.33 0.00 0.00 0.00 0.25 0.98 1.00 1.00 0.41 0.00 0.00 0.00 0.00 0.00 
 0.00 0.00 0.00 0.89 1.00 1.00 0.33 0.00 0.00 0.00 0.00 0.47 1.00 1.00 0.94 0.18 0.00 0.00 0.00 0.00 
 0.00 0.00 0.00 0.89 1.00 1.00 0.33 0.00 0.00 0.00 0.00 0.03 0.76 1.00 1.00 0.82 0.04 0.00 0.00 0.00 
 0.00 0.00 0.00 0.89 1.00 1.00 0.33 0.00 0.00 0.00 0.00 0.00 0.14 0.94 1.00 1.00 0.60 0.00 0.00 0.00 
 0.00 0.00 0.00 0.89 1.00 1.00 0.33 0.00 0.00 0.00 0.00 0.00 0.00 0.41 1.00 1.00 0.99 0.38 0.00 0.00 
 0.00 0.00 0.18 0.99 1.00 1.00 0.55 0.00 0.00 0.00 0.00 0.00 0.00 0.03 0.74 1.00 1.00 0.98 0.42 0.02 
 