-1.00 -1.00 -1.00 -1.00 -0.98 -0.88 -0.76 -0.64 -0.51 -0.40 -0.62 -1.00 -1.00 -0.98 -0.23 0.55 0.94 0.92 0.43 -0.73 
 -1.00 -1.00 -0.96 0.83 0.98 1.00 1.00 1.00 1.00 1.00 -0.12 -1.00 -0.80 0.55 1.00 1.00 1.00 1.00 1.00 0.65 
 -1.00 -1.00 -0.73 0.82 0.83 0.96 1.00 1.00 1.00 1.00 -0.46 -0.80 0.73 0.98 0.15 -0.07 0.98 1.00 1.00 1.00 
 -1.00 -1.00 -1.00 -1.00 -1.00 -0.84 0.95 1.00 1.00 1.00 -0.74 0.58 0.91 -0.47 -1.00 0.62 1.00 1.00 1.00 0.97 
 -1.00 -1.00 -1.00 -1.00 -1.00 -0.98 0.96 1.00 1.00 0.87 0.04 0.99 -0.40 -1.00 -1.00 0.86 1.00 1.00 1.00 0.34 
 -1.00 -1.00 -1.00 -1.00 -1.00 -0.72 1.00 1.00 1.00 0.80 0.95 0.16 -1.00 -1.00 -1.00 0.09 1.00 1.00 0.57 -0.82 
 -1.00 -1.00 -1.00 -1.00 -1.00 -0.38 1.00 1.00 1.00 1.00 0.85 -0.87 -1.00 -1.00 -1.00 -1.00 -0.69 -0.66 -0.99 -1.00 
 -1.00 -1.00 -1.00 -1.00 -1.00 -0.04 1.00 1.00 1.00 1.00 -0.06 -1.00 -1.00 -1.00 -1.00 -1.00 -1.00 -1.00 -1.00 -1.00 
 -1.00 -1.00 -1.00 -1.00 -1.00 0.29 1.00 1.00 1.00 0.91 -0.87 -1.00 -1.00 -1.00 -1.00 -1.00 -1.00 -1.00 -1.00 -1.00 
 -1.00 -1.00 -1.00 -1.00 -1.00 0.62 1.00 1.00 1.00 0.24 -1.00 -1.00 -1.00 -1.00 -1.00 -1.00 -1.00 -1.00 -1.00 -1.00 
 -1.00 -1.00 -1.00 -1.00 -0.97 0.94 1.00 1.00 1.00 -0.47 -1.00 -1.00 -1.00 -1.00 -1.00 -1.00 -1.00 -1.00 -1.00 -1.00 
 -1.00 -1.00 -1.00 -1.00 -0.71 1.00 1.00 1.00 0.87 -0.96 -1.00 -1.00 -1.00 -1.00 -1.00 -1.00 -1.00 -1.00 -1.00 -1.00 
 -1.00 -1.00 -1.00 -1.00 -0.37 1.00 1.00 1.00 0.37 -1.00 -1.00 -1.00 -1.00 -1.00 -1.00 -1.00 -1.00 -1.00 -1.00 -1.00 
 -1.00 -1.00 -1.00 -1.00 -0.04 1.00 1.00 1.00 -0.08 -1.00 -1.00 -1.00 -1.00 -1.00 -1.00 -1.00 -1.00 -1.00 -1.00 -1.00 
 -1.00 -1.00 -1.00 -1.00 0.29 1.00 1.00 1.00 -0.47 -1.00 -1.00 -1.00 -1.00 -1.00 -1.00 -1.00 -1.00 -1.00 -1.00 -1.00 
 -1.00 -1.00 -1.00 -1.00 0.63 1.00 1.00 1.00 -0.80 -1.00 -1.00 -1.00 -1.00 -1.00 -1.00 -1.00 -1.00 -1.00 -1.00 -1.00 
 -1.00 -1.00 -1.00 -0.97 0.94 1.00 1.00 0.86 -0.99 -1.00 -1.00 -1.00 -1.00 -1.00 -1.00 -1.00 -1.00 -1.00 -1.00 -1.00 
 -1.00 -1.00 -1.00 -0.54 1.00 1.00 1.00 0.69 -1.00 -1.00 -1.00 -1.00 -1.00 -1.00 -1.00 -1.00 -1.00 -1.00 -1.00 -1.00 
 -0.51 -0.28 -0.04 0.77 1.00 1.00 1.00 0.99 0.15 -0.25 -0.33 -0.68 -1.00 -1.00 -1.00 -1.00 -1.00 -1.00 -1.00 -1.00 
 0.66 1.00 1.00 1.00 1.00 1.00 1.00 1.00 1.00 1.00 1.00 -0.27 -1.00 -1.00 -1.00 -1.00 -1.00 -1.00 -1.00 -1.00 
 