-1.00 -1.00 -1.00 -1.00 -1.00 -1.00 -0.98 -0.57 0.03 0.55 0.58 -0.98 -1.00 -1.00 -0.54 0.73 1.00 0.84 0.18 -1.00 
 -1.00 -1.00 -1.00 -1.00 -0.55 0.25 0.83 1.00 1.00 1.00 0.69 -1.00 -0.99 -0.07 0.97 1.00 1.00 1.00 0.53 -1.00 
 -1.00 -1.00 -1.00 -1.00 0.36 0.98 0.98 1.00 1.00 1.00 0.35 -0.91 0.35 1.00 1.00 1.00 1.00 1.00 0.19 -1.00 
 -1.00 -1.00 -1.00 -1.00 -1.00 -1.00 -0.99 0.86 1.00 1.00 0.24 0.63 0.91 0.02 -0.65 -0.69 0.18 1.00 -0.15 -1.00 
 -1.00 -1.00 -1.00 -1.00 -1.00 -1.00 -0.80 1.00 1.00 1.00 1.00 0.58 -0.74 -1.00 -1.00 -1.00 -0.99 -0.82 -0.94 -1.00 
 -1.00 -1.00 -1.00 -1.00 -1.00 -1.00 -0.47 1.00 1.00 1.00 0.39 -0.93 -1.00 -1.00 -1.00 -1.00 -1.00 -1.00 -1.00 -1.00 
 -1.00 -1.00 -1.00 -1.00 -1.00 -1.00 -0.13 1.00 1.00 0.97 -0.94 -1.00 -1.00 -1.00 -1.00 -1.00 -1.00 -1.00 -1.00 -1.00 
 -1.00 -1.00 -1.00 -1.00 -1.00 -1.00 0.20 1.00 1.00 0.68 -1.00 -1.00 -1.00 -1.00 -1.00 -1.00 -1.00 -1.00 -1.00 -1.00 
 -1.00 -1.00 -1.00 -1.00 -1.00 -1.00 0.54 1.00 1.00 0.34 -1.00 -1.00 -1.00 -1.00 -1.00 -1.00 -1.00 -1.00 -1.00 -1.00 
 -1.00 -1.00 -1.00 -1.00 -1.00 -0.99 0.87 1.00 1.00 0.01 -1.00 -1.00 -1.00 -1.00 -1.00 -1.00 -1.00 -1.00 -1.00 -1.00 
 -1.00 -1.00 -1.00 -1.00 -1.00 -0.80 1.00 1.00 1.00 -0.33 -1.00 -1.00 -1.00 -1.00 -1.00 -1.00 -1.00 -1.00 -1.00 -1.00 
 -1.00 -1.00 -1.00 -1.00 -1.00 -0.46 1.00 1.00 1.00 -0.65 -1.00 -1.00 -1.00 -1.00 -1.00 -1.00 -1.00 -1.00 -1.00 -1.00 
 -1.00 -1.00 -1.00 -1.00 -1.00 -0.13 1.00 1.00 0.96 -0.95 -1.00 -1.00 -1.00 -1.00 -1.00 -1.00 -1.00 -1.00 -1.00 -1.00 
 -1.00 -1.00 -1.00 -1.00 -1.00 0.21 1.00 1.00 0.67 -1.00 -1.00 -1.00 -1.00 -1.00 -1.00 -1.00 -1.00 -1.00 -1.00 -1.00 
 -1.00 -1.00 -1.00 -1.00 -1.00 0.55 1.00 1.00 0.34 -1.00 -1.00 -1.00 -1.00 -1.00 -1.00 -1.00 -1.00 -1.00 -1.00 -1.00 
 -1.00 -1.00 -1.00 -1.00 -0.99 0.87 1.00 1.00 0.00 -1.00 -1.00 -1.00 -1.00 -1.00 -1.00 -1.00 -1.00 -1.00 -1.00 -1.00 
 -1.00 -1.00 -1.00 -1.00 -0.79 1.00 1.00 1.00 -0.33 -1.00 -1.00 -1.00 -1.00 -1.00 -1.00 -1.00 -1.00 -1.00 -1.00 -1.00 
 -1.00 -1.00 -1.00 -1.00 -0.45 1.00 1.00 1.00 -0.65 -1.00 -1.00 -1.00 -1.00 -1.00 -1.00 -1.00 -1.00 -1.00 -1.00 -1.00 
 -1.00 -0.80 -0.40 -0.19 0.76 1.00 1.00 1.00 0.33 -0.29 -0.43 -0.76 -1.00 -1.00 -1.00 -1.00 -1.00 -1.00 -1.00 -1.00 
 -1.00 0.07 1.00 1.00 1.00 1.00 1.00 1.00 1.00 1.00 1.00 -0.15 -1.00 -1.00 -1.00 -1.00 -1.00 -1.00 -1.00 -1.00 
 