0.00 0.00 0.00 0.00 0.00 0.00 0.09 0.33 0.75 1.00 0.17 0.00 0.03 0.39 0.84 1.00 0.78 0.28 0.00 0.00 
 0.00 0.00 0.00 0.03 0.22 0.56 0.92 1.00 1.00 1.00 0.17 0.03 0.58 1.00 1.00 1.00 1.00 0.92 0.11 0.00 
 0.00 0.00 0.11 0.75 0.84 0.97 1.00 1.00 1.00 1.00 0.17 0.45 1.00 1.00 1.00 1.00 1.00 1.00 0.33 0.00 
 0.00 0.00 0.06 0.20 0.00 0.36 1.00 1.00 1.00 1.00 0.39 0.95 0.47 0.28 0.78 1.00 1.00 0.92 0.14 0.00 
 0.00 0.00 0.00 0.00 0.00 0.03 0.84 1.00 1.00 1.00 0.86 0.45 0.00 0.00 0.03 0.45 0.64 0.25 0.00 0.00 
 0.00 0.00 0.00 0.00 0.00 0.00 0.67 1.00 1.00 1.00 0.73 0.00 0.00 0.00 0.00 0.00 0.00 0.00 0.00 0.00 
 0.00 0.00 0.00 0.00 0.00 0.00 0.67 1.00 1.00 1.00 0.28 0.00 0.00 0.00 0.00 0.00 0.00 0.00 0.00 0.00 
 0.00 0.00 0.00 0.00 0.00 0.00 0.67 1.00 1.00 1.00 0.17 0.00 0.00 0.00 0.00 0.00 0.00 0.00 0.00 0.00 
 0.00 0.00 0.00 0.00 0.00 0.00 0.67 1.00 1.00 1.00 0.17 0.00 0.00 0.00 0.00 0.00 0.00 0.00 0.00 0.00 
 0.00 0.00 0.00 0.00 0.00 0.00 0.67 1.00 1.00 1.00 0.17 0.00 0.00 0.00 0.00 0.00 0.00 0.00 0.00 0.00 
 0.00 0.00 0.00 0.00 0.00 0.00 0.67 1.00 1.00 1.00 0.17 0.00 0.00 0.00 0.00 0.00 0.00 0.00 0.00 0.00 
 0.00 0.00 0.00 0.00 0.00 0.00 0.67 1.00 1.00 1.00 0.17 0.00 0.00 0.00 0.00 0.00 0.00 0.00 0.00 0.00 
 0.00 0.00 0.00 0.00 0.00 0.00 0.67 1.00 1.00 1.00 0.17 0.00 0.00 0.00 0.00 0.00 0.00 0.00 0.00 0.00 
 0.00 0.00 0.00 0.00 0.00 0.00 0.67 1.00 1.00 1.00 0.17 0.00 0.00 0.00 0.00 0.00 0.00 0.00 0.00 0.00 
 0.00 0.00 0.00 0.00 0.00 0.00 0.67 1.00 1.00 1.00 0.17 0.00 0.00 0.00 0.00 0.00 0.00 0.00 0.00 0.00 
 0.00 0.00 0.00 0.00 0.00 0.00 0.67 1.00 1.00 1.00 0.17 0.00 0.00 0.00 0.00 0.00 0.00 0.00 0.00 0.00 
 0.00 0.00 0.00 0.00 0.00 0.00 0.67 1.00 1.00 1.00 0.17 0.00 0.00 0.00 0.00 0.00 0.00 0.00 0.00 0.00 
 0.00 0.00 0.00 0.00 0.00 0.00 0.67 1.00 1.00 1.00 0.20 0.00 0.00 0.00 0.00 0.00 0.00 0.00 0.00 0.00 
 0.00 0.00 0.00 0.00 0.00 0.00 0.73 1.00 1.00 1.00 0.42 0.00 0.00 0.00 0.00 0.00 0.00 0.00 0.00 0.00 
 0.00 0.00 0.00 0.00 0.00 0.22 0.97 1.00 1.00 1.00 0.81 0.06 0.00 0.00 0.00 0.00 0.00 0.00 0.00 0.00 
 