0.00 0.00 0.00 0.00 0.13 0.50 0.94 0.56 0.00 0.00 0.00 0.06 0.31 0.75 1.00 0.94 0.38 0.00 0.00 0.00 
 0.00 0.00 0.00 0.19 0.82 1.00 1.00 0.94 0.19 0.00 0.00 0.44 1.00 1.00 1.00 1.00 0.82 0.06 0.00 0.00 
 0.00 0.00 0.00 0.69 1.00 1.00 1.00 1.00 0.44 0.00 0.31 0.94 1.00 1.00 1.00 1.00 1.00 0.25 0.00 0.00 
 0.00 0.00 0.00 0.38 0.82 1.00 1.00 1.00 0.69 0.13 0.88 0.94 0.56 0.25 0.50 0.82 0.69 0.06 0.00 0.00 
 0.00 0.00 0.00 0.00 0.13 0.75 1.00 1.00 0.75 0.50 0.94 0.44 0.00 0.00 0.00 0.06 0.06 0.00 0.00 0.00 
 0.00 0.00 0.00 0.00 0.00 0.25 1.00 1.00 0.94 0.94 0.69 0.00 0.00 0.00 0.00 0.00 0.00 0.00 0.00 0.00 
 0.00 0.00 0.00 0.00 0.00 0.25 1.00 1.00 1.00 0.94 0.25 0.00 0.00 0.00 0.00 0.00 0.00 0.00 0.00 0.00 
 0.00 0.00 0.00 0.00 0.00 0.25 1.00 1.00 1.00 0.69 0.00 0.00 0.00 0.00 0.00 0.00 0.00 0.00 0.00 0.00 
 0.00 0.00 0.00 0.00 0.00 0.25 1.00 1.00 1.00 0.44 0.00 0.00 0.00 0.00 0.00 0.00 0.00 0.00 0.00 0.00 
 0.00 0.00 0.00 0.00 0.00 0.25 1.00 1.00 1.00 0.25 0.00 0.00 0.00 0.00 0.00 0.00 0.00 0.00 0.00 0.00 
 0.00 0.00 0.00 0.00 0.00 0.25 1.00 1.00 1.00 0.25 0.00 0.00 0.00 0.00 0.00 0.00 0.00 0.00 0.00 0.00 
 0.00 0.00 0.00 0.00 0.00 0.25 1.00 1.00 1.00 0.25 0.00 0.00 0.00 0.00 0.00 0.00 0.00 0.00 0.00 0.00 
 0.00 0.00 0.00 0.00 0.00 0.25 1.00 1.00 1.00 0.25 0.00 0.00 0.00 0.00 0.00 0.00 0.00 0.00 0.00 0.00 
 0.00 0.00 0.00 0.00 0.00 0.25 1.00 1.00 1.00 0.25 0.00 0.00 0.00 0.00 0.00 0.00 0.00 0.00 0.00 0.00 
 0.00 0.00 0.00 0.00 0.00 0.25 1.00 1.00 1.00 0.25 0.00 0.00 0.00 0.00 0.00 0.00 0.00 0.00 0.00 0.00 
 0.00 0.00 0.00 0.00 0.00 0.25 1.00 1.00 1.00 0.25 0.00 0.00 0.00 0.00 0.00 0.00 0.00 0.00 0.00 0.00 
 0.00 0.00 0.00 0.00 0.00 0.25 1.00 1.00 1.00 0.25 0.00 0.00 0.00 0.00 0.00 0.00 0.00 0.00 0.00 0.00 
 0.00 0.00 0.00 0.00 0.00 0.25 1.00 1.00 1.00 0.31 0.00 0.00 0.00 0.00 0.00 0.00 0.00 0.00 0.00 0.00 
 0.00 0.00 0.00 0.06 0.25 0.63 1.00 1.00 1.00 0.82 0.25 0.00 0.00 0.00 0.00 0.00 0.00 0.00 0.00 0.00 
 0.00 0.00 0.00 0.25 1.00 1.00 1.00 1.00 1.00 1.00 0.94 0.19 0.00 0.00 0.00 0.00 0.00 0.00 0.00 0.00 
 