0.00 0.00 0.00 0.00 0.00 0.11 0.57 0.57 0.57 0.57 0.39 0.00 0.18 0.57 0.82 0.98 1.00 0.88 0.65 0.02 
 0.00 0.00 0.00 0.00 0.00 0.35 1.00 1.00 1.00 1.00 0.62 0.57 0.98 1.00 1.00 1.00 1.00 1.00 0.78 0.00 
 0.00 0.00 0.00 0.00 0.00 0.53 1.00 1.00 1.00 1.00 0.98 1.00 1.00 1.00 1.00 1.00 1.00 1.00 0.49 0.00 
 0.00 0.00 0.00 0.00 0.00 0.72 1.00 1.00 1.00 1.00 1.00 1.00 1.00 0.98 0.86 0.96 1.00 0.98 0.18 0.00 
 0.00 0.00 0.00 0.00 0.04 0.90 1.00 1.00 1.00 1.00 1.00 0.96 0.55 0.16 0.00 0.15 0.55 0.78 0.00 0.00 
 0.00 0.00 0.00 0.00 0.15 1.00 1.00 1.00 1.00 1.00 0.94 0.31 0.00 0.00 0.00 0.00 0.00 0.06 0.00 0.00 
 0.00 0.00 0.00 0.00 0.29 1.00 1.00 1.00 1.00 0.98 0.39 0.00 0.00 0.00 0.00 0.00 0.00 0.00 0.00 0.00 
 0.00 0.00 0.00 0.00 0.47 1.00 1.00 1.00 1.00 0.78 0.00 0.00 0.00 0.00 0.00 0.00 0.00 0.00 0.00 0.00 
 0.00 0.00 0.00 0.00 0.64 1.00 1.00 1.00 1.00 0.37 0.00 0.00 0.00 0.00 0.00 0.00 0.00 0.00 0.00 0.00 
 0.00 0.00 0.00 0.00 0.82 1.00 1.00 1.00 0.96 0.11 0.00 0.00 0.00 0.00 0.00 0.00 0.00 0.00 0.00 0.00 
 0.00 0.00 0.00 0.13 0.98 1.00 1.00 1.00 0.86 0.00 0.00 0.00 0.00 0.00 0.00 0.00 0.00 0.00 0.00 0.00 
 0.00 0.00 0.00 0.21 1.00 1.00 1.00 1.00 0.74 0.00 0.00 0.00 0.00 0.00 0.00 0.00 0.00 0.00 0.00 0.00 
 0.00 0.00 0.00 0.37 1.00 1.00 1.00 1.00 0.53 0.00 0.00 0.00 0.00 0.00 0.00 0.00 0.00 0.00 0.00 0.00 
 0.00 0.00 0.00 0.57 1.00 1.00 1.00 1.00 0.37 0.00 0.00 0.00 0.00 0.00 0.00 0.00 0.00 0.00 0.00 0.00 
 0.00 0.00 0.00 0.76 1.00 1.00 1.00 0.98 0.16 0.00 0.00 0.00 0.00 0.00 0.00 0.00 0.00 0.00 0.00 0.00 
 0.00 0.00 0.08 0.94 1.00 1.00 1.00 0.86 0.00 0.00 0.00 0.00 0.00 0.00 0.00 0.00 0.00 0.00 0.00 0.00 
 0.00 0.00 0.16 1.00 1.00 1.00 1.00 0.80 0.00 0.00 0.00 0.00 0.00 0.00 0.00 0.00 0.00 0.00 0.00 0.00 
 0.00 0.00 0.31 1.00 1.00 1.00 1.00 0.62 0.00 0.00 0.00 0.00 0.00 0.00 0.00 0.00 0.00 0.00 0.00 0.00 
 0.00 0.00 0.49 1.00 1.00 1.00 1.00 0.43 0.00 0.00 0.00 0.00 0.00 0.00 0.00 0.00 0.00 0.00 0.00 0.00 
 0.00 0.00 0.67 1.00 1.00 1.00 1.00 0.23 0.00 0.00 0.00 0.00 0.00 0.00 0.00 0.00 0.00 0.00 0.00 0.00 
 