0.00 0.00 0.00 0.00 0.00 0.06 0.28 0.64 0.45 0.00 0.00 0.00 0.00 0.00 0.09 0.42 0.78 0.97 0.89 0.42 
 0.00 0.00 0.03 0.20 0.50 0.86 1.00 1.00 0.50 0.00 0.00 0.00 0.03 0.36 0.89 1.00 1.00 1.00 1.00 1.00 
 0.00 0.00 0.28 0.84 0.95 1.00 1.00 1.00 0.50 0.00 0.00 0.11 0.67 1.00 0.95 0.95 1.00 1.00 1.00 1.00 
 0.00 0.00 0.00 0.00 0.14 0.78 1.00 1.00 0.50 0.00 0.17 0.84 0.95 0.61 0.14 0.20 0.78 1.00 0.97 0.67 
 0.00 0.00 0.00 0.00 0.00 0.39 1.00 1.00 0.50 0.25 0.92 0.81 0.22 0.00 0.00 0.00 0.03 0.28 0.25 0.00 
 0.00 0.00 0.00 0.00 0.00 0.33 1.00 1.00 0.78 0.95 0.67 0.09 0.00 0.00 0.00 0.00 0.00 0.00 0.00 0.00 
 0.00 0.00 0.00 0.00 0.00 0.33 1.00 1.00 0.97 0.53 0.00 0.00 0.00 0.00 0.00 0.00 0.00 0.00 0.00 0.00 
 0.00 0.00 0.00 0.00 0.00 0.33 1.00 1.00 0.58 0.00 0.00 0.00 0.00 0.00 0.00 0.00 0.00 0.00 0.00 0.00 
 0.00 0.00 0.00 0.00 0.00 0.33 1.00 1.00 0.50 0.00 0.00 0.00 0.00 0.00 0.00 0.00 0.00 0.00 0.00 0.00 
 0.00 0.00 0.00 0.00 0.00 0.33 1.00 1.00 0.50 0.00 0.00 0.00 0.00 0.00 0.00 0.00 0.00 0.00 0.00 0.00 
 0.00 0.00 0.00 0.00 0.00 0.33 1.00 1.00 0.50 0.00 0.00 0.00 0.00 0.00 0.00 0.00 0.00 0.00 0.00 0.00 
 0.00 0.00 0.00 0.00 0.00 0.33 1.00 1.00 0.50 0.00 0.00 0.00 0.00 0.00 0.00 0.00 0.00 0.00 0.00 0.00 
 0.00 0.00 0.00 0.00 0.00 0.33 1.00 1.00 0.50 0.00 0.00 0.00 0.00 0.00 0.00 0.00 0.00 0.00 0.00 0.00 
 0.00 0.00 0.00 0.00 0.00 0.33 1.00 1.00 0.50 0.00 0.00 0.00 0.00 0.00 0.00 0.00 0.00 0.00 0.00 0.00 
 0.00 0.00 0.00 0.00 0.00 0.33 1.00 1.00 0.50 0.00 0.00 0.00 0.00 0.00 0.00 0.00 0.00 0.00 0.00 0.00 
 0.00 0.00 0.00 0.00 0.00 0.33 1.00 1.00 0.50 0.00 0.00 0.00 0.00 0.00 0.00 0.00 0.00 0.00 0.00 0.00 
 0.00 0.00 0.00 0.00 0.00 0.33 1.00 1.00 0.50 0.00 0.00 0.00 0.00 0.00 0.00 0.00 0.00 0.00 0.00 0.00 
 0.00 0.00 0.00 0.00 0.00 0.33 1.00 1.00 0.50 0.00 0.00 0.00 0.00 0.00 0.00 0.00 0.00 0.00 0.00 0.00 
 0.00 0.00 0.00 0.00 0.00 0.33 1.00 1.00 0.50 0.00 0.00 0.00 0.00 0.00 0.00 0.00 0.00 0.00 0.00 0.00 
 0.00 0.00 0.00 0.00 0.00 0.33 1.00 1.00 0.50 0.00 0.00 0.00 0.00 0.00 0.00 0.00 0.00 0.00 0.00 0.00 
 