0.00 0.00 0.00 0.00 0.00 0.03 0.20 0.47 0.86 0.84 0.00 0.00 0.11 0.42 0.47 0.22 0.03 0.00 0.00 0.00 
 0.00 0.00 0.00 0.14 0.39 0.78 1.00 1.00 1.00 0.84 0.00 0.09 0.81 1.00 1.00 1.00 0.81 0.42 0.11 0.00 
 0.00 0.28 0.64 0.97 1.00 1.00 1.00 1.00 1.00 0.84 0.00 0.53 1.00 1.00 1.00 1.00 1.00 1.00 0.53 0.00 
 0.00 0.81 1.00 1.00 1.00 1.00 1.00 1.00 1.00 0.84 0.17 0.97 1.00 1.00 1.00 1.00 1.00 0.97 0.20 0.00 
 0.00 0.14 0.56 0.92 1.00 1.00 1.00 1.00 1.00 0.86 0.67 1.00 1.00 1.00 1.00 1.00 1.00 0.75 0.00 0.00 
 0.00 0.00 0.00 0.25 1.00 1.00 1.00 1.00 1.00 1.00 1.00 0.95 0.84 0.86 1.00 1.00 0.97 0.31 0.00 0.00 
 0.00 0.00 0.00 0.06 0.89 1.00 1.00 1.00 1.00 1.00 0.86 0.20 0.00 0.03 0.31 0.67 0.64 0.00 0.00 0.00 
 0.00 0.00 0.00 0.00 0.84 1.00 1.00 1.00 1.00 0.92 0.17 0.00 0.00 0.00 0.00 0.00 0.00 0.00 0.00 0.00 
 0.00 0.00 0.00 0.00 0.84 1.00 1.00 1.00 1.00 0.84 0.00 0.00 0.00 0.00 0.00 0.00 0.00 0.00 0.00 0.00 
 0.00 0.00 0.00 0.00 0.84 1.00 1.00 1.00 1.00 0.84 0.00 0.00 0.00 0.00 0.00 0.00 0.00 0.00 0.00 0.00 
 0.00 0.00 0.00 0.00 0.84 1.00 1.00 1.00 1.00 0.84 0.00 0.00 0.00 0.00 0.00 0.00 0.00 0.00 0.00 0.00 
 0.00 0.00 0.00 0.00 0.84 1.00 1.00 1.00 1.00 0.84 0.00 0.00 0.00 0.00 0.00 0.00 0.00 0.00 0.00 0.00 
 0.00 0.00 0.00 0.00 0.84 1.00 1.00 1.00 1.00 0.84 0.00 0.00 0.00 0.00 0.00 0.00 0.00 0.00 0.00 0.00 
 0.00 0.00 0.00 0.00 0.84 1.00 1.00 1.00 1.00 0.84 0.00 0.00 0.00 0.00 0.00 0.00 0.00 0.00 0.00 0.00 
 0.00 0.00 0.00 0.00 0.84 1.00 1.00 1.00 1.00 0.84 0.00 0.00 0.00 0.00 0.00 0.00 0.00 0.00 0.00 0.00 
 0.00 0.00 0.00 0.00 0.84 1.00 1.00 1.00 1.00 0.84 0.00 0.00 0.00 0.00 0.00 0.00 0.00 0.00 0.00 0.00 
 0.00 0.00 0.00 0.11 0.95 1.00 1.00 1.00 1.00 0.84 0.00 0.00 0.00 0.00 0.00 0.00 0.00 0.00 0.00 0.00 
 0.00 0.00 0.00 0.36 1.00 1.00 1.00 1.00 1.00 0.97 0.33 0.00 0.00 0.00 0.00 0.00 0.00 0.00 0.00 0.00 
 0.00 0.42 0.64 0.97 1.00 1.00 1.00 1.00 1.00 1.00 0.97 0.67 0.50 0.50 0.09 0.00 0.00 0.00 0.00 0.00 
 0.00 0.84 1.00 1.00 1.00 1.00 1.00 1.00 1.00 1.00 1.00 1.00 1.00 1.00 0.17 0.00 0.00 0.00 0.00 0.00 
 