0.00 0.00 0.00 0.00 0.00 0.39 0.67 0.61 0.20 0.00 0.00 0.22 0.64 0.86 0.92 0.78 0.45 0.00 0.00 0.00 
 0.00 0.00 0.00 0.00 0.00 0.84 1.00 1.00 0.50 0.00 0.33 0.97 1.00 1.00 1.00 1.00 0.97 0.14 0.00 0.00 
 0.00 0.00 0.00 0.00 0.00 0.84 1.00 1.00 0.50 0.31 0.97 1.00 1.00 1.00 1.00 1.00 1.00 0.17 0.00 0.00 
 0.00 0.00 0.00 0.00 0.00 0.84 1.00 1.00 0.67 0.92 1.00 1.00 0.86 0.67 0.70 0.86 0.92 0.09 0.00 0.00 
 0.00 0.00 0.00 0.00 0.00 0.84 1.00 1.00 1.00 1.00 1.00 0.67 0.06 0.00 0.00 0.03 0.14 0.00 0.00 0.00 
 0.00 0.00 0.00 0.00 0.00 0.84 1.00 1.00 1.00 1.00 0.70 0.03 0.00 0.00 0.00 0.00 0.00 0.00 0.00 0.00 
 0.00 0.00 0.00 0.00 0.00 0.84 1.00 1.00 1.00 0.86 0.09 0.00 0.00 0.00 0.00 0.00 0.00 0.00 0.00 0.00 
 0.00 0.00 0.00 0.00 0.00 0.84 1.00 1.00 0.97 0.33 0.00 0.00 0.00 0.00 0.00 0.00 0.00 0.00 0.00 0.00 
 0.00 0.00 0.00 0.00 0.00 0.84 1.00 1.00 0.84 0.00 0.00 0.00 0.00 0.00 0.00 0.00 0.00 0.00 0.00 0.00 
 0.00 0.00 0.00 0.00 0.00 0.84 1.00 1.00 0.84 0.00 0.00 0.00 0.00 0.00 0.00 0.00 0.00 0.00 0.00 0.00 
 0.00 0.00 0.00 0.00 0.00 0.84 1.00 1.00 0.84 0.00 0.00 0.00 0.00 0.00 0.00 0.00 0.00 0.00 0.00 0.00 
 0.00 0.00 0.00 0.00 0.00 0.84 1.00 1.00 0.84 0.00 0.00 0.00 0.00 0.00 0.00 0.00 0.00 0.00 0.00 0.00 
 0.00 0.00 0.00 0.00 0.00 0.84 1.00 1.00 0.84 0.00 0.00 0.00 0.00 0.00 0.00 0.00 0.00 0.00 0.00 0.00 
 0.00 0.00 0.00 0.00 0.00 0.84 1.00 1.00 0.84 0.00 0.00 0.00 0.00 0.00 0.00 0.00 0.00 0.00 0.00 0.00 
 0.00 0.00 0.00 0.00 0.00 0.84 1.00 1.00 0.84 0.00 0.00 0.00 0.00 0.00 0.00 0.00 0.00 0.00 0.00 0.00 
 0.00 0.00 0.00 0.00 0.00 0.84 1.00 1.00 0.84 0.00 0.00 0.00 0.00 0.00 0.00 0.00 0.00 0.00 0.00 0.00 
 0.00 0.00 0.00 0.00 0.00 0.84 1.00 1.00 0.84 0.00 0.00 0.00 0.00 0.00 0.00 0.00 0.00 0.00 0.00 0.00 
 0.00 0.00 0.00 0.00 0.00 0.84 1.00 1.00 0.84 0.00 0.00 0.00 0.00 0.00 0.00 0.00 0.00 0.00 0.00 0.00 
 0.00 0.00 0.00 0.00 0.00 0.84 1.00 1.00 0.84 0.00 0.00 0.00 0.00 0.00 0.00 0.00 0.00 0.00 0.00 0.00 
 0.00 0.00 0.00 0.00 0.00 0.84 1.00 1.00 0.84 0.00 0.00 0.00 0.00 0.00 0.00 0.00 0.00 0.00 0.00 0.00 
 