0.00 0.00 0.22 0.67 0.67 0.78 0.84 0.84 0.84 0.36 0.00 0.00 0.03 0.28 0.64 0.89 1.00 1.00 0.97 0.28 
 0.00 0.00 0.20 0.73 0.92 1.00 1.00 1.00 1.00 0.33 0.00 0.11 0.67 1.00 1.00 1.00 1.00 1.00 1.00 0.33 
 0.00 0.00 0.00 0.00 0.20 0.92 1.00 1.00 1.00 0.33 0.14 0.84 1.00 0.89 0.89 1.00 1.00 1.00 1.00 0.33 
 0.00 0.00 0.00 0.00 0.00 0.64 1.00 1.00 1.00 0.31 0.84 0.89 0.42 0.06 0.06 0.47 0.97 1.00 1.00 0.33 
 0.00 0.00 0.00 0.00 0.00 0.50 1.00 1.00 1.00 0.92 0.86 0.17 0.00 0.00 0.00 0.00 0.61 1.00 1.00 0.33 
 0.00 0.00 0.00 0.00 0.00 0.50 1.00 1.00 1.00 0.97 0.28 0.00 0.00 0.00 0.00 0.00 0.09 0.33 0.33 0.11 
 0.00 0.00 0.00 0.00 0.00 0.50 1.00 1.00 1.00 0.73 0.00 0.00 0.00 0.00 0.00 0.00 0.00 0.00 0.00 0.00 
 0.00 0.00 0.00 0.00 0.00 0.50 1.00 1.00 1.00 0.50 0.00 0.00 0.00 0.00 0.00 0.00 0.00 0.00 0.00 0.00 
 0.00 0.00 0.00 0.00 0.00 0.50 1.00 1.00 1.00 0.50 0.00 0.00 0.00 0.00 0.00 0.00 0.00 0.00 0.00 0.00 
 0.00 0.00 0.00 0.00 0.00 0.50 1.00 1.00 1.00 0.50 0.00 0.00 0.00 0.00 0.00 0.00 0.00 0.00 0.00 0.00 
 0.00 0.00 0.00 0.00 0.00 0.50 1.00 1.00 1.00 0.50 0.00 0.00 0.00 0.00 0.00 0.00 0.00 0.00 0.00 0.00 
 0.00 0.00 0.00 0.00 0.00 0.50 1.00 1.00 1.00 0.50 0.00 0.00 0.00 0.00 0.00 0.00 0.00 0.00 0.00 0.00 
 0.00 0.00 0.00 0.00 0.00 0.50 1.00 1.00 1.00 0.50 0.00 0.00 0.00 0.00 0.00 0.00 0.00 0.00 0.00 0.00 
 0.00 0.00 0.00 0.00 0.00 0.50 1.00 1.00 1.00 0.50 0.00 0.00 0.00 0.00 0.00 0.00 0.00 0.00 0.00 0.00 
 0.00 0.00 0.00 0.00 0.00 0.50 1.00 1.00 1.00 0.50 0.00 0.00 0.00 0.00 0.00 0.00 0.00 0.00 0.00 0.00 
 0.00 0.00 0.00 0.00 0.00 0.50 1.00 1.00 1.00 0.50 0.00 0.00 0.00 0.00 0.00 0.00 0.00 0.00 0.00 0.00 
 0.00 0.00 0.00 0.00 0.00 0.50 1.00 1.00 1.00 0.50 0.00 0.00 0.00 0.00 0.00 0.00 0.00 0.00 0.00 0.00 
 0.00 0.00 0.00 0.00 0.00 0.50 1.00 1.00 1.00 0.50 0.00 0.00 0.00 0.00 0.00 0.00 0.00 0.00 0.00 0.00 
 0.00 0.00 0.00 0.00 0.00 0.58 1.00 1.00 1.00 0.53 0.00 0.00 0.00 0.00 0.00 0.00 0.00 0.00 0.00 0.00 
 0.00 0.00 0.00 0.00 0.03 0.81 1.00 1.00 1.00 0.75 0.00 0.00 0.00 0.00 0.00 0.00 0.00 0.00 0.00 0.00 
 