-1.00 -1.00 -1.00 -1.00 -0.82 -0.14 0.38 0.72 0.91 1.00 0.99 0.87 0.58 0.09 0.04 0.94 0.79 -0.68 -1.00 -1.00 
 -1.00 -1.00 -0.98 -0.00 0.94 1.00 1.00 1.00 1.00 1.00 1.00 1.00 1.00 1.00 1.00 1.00 1.00 -0.01 -1.00 -1.00 
 -1.00 -0.99 0.23 1.00 1.00 1.00 1.00 1.00 1.00 1.00 1.00 1.00 1.00 1.00 1.00 1.00 1.00 0.07 -1.00 -1.00 
 -1.00 -0.47 1.00 1.00 1.00 0.99 0.52 0.06 -0.18 -0.28 -0.24 -0.02 0.56 1.00 1.00 1.00 1.00 0.07 -1.00 -1.00 
 -1.00 0.22 1.00 1.00 0.88 -0.57 -1.00 -1.00 -1.00 -1.00 -1.00 -1.00 -0.99 0.15 1.00 1.00 1.00 0.07 -1.00 -1.00 
 -1.00 0.42 1.00 1.00 0.36 -1.00 -1.00 -1.00 -1.00 -1.00 -1.00 -1.00 -1.00 -0.62 1.00 1.00 1.00 0.04 -1.00 -1.00 
 -1.00 0.20 1.00 1.00 0.93 -0.33 -0.98 -1.00 -1.00 -1.00 -1.00 -1.00 -1.00 -0.93 0.80 1.00 0.98 -0.44 -1.00 -1.00 
 -1.00 -0.52 1.00 1.00 1.00 1.00 0.81 0.37 0.02 -0.34 -0.69 -0.98 -1.00 -1.00 -0.89 -0.55 -0.76 -1.00 -1.00 -1.00 
 -1.00 -1.00 -0.01 1.00 1.00 1.00 1.00 1.00 1.00 1.00 1.00 0.93 0.58 0.08 -0.58 -0.99 -1.00 -1.00 -1.00 -1.00 
 -1.00 -1.00 -1.00 -0.42 0.62 1.00 1.00 1.00 1.00 1.00 1.00 1.00 1.00 1.00 1.00 0.55 -0.58 -1.00 -1.00 -1.00 
 -1.00 -1.00 -1.00 -1.00 -0.99 -0.62 -0.04 0.42 0.80 1.00 1.00 1.00 1.00 1.00 1.00 1.00 0.96 -0.29 -1.00 -1.00 
 -1.00 -0.95 -0.36 -0.25 -0.80 -1.00 -1.00 -1.00 -1.00 -0.86 -0.55 -0.19 0.26 0.84 1.00 1.00 1.00 0.95 -0.67 -1.00 
 -1.00 0.08 1.00 1.00 0.64 -0.99 -1.00 -1.00 -1.00 -1.00 -1.00 -1.00 -1.00 -0.95 -0.07 0.98 1.00 1.00 0.18 -1.00 
 -1.00 0.44 1.00 1.00 1.00 -0.63 -1.00 -1.00 -1.00 -1.00 -1.00 -1.00 -1.00 -1.00 -1.00 0.29 1.00 1.00 0.59 -1.00 
 -1.00 0.46 1.00 1.00 1.00 0.34 -0.99 -1.00 -1.00 -1.00 -1.00 -1.00 -1.00 -1.00 -1.00 0.23 1.00 1.00 0.59 -1.00 
 -1.00 0.46 1.00 1.00 1.00 1.00 -0.02 -0.98 -1.00 -1.00 -1.00 -1.00 -1.00 -1.00 -0.47 0.94 1.00 1.00 0.22 -1.00 
 -1.00 0.46 1.00 1.00 1.00 1.00 1.00 0.60 -0.10 -0.40 -0.46 -0.36 -0.07 0.47 0.99 1.00 1.00 1.00 -0.56 -1.00 
 -1.00 0.46 1.00 1.00 1.00 1.00 1.00 1.00 1.00 1.00 1.00 1.00 1.00 1.00 1.00 1.00 1.00 0.10 -1.00 -1.00 
 -1.00 0.38 1.00 1.00 0.79 0.94 1.00 1.00 1.00 1.00 1.00 1.00 1.00 1.00 1.00 0.94 -0.05 -0.99 -1.00 -1.00 
 -1.00 -0.29 0.98 0.92 -0.51 -0.78 0.03 0.62 0.96 1.00 1.00 1.00 0.89 0.53 -0.04 -0.79 -1.00 -1.00 -1.00 -1.00 
 