0.00 0.00 0.00 0.00 0.04 0.25 0.51 0.70 0.82 0.87 0.89 0.85 0.74 0.54 0.29 0.69 0.87 0.52 0.00 0.00 
 0.00 0.00 0.01 0.28 0.82 1.00 1.00 1.00 1.00 1.00 1.00 1.00 1.00 1.00 1.00 1.00 1.00 0.95 0.07 0.00 
 0.00 0.00 0.38 0.99 1.00 1.00 1.00 1.00 1.00 1.00 1.00 1.00 1.00 1.00 1.00 1.00 1.00 0.99 0.14 0.00 
 0.00 0.15 0.96 1.00 1.00 1.00 0.94 0.80 0.67 0.60 0.59 0.67 0.84 0.99 1.00 1.00 1.00 0.99 0.14 0.00 
 0.00 0.48 1.00 1.00 0.99 0.59 0.09 0.00 0.00 0.00 0.00 0.00 0.01 0.38 0.99 1.00 1.00 0.99 0.14 0.00 
 0.00 0.64 1.00 1.00 0.85 0.01 0.00 0.00 0.00 0.00 0.00 0.00 0.00 0.01 0.77 1.00 1.00 0.99 0.13 0.00 
 0.00 0.60 1.00 1.00 0.94 0.20 0.00 0.00 0.00 0.00 0.00 0.00 0.00 0.00 0.58 1.00 1.00 0.91 0.05 0.00 
 0.00 0.33 1.00 1.00 1.00 0.96 0.63 0.37 0.20 0.11 0.01 0.00 0.00 0.00 0.09 0.52 0.57 0.26 0.00 0.00 
 0.00 0.04 0.73 1.00 1.00 1.00 1.00 1.00 1.00 0.98 0.84 0.66 0.48 0.27 0.08 0.00 0.00 0.00 0.00 0.00 
 0.00 0.00 0.06 0.62 0.97 1.00 1.00 1.00 1.00 1.00 1.00 1.00 1.00 1.00 0.94 0.60 0.16 0.00 0.00 0.00 
 0.00 0.00 0.00 0.00 0.19 0.58 0.85 0.97 1.00 1.00 1.00 1.00 1.00 1.00 1.00 1.00 0.96 0.42 0.01 0.00 
 0.00 0.00 0.01 0.02 0.00 0.00 0.01 0.13 0.33 0.50 0.66 0.82 0.92 1.00 1.00 1.00 1.00 0.99 0.42 0.00 
 0.00 0.20 0.80 0.88 0.56 0.01 0.00 0.00 0.00 0.00 0.00 0.00 0.05 0.31 0.69 0.98 1.00 1.00 0.92 0.08 
 0.00 0.61 1.00 1.00 0.98 0.18 0.00 0.00 0.00 0.00 0.00 0.00 0.00 0.00 0.00 0.45 1.00 1.00 1.00 0.35 
 0.00 0.67 1.00 1.00 1.00 0.56 0.00 0.00 0.00 0.00 0.00 0.00 0.00 0.00 0.00 0.12 1.00 1.00 1.00 0.46 
 0.00 0.67 1.00 1.00 1.00 0.95 0.20 0.00 0.00 0.00 0.00 0.00 0.00 0.00 0.00 0.26 1.00 1.00 1.00 0.38 
 0.00 0.67 1.00 1.00 1.00 1.00 0.90 0.30 0.03 0.00 0.00 0.00 0.00 0.06 0.32 0.90 1.00 1.00 0.96 0.14 
 0.00 0.67 1.00 1.00 1.00 1.00 1.00 1.00 0.85 0.66 0.59 0.62 0.72 0.92 1.00 1.00 1.00 1.00 0.64 0.00 
 0.00 0.67 1.00 1.00 1.00 1.00 1.00 1.00 1.00 1.00 1.00 1.00 1.00 1.00 1.00 1.00 1.00 0.78 0.07 0.00 
 0.00 0.60 1.00 1.00 0.86 0.73 1.00 1.00 1.00 1.00 1.00 1.00 1.00 1.00 1.00 0.97 0.56 0.05 0.00 0.00 
 