0.00 0.00 0.00 0.00 0.00 0.26 0.63 0.86 0.98 0.99 0.90 0.69 0.35 0.06 0.62 0.56 0.00 0.00 0.00 0.00 
 0.00 0.00 0.00 0.07 0.71 1.00 1.00 1.00 1.00 1.00 1.00 1.00 1.00 0.93 1.00 1.00 0.16 0.00 0.00 0.00 
 0.00 0.00 0.04 0.81 1.00 1.00 1.00 1.00 0.85 0.78 0.90 1.00 1.00 1.00 1.00 1.00 0.48 0.00 0.00 0.00 
 0.00 0.00 0.53 1.00 1.00 1.00 0.82 0.15 0.00 0.00 0.00 0.19 0.67 1.00 1.00 1.00 0.80 0.00 0.00 0.00 
 0.00 0.02 0.93 1.00 1.00 1.00 0.29 0.00 0.00 0.00 0.00 0.00 0.00 0.40 1.00 1.00 1.00 0.13 0.00 0.00 
 0.00 0.15 1.00 1.00 1.00 1.00 0.51 0.00 0.00 0.00 0.00 0.00 0.00 0.00 0.48 1.00 1.00 0.45 0.00 0.00 
 0.00 0.18 1.00 1.00 1.00 1.00 1.00 0.77 0.45 0.22 0.02 0.00 0.00 0.00 0.01 0.66 0.61 0.19 0.00 0.00 
 0.00 0.06 0.99 1.00 1.00 1.00 1.00 1.00 1.00 1.00 0.95 0.71 0.45 0.17 0.00 0.00 0.00 0.00 0.00 0.00 
 0.00 0.00 0.71 1.00 1.00 1.00 1.00 1.00 1.00 1.00 1.00 1.00 1.00 1.00 0.88 0.54 0.11 0.00 0.00 0.00 
 0.00 0.00 0.15 0.94 1.00 1.00 1.00 1.00 1.00 1.00 1.00 1.00 1.00 1.00 1.00 1.00 0.95 0.31 0.00 0.00 
 0.00 0.00 0.00 0.17 0.78 1.00 1.00 1.00 1.00 1.00 1.00 1.00 1.00 1.00 1.00 1.00 1.00 0.97 0.15 0.00 
 0.00 0.00 0.00 0.00 0.00 0.21 0.52 0.78 0.98 1.00 1.00 1.00 1.00 1.00 1.00 1.00 1.00 1.00 0.59 0.00 
 0.00 0.21 0.58 0.55 0.00 0.00 0.00 0.00 0.05 0.28 0.54 0.79 0.99 1.00 1.00 1.00 1.00 1.00 0.83 0.00 
 0.00 0.53 1.00 1.00 0.26 0.00 0.00 0.00 0.00 0.00 0.00 0.00 0.07 0.45 0.97 1.00 1.00 1.00 0.89 0.00 
 0.00 0.20 1.00 1.00 0.90 0.11 0.00 0.00 0.00 0.00 0.00 0.00 0.00 0.00 0.60 1.00 1.00 1.00 0.78 0.00 
 0.00 0.00 0.87 1.00 1.00 0.84 0.13 0.00 0.00 0.00 0.00 0.00 0.00 0.00 0.65 1.00 1.00 1.00 0.51 0.00 
 0.00 0.00 0.55 1.00 1.00 1.00 0.95 0.45 0.05 0.00 0.00 0.00 0.00 0.37 0.99 1.00 1.00 0.95 0.10 0.00 
 0.00 0.00 0.22 1.00 1.00 1.00 1.00 1.00 0.96 0.75 0.62 0.64 0.85 1.00 1.00 1.00 0.99 0.34 0.00 0.00 
 0.00 0.00 0.01 0.89 1.00 0.94 1.00 1.00 1.00 1.00 1.00 1.00 1.00 1.00 1.00 0.93 0.31 0.00 0.00 0.00 
 0.00 0.00 0.00 0.57 1.00 0.50 0.20 0.62 0.91 1.00 1.00 1.00 1.00 0.83 0.49 0.07 0.00 0.00 0.00 0.00 
 