-1.00 -1.00 -1.00 -1.00 -1.00 -0.71 0.04 0.56 0.86 0.99 0.97 0.81 0.50 -0.02 -0.76 -1.00 -1.00 -1.00 -1.00 -1.00 
 -1.00 -1.00 -1.00 -0.97 0.09 0.98 1.00 1.00 1.00 1.00 1.00 1.00 1.00 1.00 0.96 0.07 -0.96 -1.00 -1.00 -1.00 
 -1.00 -1.00 -0.99 0.25 1.00 1.00 1.00 1.00 1.00 1.00 1.00 1.00 1.00 1.00 1.00 1.00 0.33 -0.99 -1.00 -1.00 
 -1.00 -1.00 -0.44 1.00 1.00 1.00 1.00 1.00 0.97 0.76 0.80 0.99 1.00 1.00 1.00 1.00 1.00 -0.27 -1.00 -1.00 
 -1.00 -1.00 0.35 1.00 1.00 1.00 1.00 0.18 -0.87 -1.00 -1.00 -0.84 0.15 1.00 1.00 1.00 1.00 0.58 -1.00 -1.00 
 -1.00 -1.00 0.74 1.00 1.00 1.00 0.99 -0.94 -1.00 -1.00 -1.00 -1.00 -0.99 0.65 1.00 1.00 1.00 0.98 -0.95 -1.00 
 -1.00 -1.00 0.82 1.00 1.00 1.00 1.00 -0.07 -0.92 -1.00 -1.00 -1.00 -1.00 -0.44 -0.16 -0.16 -0.16 -0.16 -0.93 -1.00 
 -1.00 -1.00 0.58 1.00 1.00 1.00 1.00 1.00 0.91 0.39 -0.18 -0.76 -1.00 -1.00 -1.00 -1.00 -1.00 -1.00 -1.00 -1.00 
 -1.00 -1.00 -0.10 1.00 1.00 1.00 1.00 1.00 1.00 1.00 1.00 1.00 0.66 0.08 -0.49 -0.96 -1.00 -1.00 -1.00 -1.00 
 -1.00 -1.00 -0.95 0.42 1.00 1.00 1.00 1.00 1.00 1.00 1.00 1.00 1.00 1.00 1.00 0.82 -0.13 -0.98 -1.00 -1.00 
 -1.00 -1.00 -1.00 -0.98 -0.33 0.47 0.98 1.00 1.00 1.00 1.00 1.00 1.00 1.00 1.00 1.00 1.00 0.18 -1.00 -1.00 
 -1.00 -1.00 -1.00 -1.00 -1.00 -1.00 -0.84 -0.24 0.38 0.93 1.00 1.00 1.00 1.00 1.00 1.00 1.00 1.00 -0.58 -1.00 
 -1.00 -1.00 -1.00 -1.00 -1.00 -1.00 -1.00 -1.00 -1.00 -0.91 -0.37 0.25 0.86 1.00 1.00 1.00 1.00 1.00 0.02 -1.00 
 -1.00 -0.69 -0.47 -0.47 -0.47 -0.47 -0.87 -1.00 -1.00 -1.00 -1.00 -1.00 -0.93 0.29 1.00 1.00 1.00 1.00 0.22 -1.00 
 -1.00 0.04 1.00 1.00 1.00 1.00 -0.12 -1.00 -1.00 -1.00 -1.00 -1.00 -1.00 -0.32 1.00 1.00 1.00 1.00 0.10 -1.00 
 -1.00 -0.37 1.00 1.00 1.00 1.00 0.86 -0.38 -0.97 -1.00 -1.00 -0.99 -0.57 0.68 1.00 1.00 1.00 1.00 -0.36 -1.00 
 -1.00 -0.95 0.78 1.00 1.00 1.00 1.00 1.00 0.91 0.67 0.65 0.86 1.00 1.00 1.00 1.00 1.00 0.76 -0.95 -1.00 
 -1.00 -1.00 -0.47 0.96 1.00 1.00 1.00 1.00 1.00 1.00 1.00 1.00 1.00 1.00 1.00 1.00 0.96 -0.48 -1.00 -1.00 
 -1.00 -1.00 -1.00 -0.51 0.73 1.00 1.00 1.00 1.00 1.00 1.00 1.00 1.00 1.00 1.00 0.80 -0.45 -1.00 -1.00 -1.00 
 -1.00 -1.00 -1.00 -1.00 -0.96 -0.34 0.27 0.68 0.94 1.00 1.00 0.99 0.81 0.43 -0.18 -0.91 -1.00 -1.00 -1.00 -1.00 
 