-1.00 -1.00 -1.00 -1.00 -1.00 -0.60 0.16 0.65 0.92 1.00 0.91 0.62 0.11 -0.65 -0.98 -0.23 0.19 -0.29 -1.00 -1.00 
 -1.00 -1.00 -1.00 -0.89 0.29 1.00 1.00 1.00 1.00 1.00 1.00 1.00 1.00 0.99 0.74 1.00 1.00 0.24 -1.00 -1.00 
 -1.00 -1.00 -0.92 0.57 1.00 1.00 0.94 0.00 -0.62 -0.79 -0.62 -0.08 0.79 1.00 1.00 1.00 1.00 0.29 -1.00 -1.00 
 -1.00 -1.00 0.09 1.00 1.00 1.00 -0.28 -1.00 -1.00 -1.00 -1.00 -1.00 -0.88 0.40 1.00 1.00 1.00 0.33 -1.00 -1.00 
 -1.00 -0.91 0.91 1.00 1.00 1.00 -0.79 -1.00 -1.00 -1.00 -1.00 -1.00 -1.00 -0.96 0.44 1.00 1.00 0.39 -1.00 -1.00 
 -1.00 -0.49 1.00 1.00 1.00 1.00 0.11 -0.94 -1.00 -1.00 -1.00 -1.00 -1.00 -1.00 -0.86 0.78 1.00 0.44 -1.00 -1.00 
 -1.00 -0.34 1.00 1.00 1.00 1.00 1.00 0.86 0.29 -0.21 -0.69 -0.99 -1.00 -1.00 -1.00 -0.43 0.51 0.12 -1.00 -1.00 
 -1.00 -0.51 1.00 1.00 1.00 1.00 1.00 1.00 1.00 1.00 1.00 0.81 0.32 -0.21 -0.80 -1.00 -1.00 -1.00 -1.00 -1.00 
 -1.00 -0.94 0.87 1.00 1.00 1.00 1.00 1.00 1.00 1.00 1.00 1.00 1.00 1.00 0.98 0.40 -0.70 -1.00 -1.00 -1.00 
 -1.00 -1.00 -0.10 1.00 1.00 1.00 1.00 1.00 1.00 1.00 1.00 1.00 1.00 1.00 1.00 1.00 0.89 -0.55 -1.00 -1.00 
 -1.00 -1.00 -0.98 0.22 1.00 1.00 1.00 1.00 1.00 1.00 1.00 1.00 1.00 1.00 1.00 1.00 1.00 0.80 -0.91 -1.00 
 -1.00 -1.00 -1.00 -0.99 -0.21 0.81 1.00 1.00 1.00 1.00 1.00 1.00 1.00 1.00 1.00 1.00 1.00 1.00 -0.22 -1.00 
 -1.00 -0.55 -0.10 -0.61 -1.00 -0.95 -0.40 0.15 0.62 0.97 1.00 1.00 1.00 1.00 1.00 1.00 1.00 1.00 0.22 -1.00 
 -1.00 -0.06 1.00 0.64 -0.97 -1.00 -1.00 -1.00 -1.00 -0.91 -0.51 -0.05 0.58 1.00 1.00 1.00 1.00 1.00 0.33 -1.00 
 -1.00 -0.11 1.00 1.00 -0.07 -1.00 -1.00 -1.00 -1.00 -1.00 -1.00 -1.00 -0.99 -0.12 1.00 1.00 1.00 1.00 0.15 -1.00 
 -1.00 -0.17 1.00 1.00 0.96 -0.50 -1.00 -1.00 -1.00 -1.00 -1.00 -1.00 -1.00 -0.98 0.95 1.00 1.00 1.00 -0.36 -1.00 
 -1.00 -0.23 1.00 1.00 1.00 0.90 -0.42 -1.00 -1.00 -1.00 -1.00 -1.00 -1.00 -0.74 1.00 1.00 1.00 0.72 -0.96 -1.00 
 -1.00 -0.29 1.00 1.00 1.00 1.00 0.99 0.29 -0.54 -0.96 -1.00 -0.98 -0.51 0.65 1.00 1.00 0.93 -0.56 -1.00 -1.00 
 -1.00 -0.34 1.00 1.00 0.88 0.94 1.00 1.00 1.00 0.96 0.84 0.95 1.00 1.00 1.00 0.77 -0.54 -1.00 -1.00 -1.00 
 -1.00 -0.69 0.02 -0.15 -0.88 -0.79 -0.00 0.60 0.97 1.00 1.00 1.00 0.98 0.59 -0.11 -0.91 -1.00 -1.00 -1.00 -1.00 
 