-1.00 -1.00 -1.00 -1.00 -1.00 -0.99 -0.44 0.35 0.80 0.98 0.89 0.55 0.01 -0.57 -0.65 0.73 -0.75 -1.00 -1.00 -1.00 
 -1.00 -1.00 -1.00 -1.00 -0.93 0.33 1.00 1.00 0.59 -0.11 -0.16 0.33 0.98 1.00 1.00 1.00 -0.73 -1.00 -1.00 -1.00 
 -1.00 -1.00 -1.00 -0.99 0.31 1.00 1.00 0.50 -0.97 -1.00 -1.00 -1.00 -0.58 0.80 1.00 1.00 -0.73 -1.00 -1.00 -1.00 
 -1.00 -1.00 -1.00 -0.50 1.00 1.00 1.00 -0.25 -1.00 -1.00 -1.00 -1.00 -1.00 -0.63 0.95 1.00 -0.73 -1.00 -1.00 -1.00 
 -1.00 -1.00 -1.00 0.22 1.00 1.00 1.00 -0.04 -1.00 -1.00 -1.00 -1.00 -1.00 -1.00 0.10 1.00 -0.73 -1.00 -1.00 -1.00 
 -1.00 -1.00 -1.00 0.55 1.00 1.00 1.00 0.87 -0.61 -1.00 -1.00 -1.00 -1.00 -1.00 -0.73 0.99 -0.73 -1.00 -1.00 -1.00 
 -1.00 -1.00 -1.00 0.56 1.00 1.00 1.00 1.00 0.93 -0.04 -0.91 -1.00 -1.00 -1.00 -1.00 -0.83 -0.97 -1.00 -1.00 -1.00 
 -1.00 -1.00 -1.00 0.22 1.00 1.00 1.00 1.00 1.00 1.00 0.84 0.03 -0.82 -1.00 -1.00 -1.00 -1.00 -1.00 -1.00 -1.00 
 -1.00 -1.00 -1.00 -0.57 0.99 1.00 1.00 1.00 1.00 1.00 1.00 1.00 0.93 0.04 -0.92 -1.00 -1.00 -1.00 -1.00 -1.00 
 -1.00 -1.00 -1.00 -1.00 0.03 1.00 1.00 1.00 1.00 1.00 1.00 1.00 1.00 1.00 0.67 -0.73 -1.00 -1.00 -1.00 -1.00 
 -1.00 -1.00 -1.00 -1.00 -0.99 -0.08 0.96 1.00 1.00 1.00 1.00 1.00 1.00 1.00 1.00 0.74 -0.87 -1.00 -1.00 -1.00 
 -1.00 -1.00 -1.00 -1.00 -1.00 -1.00 -0.65 0.44 1.00 1.00 1.00 1.00 1.00 1.00 1.00 1.00 0.07 -1.00 -1.00 -1.00 
 -1.00 -1.00 -1.00 -1.00 -1.00 -1.00 -1.00 -1.00 -0.58 0.31 0.98 1.00 1.00 1.00 1.00 1.00 0.72 -1.00 -1.00 -1.00 
 -1.00 -1.00 -1.00 0.29 -0.44 -1.00 -1.00 -1.00 -1.00 -1.00 -0.67 0.51 1.00 1.00 1.00 1.00 0.96 -1.00 -1.00 -1.00 
 -1.00 -1.00 -1.00 0.76 0.30 -1.00 -1.00 -1.00 -1.00 -1.00 -1.00 -0.98 0.29 1.00 1.00 1.00 0.93 -1.00 -1.00 -1.00 
 -1.00 -1.00 -1.00 0.76 0.94 -0.80 -1.00 -1.00 -1.00 -1.00 -1.00 -1.00 -0.84 1.00 1.00 1.00 0.62 -1.00 -1.00 -1.00 
 -1.00 -1.00 -1.00 0.76 1.00 0.31 -0.99 -1.00 -1.00 -1.00 -1.00 -1.00 -0.92 0.99 1.00 1.00 -0.03 -1.00 -1.00 -1.00 
 -1.00 -1.00 -1.00 0.76 1.00 1.00 0.08 -0.97 -1.00 -1.00 -1.00 -1.00 -0.13 1.00 1.00 0.78 -0.87 -1.00 -1.00 -1.00 
 -1.00 -1.00 -1.00 0.76 1.00 0.95 1.00 0.66 -0.07 -0.39 -0.34 0.22 0.98 1.00 0.81 -0.62 -1.00 -1.00 -1.00 -1.00 
 -1.00 -1.00 -1.00 0.76 0.04 -0.95 -0.37 0.27 0.74 1.00 1.00 1.00 0.80 0.11 -0.84 -1.00 -1.00 -1.00 -1.00 -1.00 
 