-1.00 -1.00 -1.00 -1.00 -1.00 -0.69 0.10 0.60 0.88 0.99 1.00 0.92 0.72 0.36 -0.18 -0.83 -1.00 -1.00 -1.00 -1.00 
 -1.00 -1.00 -1.00 -0.99 -0.07 0.97 1.00 1.00 1.00 1.00 1.00 1.00 1.00 1.00 1.00 0.95 -0.00 -1.00 -1.00 -1.00 
 -1.00 -1.00 -1.00 -0.29 1.00 1.00 1.00 1.00 1.00 0.91 0.94 1.00 1.00 1.00 1.00 1.00 0.50 -1.00 -1.00 -1.00 
 -1.00 -1.00 -0.99 0.72 1.00 1.00 1.00 0.04 -0.87 -1.00 -0.99 -0.81 -0.29 0.55 1.00 1.00 0.16 -1.00 -1.00 -1.00 
 -1.00 -1.00 -0.73 1.00 1.00 1.00 0.81 -0.99 -1.00 -1.00 -1.00 -1.00 -1.00 -0.99 -0.21 0.95 -0.22 -1.00 -1.00 -1.00 
 -1.00 -1.00 -0.51 1.00 1.00 1.00 0.86 -0.95 -1.00 -1.00 -1.00 -1.00 -1.00 -1.00 -1.00 -0.66 -0.91 -1.00 -1.00 -1.00 
 -1.00 -1.00 -0.55 1.00 1.00 1.00 1.00 0.43 -0.58 -0.98 -1.00 -1.00 -1.00 -1.00 -1.00 -1.00 -1.00 -1.00 -1.00 -1.00 
 -1.00 -1.00 -0.88 0.95 1.00 1.00 1.00 1.00 1.00 0.87 0.48 0.10 -0.37 -0.92 -1.00 -1.00 -1.00 -1.00 -1.00 -1.00 
 -1.00 -1.00 -1.00 0.22 1.00 1.00 1.00 1.00 1.00 1.00 1.00 1.00 1.00 0.87 -0.10 -0.98 -1.00 -1.00 -1.00 -1.00 
 -1.00 -1.00 -1.00 -0.87 0.66 1.00 1.00 1.00 1.00 1.00 1.00 1.00 1.00 1.00 1.00 0.38 -0.95 -1.00 -1.00 -1.00 
 -1.00 -1.00 -1.00 -1.00 -0.84 0.47 1.00 1.00 1.00 1.00 1.00 1.00 1.00 1.00 1.00 1.00 0.14 -1.00 -1.00 -1.00 
 -1.00 -1.00 -1.00 -1.00 -1.00 -0.99 -0.43 0.29 0.80 1.00 1.00 1.00 1.00 1.00 1.00 1.00 0.98 -0.74 -1.00 -1.00 
 -1.00 -1.00 -1.00 -1.00 -1.00 -1.00 -1.00 -1.00 -0.99 -0.78 -0.40 0.07 0.82 1.00 1.00 1.00 1.00 -0.14 -1.00 -1.00 
 -1.00 -1.00 -1.00 -0.55 -0.95 -1.00 -1.00 -1.00 -1.00 -1.00 -1.00 -1.00 -0.85 0.73 1.00 1.00 1.00 0.13 -1.00 -1.00 
 -1.00 -1.00 -0.98 0.91 0.30 -0.97 -1.00 -1.00 -1.00 -1.00 -1.00 -1.00 -1.00 0.09 1.00 1.00 1.00 0.10 -1.00 -1.00 
 -1.00 -1.00 -0.71 1.00 1.00 0.47 -0.76 -1.00 -1.00 -1.00 -1.00 -1.00 -1.00 0.38 1.00 1.00 1.00 -0.16 -1.00 -1.00 
 -1.00 -1.00 -0.33 1.00 1.00 1.00 0.94 0.25 -0.33 -0.62 -0.69 -0.51 0.16 1.00 1.00 1.00 0.99 -0.72 -1.00 -1.00 
 -1.00 -1.00 -0.08 1.00 1.00 1.00 1.00 1.00 1.00 1.00 1.00 1.00 1.00 1.00 1.00 1.00 0.28 -1.00 -1.00 -1.00 
 -1.00 -1.00 -0.91 0.06 0.88 1.00 1.00 1.00 1.00 1.00 1.00 1.00 1.00 1.00 1.00 0.45 -0.91 -1.00 -1.00 -1.00 
 -1.00 -1.00 -1.00 -1.00 -0.91 -0.29 0.27 0.70 0.97 1.00 1.00 1.00 0.87 0.42 -0.33 -0.98 -1.00 -1.00 -1.00 -1.00 
 