-1.00 -1.00 -1.00 -1.00 -1.00 -1.00 -1.00 -1.00 -0.69 0.20 0.71 0.90 0.80 0.41 -0.14 -0.52 -0.11 0.22 -1.00 -1.00 
 -1.00 -1.00 -1.00 -1.00 -1.00 -1.00 -1.00 -0.36 0.95 1.00 0.10 -0.74 -0.79 -0.28 0.80 1.00 1.00 -0.07 -1.00 -1.00 
 -1.00 -1.00 -1.00 -1.00 -1.00 -1.00 -0.81 0.91 1.00 0.55 -1.00 -1.00 -1.00 -1.00 -0.68 0.93 1.00 -0.36 -1.00 -1.00 
 -1.00 -1.00 -1.00 -1.00 -1.00 -1.00 -0.12 1.00 1.00 0.23 -1.00 -1.00 -1.00 -1.00 -1.00 0.14 1.00 -0.65 -1.00 -1.00 
 -1.00 -1.00 -1.00 -1.00 -1.00 -1.00 0.20 1.00 1.00 0.58 -1.00 -1.00 -1.00 -1.00 -1.00 -0.54 0.99 -0.92 -1.00 -1.00 
 -1.00 -1.00 -1.00 -1.00 -1.00 -1.00 0.11 1.00 1.00 1.00 -0.56 -1.00 -1.00 -1.00 -1.00 -0.94 0.75 -1.00 -1.00 -1.00 
 -1.00 -1.00 -1.00 -1.00 -1.00 -1.00 -0.42 1.00 1.00 1.00 0.61 -0.96 -1.00 -1.00 -1.00 -1.00 -0.81 -1.00 -1.00 -1.00 
 -1.00 -1.00 -1.00 -1.00 -1.00 -1.00 -0.98 0.69 1.00 1.00 1.00 0.09 -1.00 -1.00 -1.00 -1.00 -1.00 -1.00 -1.00 -1.00 
 -1.00 -1.00 -1.00 -1.00 -1.00 -1.00 -1.00 -0.41 1.00 1.00 1.00 1.00 -0.33 -1.00 -1.00 -1.00 -1.00 -1.00 -1.00 -1.00 
 -1.00 -1.00 -1.00 -1.00 -1.00 -1.00 -1.00 -1.00 0.27 1.00 1.00 1.00 0.89 -0.75 -1.00 -1.00 -1.00 -1.00 -1.00 -1.00 
 -1.00 -1.00 -1.00 -1.00 -1.00 -1.00 -1.00 -1.00 -0.89 0.69 1.00 1.00 1.00 0.44 -0.99 -1.00 -1.00 -1.00 -1.00 -1.00 
 -1.00 -1.00 -1.00 -1.00 -1.00 -1.00 -1.00 -1.00 -1.00 -0.62 0.95 1.00 1.00 1.00 -0.48 -1.00 -1.00 -1.00 -1.00 -1.00 
 -1.00 -1.00 -1.00 -1.00 -1.00 -1.00 -1.00 -1.00 -1.00 -1.00 0.02 1.00 1.00 1.00 0.32 -1.00 -1.00 -1.00 -1.00 -1.00 
 -1.00 -1.00 -1.00 0.68 -0.97 -1.00 -1.00 -1.00 -1.00 -1.00 -0.91 0.84 1.00 1.00 0.80 -1.00 -1.00 -1.00 -1.00 -1.00 
 -1.00 -1.00 -0.95 0.98 -0.60 -1.00 -1.00 -1.00 -1.00 -1.00 -1.00 0.15 1.00 1.00 0.88 -1.00 -1.00 -1.00 -1.00 -1.00 
 -1.00 -1.00 -0.73 1.00 -0.03 -1.00 -1.00 -1.00 -1.00 -1.00 -1.00 -0.18 1.00 1.00 0.62 -1.00 -1.00 -1.00 -1.00 -1.00 
 -1.00 -1.00 -0.47 1.00 0.73 -0.97 -1.00 -1.00 -1.00 -1.00 -1.00 0.01 1.00 1.00 -0.04 -1.00 -1.00 -1.00 -1.00 -1.00 
 -1.00 -1.00 -0.22 1.00 1.00 -0.07 -1.00 -1.00 -1.00 -1.00 -0.91 0.74 1.00 0.71 -0.91 -1.00 -1.00 -1.00 -1.00 -1.00 
 -1.00 -1.00 0.03 1.00 1.00 0.98 0.04 -0.76 -0.94 -0.56 0.53 1.00 0.62 -0.76 -1.00 -1.00 -1.00 -1.00 -1.00 -1.00 
 -1.00 -1.00 0.28 -0.23 -0.75 -0.37 0.14 0.62 0.83 0.74 0.39 -0.27 -0.96 -1.00 -1.00 -1.00 -1.00 -1.00 -1.00 -1.00 
 