0.00 0.00 0.00 0.00 0.00 0.01 0.26 0.61 0.83 0.96 1.00 0.99 0.89 0.76 0.56 0.31 0.08 0.00 0.00 0.00 
 0.00 0.00 0.00 0.00 0.11 0.72 1.00 1.00 1.00 1.00 1.00 1.00 1.00 1.00 1.00 1.00 0.96 0.42 0.00 0.00 
 0.00 0.00 0.00 0.10 0.85 1.00 1.00 0.86 0.53 0.35 0.30 0.35 0.48 0.71 0.94 1.00 1.00 0.60 0.00 0.00 
 0.00 0.00 0.00 0.65 1.00 1.00 0.57 0.02 0.00 0.00 0.00 0.00 0.00 0.00 0.05 0.43 0.88 0.60 0.00 0.00 
 0.00 0.00 0.08 0.98 1.00 0.82 0.01 0.00 0.00 0.00 0.00 0.00 0.00 0.00 0.00 0.00 0.06 0.30 0.00 0.00 
 0.00 0.00 0.19 1.00 1.00 0.61 0.00 0.00 0.00 0.00 0.00 0.00 0.00 0.00 0.00 0.00 0.00 0.00 0.00 0.00 
 0.00 0.00 0.17 1.00 1.00 0.71 0.00 0.00 0.00 0.00 0.00 0.00 0.00 0.00 0.00 0.00 0.00 0.00 0.00 0.00 
 0.00 0.00 0.07 0.96 1.00 0.97 0.24 0.00 0.00 0.00 0.00 0.00 0.00 0.00 0.00 0.00 0.00 0.00 0.00 0.00 
 0.00 0.00 0.00 0.59 1.00 1.00 0.97 0.62 0.30 0.12 0.03 0.00 0.00 0.00 0.00 0.00 0.00 0.00 0.00 0.00 
 0.00 0.00 0.00 0.07 0.78 1.00 1.00 1.00 1.00 1.00 0.92 0.74 0.54 0.32 0.10 0.00 0.00 0.00 0.00 0.00 
 0.00 0.00 0.00 0.00 0.05 0.54 0.92 1.00 1.00 1.00 1.00 1.00 1.00 1.00 0.98 0.65 0.14 0.00 0.00 0.00 
 0.00 0.00 0.00 0.00 0.00 0.00 0.04 0.30 0.53 0.72 0.87 0.95 1.00 1.00 1.00 1.00 0.93 0.21 0.00 0.00 
 0.00 0.00 0.00 0.00 0.00 0.00 0.00 0.00 0.00 0.00 0.00 0.06 0.28 0.56 0.93 1.00 1.00 0.84 0.01 0.00 
 0.00 0.00 0.00 0.00 0.00 0.00 0.00 0.00 0.00 0.00 0.00 0.00 0.00 0.00 0.12 0.88 1.00 1.00 0.23 0.00 
 0.00 0.00 0.00 0.00 0.00 0.00 0.00 0.00 0.00 0.00 0.00 0.00 0.00 0.00 0.00 0.50 1.00 1.00 0.38 0.00 
 0.00 0.00 0.00 0.00 0.00 0.00 0.00 0.00 0.00 0.00 0.00 0.00 0.00 0.00 0.00 0.41 1.00 1.00 0.37 0.00 
 0.00 0.00 0.23 0.34 0.01 0.00 0.00 0.00 0.00 0.00 0.00 0.00 0.00 0.00 0.00 0.64 1.00 0.99 0.17 0.00 
 0.00 0.00 0.30 1.00 0.69 0.20 0.01 0.00 0.00 0.00 0.00 0.00 0.00 0.01 0.35 0.99 1.00 0.74 0.00 0.00 
 0.00 0.00 0.30 1.00 1.00 1.00 0.79 0.48 0.26 0.13 0.10 0.17 0.34 0.69 1.00 1.00 0.92 0.17 0.00 0.00 
 0.00 0.00 0.19 0.90 1.00 1.00 1.00 1.00 1.00 1.00 1.00 1.00 1.00 1.00 1.00 0.85 0.19 0.00 0.00 0.00 
 