0.00 0.00 0.00 0.00 0.11 0.47 0.78 0.90 0.86 0.88 0.82 0.59 0.35 0.39 0.76 0.13 0.00 0.00 0.00 0.00 
 0.00 0.00 0.00 0.25 0.90 0.88 0.39 0.11 0.00 0.04 0.25 0.59 0.92 1.00 1.00 0.51 0.00 0.00 0.00 0.00 
 0.00 0.00 0.08 0.90 0.94 0.15 0.00 0.00 0.00 0.00 0.00 0.00 0.13 0.69 1.00 0.86 0.02 0.00 0.00 0.00 
 0.00 0.00 0.33 1.00 0.67 0.00 0.00 0.00 0.00 0.00 0.00 0.00 0.00 0.02 0.55 1.00 0.33 0.00 0.00 0.00 
 0.00 0.00 0.43 1.00 0.59 0.00 0.00 0.00 0.00 0.00 0.00 0.00 0.00 0.00 0.02 0.57 0.72 0.00 0.00 0.00 
 0.00 0.00 0.31 1.00 0.84 0.04 0.00 0.00 0.00 0.00 0.00 0.00 0.00 0.00 0.00 0.04 0.64 0.04 0.00 0.00 
 0.00 0.00 0.08 0.88 1.00 0.76 0.18 0.00 0.00 0.00 0.00 0.00 0.00 0.00 0.00 0.00 0.00 0.00 0.00 0.00 
 0.00 0.00 0.00 0.23 0.92 1.00 0.98 0.67 0.29 0.08 0.00 0.00 0.00 0.00 0.00 0.00 0.00 0.00 0.00 0.00 
 0.00 0.00 0.00 0.00 0.15 0.72 0.98 1.00 1.00 0.92 0.62 0.29 0.08 0.00 0.00 0.00 0.00 0.00 0.00 0.00 
 0.00 0.00 0.00 0.00 0.00 0.00 0.25 0.65 0.92 1.00 1.00 1.00 0.92 0.53 0.13 0.00 0.00 0.00 0.00 0.00 
 0.00 0.00 0.00 0.00 0.00 0.00 0.00 0.00 0.08 0.39 0.72 0.92 1.00 1.00 0.94 0.47 0.04 0.00 0.00 0.00 
 0.00 0.00 0.00 0.00 0.00 0.00 0.00 0.00 0.00 0.00 0.00 0.08 0.41 0.80 1.00 1.00 0.67 0.02 0.00 0.00 
 0.00 0.00 0.00 0.00 0.00 0.00 0.00 0.00 0.00 0.00 0.00 0.00 0.00 0.02 0.41 0.96 1.00 0.35 0.00 0.00 
 0.00 0.04 0.23 0.00 0.00 0.00 0.00 0.00 0.00 0.00 0.00 0.00 0.00 0.00 0.00 0.47 1.00 0.72 0.00 0.00 
 0.00 0.04 0.76 0.21 0.00 0.00 0.00 0.00 0.00 0.00 0.00 0.00 0.00 0.00 0.00 0.16 1.00 0.86 0.00 0.00 
 0.00 0.00 0.43 0.86 0.15 0.00 0.00 0.00 0.00 0.00 0.00 0.00 0.00 0.00 0.00 0.21 1.00 0.80 0.00 0.00 
 0.00 0.00 0.15 0.98 0.86 0.18 0.00 0.00 0.00 0.00 0.00 0.00 0.00 0.00 0.00 0.51 1.00 0.53 0.00 0.00 
 0.00 0.00 0.00 0.67 1.00 0.94 0.41 0.06 0.00 0.00 0.00 0.00 0.00 0.00 0.27 0.96 0.88 0.08 0.00 0.00 
 0.00 0.00 0.00 0.29 1.00 1.00 1.00 0.86 0.47 0.23 0.15 0.15 0.23 0.57 0.98 0.80 0.18 0.00 0.00 0.00 
 0.00 0.00 0.00 0.06 0.72 0.43 0.18 0.35 0.62 0.84 1.00 1.00 0.94 0.74 0.39 0.02 0.00 0.00 0.00 0.00 
 