0.00 0.00 0.00 0.00 0.00 0.02 0.29 0.64 0.86 0.98 1.00 0.93 0.76 0.50 0.14 0.00 0.00 0.00 0.00 0.00 
 0.00 0.00 0.00 0.00 0.10 0.75 1.00 1.00 1.00 1.00 1.00 1.00 1.00 1.00 0.97 0.47 0.01 0.00 0.00 0.00 
 0.00 0.00 0.00 0.04 0.79 1.00 1.00 0.89 0.58 0.43 0.40 0.49 0.72 0.97 1.00 1.00 0.48 0.00 0.00 0.00 
 0.00 0.00 0.00 0.38 1.00 1.00 0.71 0.04 0.00 0.00 0.00 0.00 0.00 0.24 0.94 1.00 0.96 0.11 0.00 0.00 
 0.00 0.00 0.00 0.69 1.00 0.95 0.09 0.00 0.00 0.00 0.00 0.00 0.00 0.00 0.45 1.00 1.00 0.47 0.00 0.00 
 0.00 0.00 0.00 0.80 1.00 0.90 0.00 0.00 0.00 0.00 0.00 0.00 0.00 0.00 0.13 1.00 0.94 0.59 0.00 0.00 
 0.00 0.00 0.00 0.70 1.00 0.97 0.18 0.00 0.00 0.00 0.00 0.00 0.00 0.00 0.01 0.10 0.04 0.00 0.00 0.00 
 0.00 0.00 0.00 0.36 1.00 1.00 0.88 0.34 0.05 0.00 0.00 0.00 0.00 0.00 0.00 0.00 0.00 0.00 0.00 0.00 
 0.00 0.00 0.00 0.02 0.70 1.00 1.00 1.00 0.94 0.67 0.42 0.18 0.04 0.00 0.00 0.00 0.00 0.00 0.00 0.00 
 0.00 0.00 0.00 0.00 0.03 0.55 0.96 1.00 1.00 1.00 1.00 1.00 0.91 0.61 0.27 0.02 0.00 0.00 0.00 0.00 
 0.00 0.00 0.00 0.00 0.00 0.00 0.10 0.45 0.77 0.95 1.00 1.00 1.00 1.00 1.00 0.79 0.19 0.00 0.00 0.00 
 0.00 0.00 0.00 0.00 0.00 0.00 0.00 0.00 0.00 0.06 0.30 0.56 0.83 0.98 1.00 1.00 0.93 0.20 0.00 0.00 
 0.00 0.00 0.00 0.00 0.00 0.00 0.00 0.00 0.00 0.00 0.00 0.00 0.00 0.21 0.75 1.00 1.00 0.78 0.00 0.00 
 0.00 0.00 0.07 0.20 0.24 0.00 0.00 0.00 0.00 0.00 0.00 0.00 0.00 0.00 0.04 0.80 1.00 0.99 0.15 0.00 
 0.00 0.00 0.56 1.00 0.94 0.05 0.00 0.00 0.00 0.00 0.00 0.00 0.00 0.00 0.00 0.44 1.00 1.00 0.30 0.00 
 0.00 0.00 0.37 1.00 1.00 0.37 0.00 0.00 0.00 0.00 0.00 0.00 0.00 0.00 0.00 0.48 1.00 1.00 0.24 0.00 
 0.00 0.00 0.10 0.96 1.00 0.87 0.12 0.00 0.00 0.00 0.00 0.00 0.00 0.00 0.06 0.85 1.00 0.92 0.03 0.00 
 0.00 0.00 0.00 0.49 1.00 1.00 0.90 0.39 0.07 0.00 0.00 0.00 0.03 0.24 0.79 1.00 1.00 0.52 0.00 0.00 
 0.00 0.00 0.00 0.02 0.68 1.00 1.00 1.00 0.97 0.79 0.70 0.73 0.90 1.00 1.00 1.00 0.70 0.03 0.00 0.00 
 0.00 0.00 0.00 0.00 0.02 0.46 0.93 1.00 1.00 1.00 1.00 1.00 1.00 1.00 0.96 0.52 0.03 0.00 0.00 0.00 
 