0.00 0.00 0.00 0.00 0.00 0.00 0.06 0.40 0.71 0.89 1.00 1.00 0.93 0.78 0.52 0.13 0.00 0.00 0.00 0.00 
 0.00 0.00 0.00 0.00 0.00 0.18 0.85 1.00 1.00 1.00 1.00 1.00 1.00 1.00 1.00 0.94 0.31 0.00 0.00 0.00 
 0.00 0.00 0.00 0.00 0.06 0.87 1.00 1.00 1.00 1.00 1.00 1.00 1.00 1.00 1.00 1.00 0.94 0.15 0.00 0.00 
 0.00 0.00 0.00 0.00 0.46 1.00 1.00 1.00 0.84 0.42 0.24 0.25 0.46 0.89 1.00 1.00 1.00 0.60 0.00 0.00 
 0.00 0.00 0.00 0.00 0.76 1.00 1.00 0.90 0.07 0.00 0.00 0.00 0.00 0.15 0.95 1.00 1.00 0.87 0.00 0.00 
 0.00 0.00 0.00 0.00 0.89 1.00 1.00 0.69 0.00 0.00 0.00 0.00 0.00 0.00 0.53 0.84 0.68 0.48 0.03 0.00 
 0.00 0.00 0.00 0.00 0.89 1.00 1.00 0.76 0.00 0.00 0.00 0.00 0.00 0.00 0.00 0.00 0.00 0.00 0.00 0.00 
 0.00 0.00 0.00 0.00 0.77 1.00 1.00 0.98 0.36 0.00 0.00 0.00 0.00 0.00 0.00 0.00 0.00 0.00 0.00 0.00 
 0.00 0.00 0.00 0.00 0.51 1.00 1.00 1.00 0.99 0.73 0.40 0.15 0.02 0.00 0.00 0.00 0.00 0.00 0.00 0.00 
 0.00 0.00 0.00 0.00 0.11 0.93 1.00 1.00 1.00 1.00 1.00 1.00 0.83 0.53 0.22 0.03 0.00 0.00 0.00 0.00 
 0.00 0.00 0.00 0.00 0.00 0.26 0.90 1.00 1.00 1.00 1.00 1.00 1.00 1.00 1.00 0.79 0.21 0.00 0.00 0.00 
 0.00 0.00 0.00 0.00 0.00 0.00 0.09 0.53 0.88 1.00 1.00 1.00 1.00 1.00 1.00 1.00 0.95 0.26 0.00 0.00 
 0.00 0.00 0.00 0.00 0.00 0.00 0.00 0.00 0.02 0.20 0.48 0.76 0.94 1.00 1.00 1.00 1.00 0.87 0.03 0.00 
 0.00 0.00 0.00 0.00 0.00 0.00 0.00 0.00 0.00 0.00 0.00 0.00 0.06 0.49 0.96 1.00 1.00 1.00 0.29 0.00 
 0.00 0.00 0.00 0.00 0.00 0.00 0.00 0.00 0.00 0.00 0.00 0.00 0.00 0.00 0.38 1.00 1.00 1.00 0.49 0.00 
 0.00 0.00 0.00 0.02 0.11 0.25 0.37 0.00 0.00 0.00 0.00 0.00 0.00 0.00 0.11 1.00 1.00 1.00 0.56 0.00 
 0.00 0.00 0.00 0.57 1.00 1.00 0.96 0.16 0.00 0.00 0.00 0.00 0.00 0.00 0.13 1.00 1.00 1.00 0.51 0.00 
 0.00 0.00 0.00 0.41 1.00 1.00 1.00 0.73 0.05 0.00 0.00 0.00 0.00 0.02 0.51 1.00 1.00 1.00 0.35 0.00 
 0.00 0.00 0.00 0.07 0.91 1.00 1.00 1.00 0.84 0.46 0.33 0.33 0.40 0.72 1.00 1.00 1.00 0.93 0.06 0.00 
 0.00 0.00 0.00 0.00 0.38 1.00 1.00 1.00 1.00 1.00 1.00 1.00 1.00 1.00 1.00 1.00 1.00 0.46 0.00 0.00 
 