0.00 0.00 0.00 0.00 0.00 0.00 0.00 0.04 0.25 0.55 0.76 0.88 1.00 1.00 1.00 0.94 0.84 0.72 0.57 0.06 
 0.00 0.00 0.00 0.00 0.00 0.02 0.31 0.82 1.00 1.00 1.00 1.00 1.00 1.00 1.00 1.00 1.00 1.00 1.00 0.15 
 0.00 0.00 0.00 0.00 0.02 0.47 1.00 1.00 1.00 1.00 1.00 1.00 1.00 1.00 1.00 1.00 1.00 1.00 1.00 0.15 
 0.00 0.00 0.00 0.00 0.33 1.00 1.00 1.00 1.00 1.00 0.88 0.67 0.57 0.57 0.57 0.67 0.80 0.88 1.00 0.15 
 0.00 0.00 0.00 0.02 0.80 1.00 1.00 1.00 1.00 0.67 0.04 0.00 0.00 0.00 0.00 0.00 0.00 0.02 0.25 0.06 
 0.00 0.00 0.00 0.15 1.00 1.00 1.00 1.00 0.92 0.08 0.00 0.00 0.00 0.00 0.00 0.00 0.00 0.00 0.00 0.00 
 0.00 0.00 0.00 0.15 1.00 1.00 1.00 1.00 0.94 0.15 0.00 0.00 0.00 0.00 0.00 0.00 0.00 0.00 0.00 0.00 
 0.00 0.00 0.00 0.06 0.90 1.00 1.00 1.00 1.00 0.86 0.31 0.04 0.00 0.00 0.00 0.00 0.00 0.00 0.00 0.00 
 0.00 0.00 0.00 0.00 0.53 1.00 1.00 1.00 1.00 1.00 1.00 0.86 0.51 0.21 0.02 0.00 0.00 0.00 0.00 0.00 
 0.00 0.00 0.00 0.00 0.08 0.78 1.00 1.00 1.00 1.00 1.00 1.00 1.00 1.00 0.80 0.31 0.02 0.00 0.00 0.00 
 0.00 0.00 0.00 0.00 0.00 0.08 0.65 0.98 1.00 1.00 1.00 1.00 1.00 1.00 1.00 1.00 0.59 0.02 0.00 0.00 
 0.00 0.00 0.00 0.00 0.00 0.00 0.00 0.25 0.65 0.90 1.00 1.00 1.00 1.00 1.00 1.00 1.00 0.51 0.00 0.00 
 0.00 0.00 0.00 0.00 0.00 0.00 0.00 0.00 0.00 0.04 0.35 0.74 0.98 1.00 1.00 1.00 1.00 0.90 0.04 0.00 
 0.00 0.00 0.00 0.00 0.00 0.00 0.00 0.00 0.00 0.00 0.00 0.00 0.37 1.00 1.00 1.00 1.00 1.00 0.23 0.00 
 0.00 0.00 0.00 0.00 0.00 0.00 0.00 0.00 0.00 0.00 0.00 0.00 0.08 0.94 1.00 1.00 1.00 1.00 0.25 0.00 
 0.00 0.11 0.11 0.00 0.00 0.00 0.00 0.00 0.00 0.00 0.00 0.00 0.25 1.00 1.00 1.00 1.00 0.94 0.08 0.00 
 0.00 0.43 0.96 0.69 0.45 0.23 0.15 0.15 0.06 0.15 0.15 0.37 0.90 1.00 1.00 1.00 1.00 0.72 0.00 0.00 
 0.00 0.43 1.00 1.00 1.00 1.00 1.00 1.00 0.92 1.00 1.00 1.00 1.00 1.00 1.00 1.00 0.92 0.18 0.00 0.00 
 0.00 0.43 1.00 1.00 1.00 1.00 1.00 1.00 1.00 1.00 1.00 1.00 1.00 1.00 1.00 0.92 0.31 0.00 0.00 0.00 
 0.00 0.43 1.00 1.00 1.00 1.00 1.00 1.00 1.00 1.00 1.00 1.00 1.00 0.98 0.59 0.13 0.00 0.00 0.00 0.00 
 