0.00 0.00 0.00 0.00 0.00 0.00 0.05 0.38 0.70 0.89 1.00 1.00 0.94 0.82 0.58 0.07 0.00 0.00 0.00 0.00 
 0.00 0.00 0.00 0.00 0.00 0.21 0.86 1.00 1.00 1.00 1.00 1.00 1.00 1.00 1.00 0.20 0.00 0.00 0.00 0.00 
 0.00 0.00 0.00 0.00 0.13 0.93 1.00 0.89 0.46 0.21 0.10 0.12 0.26 0.50 0.86 0.20 0.00 0.00 0.00 0.00 
 0.00 0.00 0.00 0.00 0.60 1.00 0.90 0.10 0.00 0.00 0.00 0.00 0.00 0.00 0.03 0.05 0.00 0.00 0.00 0.00 
 0.00 0.00 0.00 0.00 0.85 1.00 0.56 0.00 0.00 0.00 0.00 0.00 0.00 0.00 0.00 0.00 0.00 0.00 0.00 0.00 
 0.00 0.00 0.00 0.00 0.89 1.00 0.55 0.00 0.00 0.00 0.00 0.00 0.00 0.00 0.00 0.00 0.00 0.00 0.00 0.00 
 0.00 0.00 0.00 0.00 0.73 1.00 0.86 0.05 0.00 0.00 0.00 0.00 0.00 0.00 0.00 0.00 0.00 0.00 0.00 0.00 
 0.00 0.00 0.00 0.00 0.33 1.00 1.00 0.76 0.14 0.00 0.00 0.00 0.00 0.00 0.00 0.00 0.00 0.00 0.00 0.00 
 0.00 0.00 0.00 0.00 0.01 0.54 0.99 1.00 0.96 0.55 0.11 0.00 0.00 0.00 0.00 0.00 0.00 0.00 0.00 0.00 
 0.00 0.00 0.00 0.00 0.00 0.00 0.36 0.91 1.00 1.00 0.96 0.51 0.07 0.00 0.00 0.00 0.00 0.00 0.00 0.00 
 0.00 0.00 0.00 0.00 0.00 0.00 0.00 0.07 0.55 0.94 1.00 1.00 0.90 0.32 0.00 0.00 0.00 0.00 0.00 0.00 
 0.00 0.00 0.00 0.00 0.00 0.00 0.00 0.00 0.00 0.09 0.56 0.96 1.00 0.99 0.45 0.00 0.00 0.00 0.00 0.00 
 0.00 0.00 0.00 0.00 0.00 0.00 0.00 0.00 0.00 0.00 0.00 0.16 0.80 1.00 0.98 0.28 0.00 0.00 0.00 0.00 
 0.00 0.00 0.00 0.00 0.00 0.00 0.00 0.00 0.00 0.00 0.00 0.00 0.07 0.86 1.00 0.77 0.00 0.00 0.00 0.00 
 0.00 0.00 0.00 0.00 0.00 0.00 0.00 0.00 0.00 0.00 0.00 0.00 0.00 0.48 1.00 0.90 0.00 0.00 0.00 0.00 
 0.00 0.00 0.00 0.00 0.00 0.00 0.00 0.00 0.00 0.00 0.00 0.00 0.00 0.43 1.00 0.90 0.00 0.00 0.00 0.00 
 0.00 0.00 0.00 0.00 0.26 0.01 0.00 0.00 0.00 0.00 0.00 0.00 0.02 0.75 1.00 0.79 0.00 0.00 0.00 0.00 
 0.00 0.00 0.00 0.00 0.90 0.75 0.38 0.14 0.05 0.00 0.06 0.18 0.66 1.00 0.99 0.35 0.00 0.00 0.00 0.00 
 0.00 0.00 0.00 0.00 0.90 1.00 1.00 1.00 0.95 0.90 0.96 1.00 1.00 0.98 0.52 0.00 0.00 0.00 0.00 0.00 
 0.00 0.00 0.00 0.00 0.30 0.67 0.91 1.00 1.00 1.00 1.00 0.94 0.68 0.24 0.00 0.00 0.00 0.00 0.00 0.00 
 