0.00 0.00 0.00 0.00 0.00 0.00 0.00 0.00 0.11 0.49 0.79 0.95 1.00 0.92 0.74 0.49 0.17 0.00 0.00 0.00 
 0.00 0.00 0.00 0.00 0.00 0.00 0.04 0.50 0.96 1.00 1.00 1.00 1.00 1.00 1.00 1.00 0.99 0.38 0.00 0.00 
 0.00 0.00 0.00 0.00 0.00 0.08 0.77 1.00 1.00 0.98 0.83 0.65 0.60 0.72 0.88 0.98 1.00 0.47 0.00 0.00 
 0.00 0.00 0.00 0.00 0.04 0.78 1.00 1.00 0.75 0.20 0.00 0.00 0.00 0.00 0.00 0.10 0.18 0.01 0.00 0.00 
 0.00 0.00 0.00 0.00 0.45 1.00 1.00 0.72 0.02 0.00 0.00 0.00 0.00 0.00 0.00 0.00 0.00 0.00 0.00 0.00 
 0.00 0.00 0.00 0.00 0.80 1.00 1.00 0.21 0.00 0.00 0.00 0.00 0.00 0.00 0.00 0.00 0.00 0.00 0.00 0.00 
 0.00 0.00 0.00 0.00 0.89 1.00 1.00 0.17 0.00 0.00 0.00 0.00 0.00 0.00 0.00 0.00 0.00 0.00 0.00 0.00 
 0.00 0.00 0.00 0.00 0.71 1.00 1.00 0.82 0.31 0.10 0.03 0.00 0.00 0.00 0.00 0.00 0.00 0.00 0.00 0.00 
 0.00 0.00 0.00 0.00 0.22 0.96 1.00 1.00 1.00 1.00 0.93 0.84 0.76 0.59 0.31 0.04 0.00 0.00 0.00 0.00 
 0.00 0.00 0.00 0.00 0.00 0.22 0.78 0.99 1.00 1.00 1.00 1.00 1.00 1.00 1.00 0.87 0.26 0.00 0.00 0.00 
 0.00 0.00 0.00 0.00 0.00 0.00 0.00 0.16 0.38 0.50 0.54 0.67 0.88 1.00 1.00 1.00 0.97 0.30 0.00 0.00 
 0.00 0.00 0.00 0.00 0.00 0.00 0.00 0.00 0.00 0.00 0.00 0.00 0.01 0.29 0.81 1.00 1.00 0.90 0.06 0.00 
 0.00 0.00 0.00 0.00 0.00 0.00 0.00 0.00 0.00 0.00 0.00 0.00 0.00 0.00 0.04 0.78 1.00 1.00 0.38 0.00 
 0.00 0.00 0.00 0.00 0.00 0.00 0.00 0.00 0.00 0.00 0.00 0.00 0.00 0.00 0.00 0.30 1.00 1.00 0.57 0.00 
 0.00 0.00 0.00 0.00 0.00 0.00 0.00 0.00 0.00 0.00 0.00 0.00 0.00 0.00 0.00 0.22 1.00 1.00 0.58 0.00 
 0.00 0.00 0.11 0.46 0.19 0.00 0.00 0.00 0.00 0.00 0.00 0.00 0.00 0.00 0.00 0.48 1.00 1.00 0.42 0.00 
 0.00 0.00 0.65 1.00 0.92 0.14 0.00 0.00 0.00 0.00 0.00 0.00 0.00 0.00 0.24 0.96 1.00 0.95 0.10 0.00 
 0.00 0.00 0.59 1.00 1.00 0.84 0.19 0.00 0.00 0.00 0.00 0.01 0.15 0.56 0.98 1.00 0.99 0.46 0.00 0.00 
 0.00 0.00 0.15 0.93 1.00 1.00 0.99 0.81 0.65 0.60 0.65 0.82 1.00 1.00 1.00 0.98 0.51 0.00 0.00 0.00 
 0.00 0.00 0.00 0.17 0.75 1.00 1.00 1.00 1.00 1.00 1.00 1.00 1.00 1.00 0.80 0.26 0.00 0.00 0.00 0.00 
 