0.00 0.00 0.00 0.00 0.00 0.00 0.00 0.11 0.51 0.82 0.98 1.00 0.98 0.84 0.69 0.29 0.00 0.00 0.00 0.00 
 0.00 0.00 0.00 0.00 0.00 0.00 0.33 0.92 0.94 0.86 0.86 0.86 0.96 1.00 1.00 0.31 0.00 0.00 0.00 0.00 
 0.00 0.00 0.00 0.00 0.00 0.25 0.98 0.78 0.11 0.00 0.00 0.00 0.13 0.39 0.65 0.06 0.00 0.00 0.00 0.00 
 0.00 0.00 0.00 0.00 0.02 0.76 1.00 0.29 0.00 0.00 0.00 0.00 0.00 0.00 0.00 0.00 0.00 0.00 0.00 0.00 
 0.00 0.00 0.00 0.00 0.15 1.00 1.00 0.15 0.00 0.00 0.00 0.00 0.00 0.00 0.00 0.00 0.00 0.00 0.00 0.00 
 0.00 0.00 0.00 0.00 0.15 1.00 1.00 0.25 0.00 0.00 0.00 0.00 0.00 0.00 0.00 0.00 0.00 0.00 0.00 0.00 
 0.00 0.00 0.00 0.00 0.13 0.98 1.00 0.78 0.08 0.00 0.00 0.00 0.00 0.00 0.00 0.00 0.00 0.00 0.00 0.00 
 0.00 0.00 0.00 0.00 0.00 0.72 1.00 1.00 0.86 0.33 0.06 0.00 0.00 0.00 0.00 0.00 0.00 0.00 0.00 0.00 
 0.00 0.00 0.00 0.00 0.00 0.23 0.96 1.00 1.00 1.00 0.88 0.47 0.13 0.00 0.00 0.00 0.00 0.00 0.00 0.00 
 0.00 0.00 0.00 0.00 0.00 0.00 0.31 0.90 1.00 1.00 1.00 1.00 0.94 0.49 0.06 0.00 0.00 0.00 0.00 0.00 
 0.00 0.00 0.00 0.00 0.00 0.00 0.00 0.08 0.55 0.90 1.00 1.00 1.00 1.00 0.78 0.08 0.00 0.00 0.00 0.00 
 0.00 0.00 0.00 0.00 0.00 0.00 0.00 0.00 0.00 0.06 0.41 0.80 1.00 1.00 1.00 0.65 0.00 0.00 0.00 0.00 
 0.00 0.00 0.00 0.00 0.00 0.00 0.00 0.00 0.00 0.00 0.00 0.02 0.39 0.92 1.00 0.96 0.15 0.00 0.00 0.00 
 0.00 0.00 0.00 0.00 0.00 0.00 0.00 0.00 0.00 0.00 0.00 0.00 0.00 0.33 1.00 1.00 0.37 0.00 0.00 0.00 
 0.00 0.00 0.00 0.00 0.00 0.00 0.00 0.00 0.00 0.00 0.00 0.00 0.00 0.06 0.92 1.00 0.43 0.00 0.00 0.00 
 0.00 0.00 0.00 0.00 0.00 0.00 0.00 0.00 0.00 0.00 0.00 0.00 0.00 0.00 0.86 1.00 0.31 0.00 0.00 0.00 
 0.00 0.00 0.00 0.00 0.02 0.13 0.00 0.00 0.00 0.00 0.00 0.00 0.00 0.13 0.98 0.92 0.06 0.00 0.00 0.00 
 0.00 0.00 0.00 0.00 0.23 0.94 0.47 0.15 0.00 0.00 0.00 0.00 0.04 0.49 1.00 0.55 0.00 0.00 0.00 0.00 
 0.00 0.00 0.00 0.00 0.62 1.00 1.00 0.98 0.72 0.49 0.43 0.55 0.84 1.00 0.72 0.02 0.00 0.00 0.00 0.00 
 0.00 0.00 0.00 0.00 0.31 0.78 1.00 1.00 1.00 1.00 1.00 1.00 0.98 0.55 0.02 0.00 0.00 0.00 0.00 0.00 
 