0.00 0.00 0.00 0.00 0.00 0.00 0.04 0.35 0.69 0.88 0.90 0.88 0.68 0.37 0.05 0.00 0.00 0.00 0.00 0.00 
 0.00 0.00 0.00 0.00 0.00 0.10 0.78 1.00 1.00 1.00 1.00 1.00 1.00 1.00 0.79 0.00 0.00 0.00 0.00 0.00 
 0.00 0.00 0.00 0.00 0.02 0.71 1.00 0.99 0.69 0.32 0.22 0.33 0.62 0.95 0.95 0.06 0.00 0.00 0.00 0.00 
 0.00 0.00 0.00 0.00 0.20 1.00 1.00 0.63 0.00 0.00 0.00 0.00 0.00 0.11 0.47 0.00 0.00 0.00 0.00 0.00 
 0.00 0.00 0.00 0.00 0.40 1.00 1.00 0.27 0.00 0.00 0.00 0.00 0.00 0.00 0.00 0.00 0.00 0.00 0.00 0.00 
 0.00 0.00 0.00 0.00 0.44 1.00 1.00 0.29 0.00 0.00 0.00 0.00 0.00 0.00 0.00 0.00 0.00 0.00 0.00 0.00 
 0.00 0.00 0.00 0.00 0.27 1.00 1.00 0.71 0.02 0.00 0.00 0.00 0.00 0.00 0.00 0.00 0.00 0.00 0.00 0.00 
 0.00 0.00 0.00 0.00 0.05 0.88 1.00 1.00 0.65 0.10 0.00 0.00 0.00 0.00 0.00 0.00 0.00 0.00 0.00 0.00 
 0.00 0.00 0.00 0.00 0.00 0.29 0.98 1.00 1.00 0.95 0.52 0.11 0.00 0.00 0.00 0.00 0.00 0.00 0.00 0.00 
 0.00 0.00 0.00 0.00 0.00 0.00 0.27 0.88 1.00 1.00 1.00 0.96 0.57 0.10 0.00 0.00 0.00 0.00 0.00 0.00 
 0.00 0.00 0.00 0.00 0.00 0.00 0.00 0.05 0.48 0.90 1.00 1.00 1.00 0.93 0.30 0.00 0.00 0.00 0.00 0.00 
 0.00 0.00 0.00 0.00 0.00 0.00 0.00 0.00 0.00 0.05 0.42 0.88 1.00 1.00 0.96 0.22 0.00 0.00 0.00 0.00 
 0.00 0.00 0.00 0.00 0.00 0.00 0.00 0.00 0.00 0.00 0.00 0.06 0.67 1.00 1.00 0.78 0.00 0.00 0.00 0.00 
 0.00 0.00 0.00 0.00 0.00 0.00 0.00 0.00 0.00 0.00 0.00 0.00 0.04 0.85 1.00 0.96 0.07 0.00 0.00 0.00 
 0.00 0.00 0.00 0.00 0.00 0.00 0.00 0.00 0.00 0.00 0.00 0.00 0.00 0.58 1.00 1.00 0.15 0.00 0.00 0.00 
 0.00 0.00 0.00 0.00 0.00 0.00 0.00 0.00 0.00 0.00 0.00 0.00 0.00 0.64 1.00 0.98 0.09 0.00 0.00 0.00 
 0.00 0.00 0.00 0.00 0.44 0.19 0.00 0.00 0.00 0.00 0.00 0.00 0.14 0.95 1.00 0.80 0.00 0.00 0.00 0.00 
 0.00 0.00 0.00 0.00 0.89 0.98 0.62 0.26 0.11 0.11 0.11 0.32 0.85 1.00 0.99 0.33 0.00 0.00 0.00 0.00 
 0.00 0.00 0.00 0.00 0.71 1.00 1.00 1.00 1.00 1.00 1.00 1.00 1.00 0.99 0.53 0.00 0.00 0.00 0.00 0.00 
 0.00 0.00 0.00 0.00 0.04 0.45 0.82 1.00 1.00 1.00 1.00 0.99 0.77 0.30 0.00 0.00 0.00 0.00 0.00 0.00 
 