0.00 0.00 0.00 0.00 0.00 0.00 0.14 0.50 0.84 1.00 1.00 0.84 0.56 0.25 0.06 0.36 0.33 0.00 0.00 0.00 
 0.00 0.00 0.00 0.00 0.00 0.22 0.92 0.89 0.50 0.20 0.20 0.36 0.67 0.97 0.89 0.97 0.33 0.00 0.00 0.00 
 0.00 0.00 0.00 0.00 0.14 0.92 0.89 0.17 0.00 0.00 0.00 0.00 0.00 0.36 0.95 1.00 0.33 0.00 0.00 0.00 
 0.00 0.00 0.00 0.00 0.58 1.00 0.47 0.00 0.00 0.00 0.00 0.00 0.00 0.00 0.45 1.00 0.33 0.00 0.00 0.00 
 0.00 0.00 0.00 0.09 0.92 1.00 0.36 0.00 0.00 0.00 0.00 0.00 0.00 0.00 0.09 0.89 0.33 0.00 0.00 0.00 
 0.00 0.00 0.00 0.17 1.00 1.00 0.61 0.00 0.00 0.00 0.00 0.00 0.00 0.00 0.00 0.53 0.33 0.00 0.00 0.00 
 0.00 0.00 0.00 0.09 0.89 1.00 0.97 0.42 0.00 0.00 0.00 0.00 0.00 0.00 0.00 0.28 0.33 0.00 0.00 0.00 
 0.00 0.00 0.00 0.00 0.56 1.00 1.00 0.97 0.58 0.11 0.00 0.00 0.00 0.00 0.00 0.03 0.06 0.00 0.00 0.00 
 0.00 0.00 0.00 0.00 0.14 0.89 1.00 1.00 1.00 0.92 0.42 0.06 0.00 0.00 0.00 0.00 0.00 0.00 0.00 0.00 
 0.00 0.00 0.00 0.00 0.00 0.20 0.86 1.00 1.00 1.00 1.00 0.81 0.31 0.03 0.00 0.00 0.00 0.00 0.00 0.00 
 0.00 0.00 0.00 0.00 0.00 0.00 0.09 0.61 0.95 1.00 1.00 1.00 1.00 0.67 0.14 0.00 0.00 0.00 0.00 0.00 
 0.00 0.00 0.00 0.00 0.00 0.00 0.00 0.00 0.25 0.81 1.00 1.00 1.00 1.00 0.92 0.36 0.00 0.00 0.00 0.00 
 0.00 0.00 0.00 0.00 0.00 0.00 0.00 0.00 0.00 0.03 0.45 0.89 1.00 1.00 1.00 0.97 0.42 0.00 0.00 0.00 
 0.00 0.00 0.00 0.00 0.00 0.00 0.00 0.00 0.00 0.00 0.00 0.09 0.61 0.97 1.00 1.00 0.92 0.11 0.00 0.00 
 0.00 0.00 0.00 0.00 0.28 0.00 0.00 0.00 0.00 0.00 0.00 0.00 0.00 0.33 0.95 1.00 1.00 0.47 0.00 0.00 
 0.00 0.00 0.00 0.00 0.67 0.00 0.00 0.00 0.00 0.00 0.00 0.00 0.00 0.00 0.45 1.00 1.00 0.67 0.00 0.00 
 0.00 0.00 0.00 0.00 0.78 0.14 0.00 0.00 0.00 0.00 0.00 0.00 0.00 0.00 0.17 1.00 1.00 0.64 0.00 0.00 
 0.00 0.00 0.00 0.00 0.84 0.56 0.00 0.00 0.00 0.00 0.00 0.00 0.00 0.00 0.17 1.00 1.00 0.39 0.00 0.00 
 0.00 0.00 0.00 0.00 0.84 0.95 0.28 0.00 0.00 0.00 0.00 0.00 0.00 0.00 0.36 1.00 0.86 0.06 0.00 0.00 
 0.00 0.00 0.00 0.00 0.84 1.00 0.95 0.42 0.03 0.00 0.00 0.00 0.00 0.25 0.92 0.95 0.28 0.00 0.00 0.00 
 