0.00 0.00 0.00 0.00 0.00 0.00 0.00 0.00 0.14 0.55 0.83 0.97 1.00 0.93 0.82 0.66 0.40 0.00 0.00 0.00 
 0.00 0.00 0.00 0.00 0.00 0.00 0.00 0.37 0.96 1.00 1.00 1.00 1.00 1.00 1.00 1.00 0.66 0.00 0.00 0.00 
 0.00 0.00 0.00 0.00 0.00 0.00 0.30 0.99 1.00 1.00 1.00 1.00 1.00 1.00 1.00 1.00 0.35 0.00 0.00 0.00 
 0.00 0.00 0.00 0.00 0.00 0.02 0.83 1.00 1.00 0.99 0.66 0.30 0.20 0.29 0.58 0.90 0.07 0.00 0.00 0.00 
 0.00 0.00 0.00 0.00 0.00 0.15 1.00 1.00 1.00 0.67 0.00 0.00 0.00 0.00 0.00 0.09 0.00 0.00 0.00 0.00 
 0.00 0.00 0.00 0.00 0.00 0.29 1.00 1.00 1.00 0.42 0.00 0.00 0.00 0.00 0.00 0.00 0.00 0.00 0.00 0.00 
 0.00 0.00 0.00 0.00 0.00 0.27 1.00 1.00 1.00 0.67 0.00 0.00 0.00 0.00 0.00 0.00 0.00 0.00 0.00 0.00 
 0.00 0.00 0.00 0.00 0.00 0.10 0.98 1.00 1.00 0.99 0.45 0.00 0.00 0.00 0.00 0.00 0.00 0.00 0.00 0.00 
 0.00 0.00 0.00 0.00 0.00 0.00 0.63 1.00 1.00 1.00 0.99 0.52 0.02 0.00 0.00 0.00 0.00 0.00 0.00 0.00 
 0.00 0.00 0.00 0.00 0.00 0.00 0.09 0.84 1.00 1.00 1.00 1.00 0.66 0.04 0.00 0.00 0.00 0.00 0.00 0.00 
 0.00 0.00 0.00 0.00 0.00 0.00 0.00 0.10 0.76 1.00 1.00 1.00 1.00 0.77 0.07 0.00 0.00 0.00 0.00 0.00 
 0.00 0.00 0.00 0.00 0.00 0.00 0.00 0.00 0.03 0.59 0.99 1.00 1.00 1.00 0.75 0.02 0.00 0.00 0.00 0.00 
 0.00 0.00 0.00 0.00 0.00 0.00 0.00 0.00 0.00 0.00 0.41 0.98 1.00 1.00 1.00 0.41 0.00 0.00 0.00 0.00 
 0.00 0.00 0.00 0.00 0.00 0.00 0.00 0.00 0.00 0.00 0.00 0.37 1.00 1.00 1.00 0.81 0.00 0.00 0.00 0.00 
 0.00 0.00 0.00 0.00 0.00 0.00 0.00 0.00 0.00 0.00 0.00 0.01 0.80 1.00 1.00 0.90 0.00 0.00 0.00 0.00 
 0.00 0.00 0.00 0.00 0.02 0.00 0.00 0.00 0.00 0.00 0.00 0.01 0.80 1.00 1.00 0.90 0.00 0.00 0.00 0.00 
 0.00 0.00 0.00 0.00 0.44 0.60 0.15 0.00 0.00 0.00 0.04 0.47 1.00 1.00 1.00 0.77 0.00 0.00 0.00 0.00 
 0.00 0.00 0.00 0.01 0.79 1.00 0.99 0.84 0.71 0.73 0.91 1.00 1.00 1.00 0.99 0.33 0.00 0.00 0.00 0.00 
 0.00 0.00 0.00 0.15 1.00 1.00 1.00 1.00 1.00 1.00 1.00 1.00 1.00 0.99 0.56 0.00 0.00 0.00 0.00 0.00 
 0.00 0.00 0.00 0.18 0.80 1.00 1.00 1.00 1.00 1.00 1.00 1.00 0.87 0.36 0.00 0.00 0.00 0.00 0.00 0.00 
 