0.00 0.00 0.00 0.00 0.00 0.00 0.06 0.39 0.74 0.94 1.00 0.98 0.82 0.55 0.16 0.00 0.00 0.00 0.00 0.00 
 0.00 0.00 0.00 0.00 0.00 0.16 0.84 1.00 1.00 1.00 1.00 1.00 1.00 1.00 0.96 0.41 0.00 0.00 0.00 0.00 
 0.00 0.00 0.00 0.00 0.06 0.84 1.00 1.00 0.98 0.86 0.86 0.86 0.96 1.00 1.00 0.98 0.35 0.00 0.00 0.00 
 0.00 0.00 0.00 0.00 0.39 1.00 1.00 0.78 0.23 0.00 0.00 0.00 0.18 0.78 1.00 1.00 0.80 0.00 0.00 0.00 
 0.00 0.00 0.00 0.00 0.72 1.00 0.94 0.13 0.00 0.00 0.00 0.00 0.00 0.13 0.94 1.00 0.98 0.16 0.00 0.00 
 0.00 0.00 0.00 0.00 0.86 1.00 0.86 0.00 0.00 0.00 0.00 0.00 0.00 0.00 0.62 1.00 0.92 0.31 0.00 0.00 
 0.00 0.00 0.00 0.00 0.84 1.00 0.92 0.13 0.00 0.00 0.00 0.00 0.00 0.00 0.16 0.25 0.06 0.00 0.00 0.00 
 0.00 0.00 0.00 0.00 0.64 1.00 1.00 0.86 0.33 0.08 0.00 0.00 0.00 0.00 0.00 0.00 0.00 0.00 0.00 0.00 
 0.00 0.00 0.00 0.00 0.31 1.00 1.00 1.00 1.00 0.92 0.62 0.29 0.11 0.00 0.00 0.00 0.00 0.00 0.00 0.00 
 0.00 0.00 0.00 0.00 0.02 0.64 1.00 1.00 1.00 1.00 1.00 1.00 0.96 0.64 0.27 0.02 0.00 0.00 0.00 0.00 
 0.00 0.00 0.00 0.00 0.00 0.02 0.51 0.92 1.00 1.00 1.00 1.00 1.00 1.00 1.00 0.74 0.15 0.00 0.00 0.00 
 0.00 0.00 0.00 0.00 0.00 0.00 0.00 0.08 0.45 0.80 0.96 1.00 1.00 1.00 1.00 1.00 0.80 0.04 0.00 0.00 
 0.00 0.00 0.00 0.00 0.00 0.00 0.00 0.00 0.00 0.00 0.13 0.43 0.76 0.96 1.00 1.00 1.00 0.43 0.00 0.00 
 0.00 0.00 0.00 0.00 0.00 0.00 0.00 0.00 0.00 0.00 0.00 0.00 0.00 0.21 0.86 1.00 1.00 0.72 0.00 0.00 
 0.00 0.00 0.00 0.04 0.18 0.37 0.33 0.00 0.00 0.00 0.00 0.00 0.00 0.00 0.29 1.00 1.00 0.86 0.00 0.00 
 0.00 0.00 0.00 0.21 1.00 1.00 0.78 0.00 0.00 0.00 0.00 0.00 0.00 0.00 0.15 1.00 1.00 0.84 0.00 0.00 
 0.00 0.00 0.00 0.11 0.96 1.00 0.94 0.15 0.00 0.00 0.00 0.00 0.00 0.00 0.35 1.00 1.00 0.69 0.00 0.00 
 0.00 0.00 0.00 0.00 0.65 1.00 1.00 0.78 0.08 0.00 0.00 0.00 0.00 0.13 0.84 1.00 1.00 0.41 0.00 0.00 
 0.00 0.00 0.00 0.00 0.21 0.98 1.00 1.00 0.86 0.47 0.29 0.31 0.51 0.90 1.00 1.00 0.84 0.04 0.00 0.00 
 0.00 0.00 0.00 0.00 0.00 0.45 1.00 1.00 1.00 1.00 1.00 1.00 1.00 1.00 1.00 0.92 0.21 0.00 0.00 0.00 
 