0.00 0.00 0.00 0.00 0.00 0.04 0.35 0.68 0.88 1.00 1.00 0.93 0.78 0.52 0.14 0.00 0.00 0.00 0.00 0.00 
 0.00 0.00 0.00 0.00 0.19 0.83 1.00 1.00 1.00 1.00 1.00 1.00 1.00 1.00 0.96 0.47 0.02 0.00 0.00 0.00 
 0.00 0.00 0.00 0.10 0.90 1.00 0.99 0.83 0.60 0.46 0.45 0.55 0.76 0.98 1.00 1.00 0.47 0.00 0.00 0.00 
 0.00 0.00 0.00 0.58 1.00 0.96 0.37 0.00 0.00 0.00 0.00 0.00 0.00 0.24 0.90 1.00 0.95 0.11 0.00 0.00 
 0.00 0.00 0.03 0.89 1.00 0.61 0.00 0.00 0.00 0.00 0.00 0.00 0.00 0.00 0.29 1.00 1.00 0.46 0.00 0.00 
 0.00 0.00 0.11 1.00 1.00 0.46 0.00 0.00 0.00 0.00 0.00 0.00 0.00 0.00 0.03 0.88 0.89 0.57 0.00 0.00 
 0.00 0.00 0.04 0.91 1.00 0.77 0.03 0.00 0.00 0.00 0.00 0.00 0.00 0.00 0.00 0.07 0.00 0.00 0.00 0.00 
 0.00 0.00 0.00 0.58 1.00 1.00 0.77 0.27 0.07 0.00 0.00 0.00 0.00 0.00 0.00 0.00 0.00 0.00 0.00 0.00 
 0.00 0.00 0.00 0.10 0.87 1.00 1.00 1.00 0.96 0.73 0.49 0.26 0.09 0.00 0.00 0.00 0.00 0.00 0.00 0.00 
 0.00 0.00 0.00 0.00 0.10 0.68 0.98 1.00 1.00 1.00 1.00 1.00 0.98 0.74 0.37 0.05 0.00 0.00 0.00 0.00 
 0.00 0.00 0.00 0.00 0.00 0.00 0.20 0.56 0.83 0.96 1.00 1.00 1.00 1.00 1.00 0.85 0.24 0.00 0.00 0.00 
 0.00 0.00 0.00 0.00 0.00 0.00 0.00 0.00 0.00 0.10 0.32 0.57 0.82 0.98 1.00 1.00 0.95 0.21 0.00 0.00 
 0.00 0.00 0.00 0.00 0.00 0.00 0.00 0.00 0.00 0.00 0.00 0.00 0.00 0.18 0.68 1.00 1.00 0.78 0.00 0.00 
 0.00 0.00 0.09 0.22 0.25 0.00 0.00 0.00 0.00 0.00 0.00 0.00 0.00 0.00 0.02 0.64 1.00 0.98 0.11 0.00 
 0.00 0.00 0.63 1.00 0.89 0.02 0.00 0.00 0.00 0.00 0.00 0.00 0.00 0.00 0.00 0.26 1.00 1.00 0.22 0.00 
 0.00 0.00 0.46 1.00 1.00 0.32 0.00 0.00 0.00 0.00 0.00 0.00 0.00 0.00 0.00 0.31 1.00 0.99 0.15 0.00 
 0.00 0.00 0.15 0.99 1.00 0.88 0.15 0.00 0.00 0.00 0.00 0.00 0.00 0.00 0.04 0.77 1.00 0.84 0.00 0.00 
 0.00 0.00 0.00 0.55 1.00 1.00 0.93 0.44 0.13 0.00 0.00 0.00 0.05 0.22 0.74 1.00 0.99 0.38 0.00 0.00 
 0.00 0.00 0.00 0.04 0.71 1.00 1.00 1.00 0.99 0.87 0.78 0.79 0.94 1.00 1.00 0.99 0.61 0.00 0.00 0.00 
 0.00 0.00 0.00 0.00 0.03 0.47 0.93 1.00 1.00 1.00 1.00 1.00 1.00 1.00 0.91 0.42 0.00 0.00 0.00 0.00 
 