-1.00 -1.00 -1.00 -1.00 -1.00 -1.00 -0.92 -0.31 0.24 0.62 0.86 0.98 1.00 0.94 0.70 0.27 -0.42 0.30 0.98 -0.06 
 -1.00 -1.00 -1.00 -1.00 -0.98 -0.16 0.84 1.00 1.00 1.00 1.00 1.00 1.00 1.00 1.00 1.00 1.00 1.00 1.00 0.29 
 -1.00 -1.00 -1.00 -0.98 0.28 1.00 1.00 1.00 1.00 0.87 0.65 0.56 0.60 0.82 1.00 1.00 1.00 1.00 1.00 0.00 
 -1.00 -1.00 -1.00 -0.10 1.00 1.00 0.85 -0.06 -0.73 -0.99 -1.00 -1.00 -1.00 -0.99 -0.62 0.61 1.00 1.00 1.00 -0.34 
 -1.00 -1.00 -0.95 0.84 1.00 0.84 -0.76 -1.00 -1.00 -1.00 -1.00 -1.00 -1.00 -1.00 -1.00 -0.56 1.00 1.00 1.00 -0.69 
 -1.00 -1.00 -0.61 1.00 1.00 0.22 -1.00 -1.00 -1.00 -1.00 -1.00 -1.00 -1.00 -1.00 -1.00 -0.72 1.00 1.00 0.91 -0.97 
 -1.00 -1.00 -0.54 1.00 1.00 0.76 -0.76 -1.00 -1.00 -1.00 -1.00 -1.00 -1.00 -1.00 -1.00 -0.91 0.49 0.65 -0.22 -1.00 
 -1.00 -1.00 -0.90 0.89 1.00 1.00 0.92 0.24 -0.30 -0.67 -0.96 -1.00 -1.00 -1.00 -1.00 -1.00 -1.00 -1.00 -1.00 -1.00 
 -1.00 -1.00 -1.00 -0.32 0.96 1.00 1.00 1.00 1.00 1.00 0.95 0.62 0.25 -0.12 -0.62 -0.99 -1.00 -1.00 -1.00 -1.00 
 -1.00 -1.00 -1.00 -1.00 -0.62 0.39 0.97 1.00 1.00 1.00 1.00 1.00 1.00 1.00 1.00 0.69 -0.27 -0.99 -1.00 -1.00 
 -1.00 -1.00 -1.00 -1.00 -1.00 -1.00 -0.85 -0.33 0.10 0.47 0.80 1.00 1.00 1.00 1.00 1.00 1.00 0.32 -0.97 -1.00 
 -1.00 -1.00 -1.00 -1.00 -1.00 -1.00 -1.00 -1.00 -1.00 -1.00 -1.00 -0.87 -0.47 0.05 0.76 1.00 1.00 1.00 -0.08 -1.00 
 -1.00 -0.76 0.53 0.74 -0.33 -1.00 -1.00 -1.00 -1.00 -1.00 -1.00 -1.00 -1.00 -1.00 -0.95 0.15 1.00 1.00 0.69 -1.00 
 -1.00 0.07 1.00 1.00 0.33 -1.00 -1.00 -1.00 -1.00 -1.00 -1.00 -1.00 -1.00 -1.00 -1.00 -0.97 0.86 1.00 0.90 -1.00 
 -1.00 0.44 1.00 1.00 0.80 -0.98 -1.00 -1.00 -1.00 -1.00 -1.00 -1.00 -1.00 -1.00 -1.00 -0.96 0.88 1.00 0.68 -1.00 
 -1.00 0.76 1.00 1.00 1.00 -0.27 -1.00 -1.00 -1.00 -1.00 -1.00 -1.00 -1.00 -1.00 -1.00 -0.09 1.00 1.00 0.07 -1.00 
 -0.89 1.00 1.00 1.00 1.00 0.91 -0.36 -0.99 -1.00 -1.00 -1.00 -1.00 -1.00 -0.77 0.16 0.99 1.00 0.87 -0.82 -1.00 
 -0.58 1.00 1.00 1.00 1.00 1.00 1.00 0.69 0.24 0.09 0.11 0.28 0.62 0.99 1.00 1.00 0.94 -0.45 -1.00 -1.00 
 -0.25 1.00 1.00 0.65 0.95 1.00 1.00 1.00 1.00 1.00 1.00 1.00 1.00 1.00 1.00 0.69 -0.57 -1.00 -1.00 -1.00 
 -0.24 1.00 0.83 -0.76 -0.69 0.24 0.87 1.00 1.00 1.00 1.00 1.00 0.88 0.39 -0.31 -0.97 -1.00 -1.00 -1.00 -1.00 
 