-1.00 -1.00 -1.00 -1.00 -1.00 -1.00 -0.99 -0.48 0.22 0.69 0.94 0.98 0.84 0.47 -0.19 -0.94 -1.00 -0.18 -0.62 -1.00 
 -1.00 -1.00 -1.00 -1.00 -1.00 -0.66 0.55 1.00 1.00 0.73 0.33 0.27 0.51 0.95 1.00 0.71 -0.26 1.00 -0.14 -1.00 
 -1.00 -1.00 -1.00 -1.00 -0.47 0.91 1.00 0.79 -0.44 -0.99 -1.00 -1.00 -1.00 -0.85 0.10 0.98 1.00 1.00 -0.06 -1.00 
 -1.00 -1.00 -1.00 -0.73 0.90 1.00 0.95 -0.69 -1.00 -1.00 -1.00 -1.00 -1.00 -1.00 -1.00 -0.28 0.99 1.00 0.03 -1.00 
 -1.00 -1.00 -1.00 0.33 1.00 1.00 0.39 -1.00 -1.00 -1.00 -1.00 -1.00 -1.00 -1.00 -1.00 -1.00 0.17 1.00 0.11 -1.00 
 -1.00 -1.00 -0.92 0.95 1.00 1.00 0.47 -1.00 -1.00 -1.00 -1.00 -1.00 -1.00 -1.00 -1.00 -1.00 -0.82 0.95 0.18 -1.00 
 -1.00 -1.00 -0.70 1.00 1.00 1.00 1.00 0.08 -0.78 -1.00 -1.00 -1.00 -1.00 -1.00 -1.00 -1.00 -1.00 0.07 -0.11 -1.00 
 -1.00 -1.00 -0.87 0.98 1.00 1.00 1.00 1.00 0.99 0.64 0.13 -0.38 -0.87 -1.00 -1.00 -1.00 -1.00 -1.00 -1.00 -1.00 
 -1.00 -1.00 -1.00 0.17 1.00 1.00 1.00 1.00 1.00 1.00 1.00 1.00 0.98 0.60 0.08 -0.48 -0.98 -1.00 -1.00 -1.00 
 -1.00 -1.00 -1.00 -0.97 0.06 0.95 1.00 1.00 1.00 1.00 1.00 1.00 1.00 1.00 1.00 1.00 0.72 -0.43 -1.00 -1.00 
 -1.00 -1.00 -1.00 -1.00 -1.00 -0.77 -0.00 0.64 0.99 1.00 1.00 1.00 1.00 1.00 1.00 1.00 1.00 0.98 -0.40 -1.00 
 -1.00 -1.00 -1.00 -1.00 -1.00 -1.00 -1.00 -1.00 -0.81 -0.29 0.23 0.75 1.00 1.00 1.00 1.00 1.00 1.00 0.63 -1.00 
 -1.00 -0.23 -0.40 -1.00 -1.00 -1.00 -1.00 -1.00 -1.00 -1.00 -1.00 -1.00 -0.73 -0.13 0.74 1.00 1.00 1.00 0.96 -1.00 
 -1.00 0.57 0.58 -1.00 -1.00 -1.00 -1.00 -1.00 -1.00 -1.00 -1.00 -1.00 -1.00 -1.00 -0.89 0.69 1.00 1.00 0.87 -1.00 
 -1.00 0.52 0.98 -0.77 -1.00 -1.00 -1.00 -1.00 -1.00 -1.00 -1.00 -1.00 -1.00 -1.00 -1.00 0.14 1.00 1.00 0.44 -1.00 
 -1.00 0.47 1.00 0.22 -1.00 -1.00 -1.00 -1.00 -1.00 -1.00 -1.00 -1.00 -1.00 -1.00 -0.99 0.54 1.00 1.00 -0.37 -1.00 
 -1.00 0.43 1.00 1.00 -0.22 -1.00 -1.00 -1.00 -1.00 -1.00 -1.00 -1.00 -1.00 -1.00 -0.26 1.00 1.00 0.38 -0.99 -1.00 
 -1.00 0.38 1.00 1.00 1.00 0.18 -0.82 -1.00 -1.00 -1.00 -1.00 -1.00 -0.91 0.01 0.98 1.00 0.50 -0.90 -1.00 -1.00 
 -1.00 0.33 1.00 -0.33 0.62 1.00 0.95 0.42 0.02 -0.14 -0.04 0.31 0.88 1.00 0.95 0.04 -0.95 -1.00 -1.00 -1.00 
 -1.00 -0.14 0.12 -1.00 -0.95 -0.17 0.62 0.99 1.00 1.00 1.00 0.98 0.63 0.00 -0.78 -1.00 -1.00 -1.00 -1.00 -1.00 
 