0.00 0.00 0.00 0.00 0.01 0.31 0.62 0.82 0.94 0.99 0.99 0.89 0.67 0.31 0.00 0.51 0.90 0.00 0.00 0.00 
 0.00 0.00 0.00 0.18 0.82 1.00 1.00 1.00 1.00 1.00 1.00 1.00 1.00 1.00 0.73 0.89 0.98 0.00 0.00 0.00 
 0.00 0.00 0.12 0.93 1.00 0.91 0.53 0.27 0.13 0.08 0.10 0.25 0.60 0.98 1.00 1.00 0.98 0.00 0.00 0.00 
 0.00 0.00 0.62 1.00 0.78 0.07 0.00 0.00 0.00 0.00 0.00 0.00 0.00 0.28 0.99 1.00 0.98 0.00 0.00 0.00 
 0.00 0.00 0.91 1.00 0.23 0.00 0.00 0.00 0.00 0.00 0.00 0.00 0.00 0.00 0.61 1.00 0.98 0.00 0.00 0.00 
 0.00 0.00 0.95 1.00 0.15 0.00 0.00 0.00 0.00 0.00 0.00 0.00 0.00 0.00 0.31 1.00 0.98 0.00 0.00 0.00 
 0.00 0.00 0.74 1.00 0.65 0.02 0.00 0.00 0.00 0.00 0.00 0.00 0.00 0.00 0.18 1.00 0.95 0.00 0.00 0.00 
 0.00 0.00 0.22 0.98 1.00 0.80 0.34 0.06 0.00 0.00 0.00 0.00 0.00 0.00 0.00 0.10 0.07 0.00 0.00 0.00 
 0.00 0.00 0.00 0.29 0.92 1.00 1.00 0.99 0.84 0.67 0.49 0.31 0.12 0.00 0.00 0.00 0.00 0.00 0.00 0.00 
 0.00 0.00 0.00 0.00 0.07 0.48 0.84 1.00 1.00 1.00 1.00 1.00 1.00 0.85 0.47 0.05 0.00 0.00 0.00 0.00 
 0.00 0.00 0.00 0.00 0.00 0.00 0.00 0.09 0.27 0.45 0.63 0.81 0.98 1.00 1.00 0.89 0.23 0.00 0.00 0.00 
 0.00 0.00 0.14 0.19 0.00 0.00 0.00 0.00 0.00 0.00 0.00 0.00 0.05 0.36 0.84 1.00 0.96 0.19 0.00 0.00 
 0.00 0.00 0.95 1.00 0.24 0.00 0.00 0.00 0.00 0.00 0.00 0.00 0.00 0.00 0.04 0.71 1.00 0.78 0.00 0.00 
 0.00 0.00 0.97 1.00 0.52 0.00 0.00 0.00 0.00 0.00 0.00 0.00 0.00 0.00 0.00 0.08 0.98 1.00 0.11 0.00 
 0.00 0.00 0.97 1.00 0.87 0.01 0.00 0.00 0.00 0.00 0.00 0.00 0.00 0.00 0.00 0.00 0.89 1.00 0.21 0.00 
 0.00 0.00 0.97 1.00 1.00 0.38 0.00 0.00 0.00 0.00 0.00 0.00 0.00 0.00 0.00 0.09 0.99 1.00 0.10 0.00 
 0.00 0.00 0.97 1.00 1.00 0.95 0.19 0.00 0.00 0.00 0.00 0.00 0.00 0.00 0.01 0.65 1.00 0.79 0.00 0.00 
 0.00 0.00 0.97 1.00 0.86 1.00 0.95 0.44 0.06 0.00 0.00 0.00 0.05 0.31 0.78 1.00 0.99 0.25 0.00 0.00 
 0.00 0.00 0.97 0.89 0.09 0.78 1.00 1.00 0.99 0.87 0.84 0.91 0.99 1.00 1.00 0.96 0.35 0.00 0.00 0.00 
 0.00 0.00 0.96 0.62 0.00 0.02 0.42 0.84 1.00 1.00 1.00 1.00 1.00 0.87 0.55 0.11 0.00 0.00 0.00 0.00 
 