0.00 0.00 0.00 0.00 0.00 0.00 0.25 0.71 0.94 1.00 0.91 0.65 0.19 0.00 0.60 0.45 0.00 0.00 0.00 0.00 
 0.00 0.00 0.00 0.00 0.00 0.49 1.00 0.86 0.55 0.46 0.59 0.91 0.98 0.40 0.85 0.49 0.00 0.00 0.00 0.00 
 0.00 0.00 0.00 0.00 0.32 1.00 0.59 0.02 0.00 0.00 0.00 0.05 0.71 0.99 1.00 0.49 0.00 0.00 0.00 0.00 
 0.00 0.00 0.00 0.00 0.80 0.81 0.01 0.00 0.00 0.00 0.00 0.00 0.05 0.89 1.00 0.49 0.00 0.00 0.00 0.00 
 0.00 0.00 0.00 0.04 1.00 0.49 0.00 0.00 0.00 0.00 0.00 0.00 0.00 0.47 1.00 0.49 0.00 0.00 0.00 0.00 
 0.00 0.00 0.00 0.04 1.00 0.48 0.00 0.00 0.00 0.00 0.00 0.00 0.00 0.19 1.00 0.49 0.00 0.00 0.00 0.00 
 0.00 0.00 0.00 0.00 0.84 0.79 0.01 0.00 0.00 0.00 0.00 0.00 0.00 0.04 0.83 0.37 0.00 0.00 0.00 0.00 
 0.00 0.00 0.00 0.00 0.39 1.00 0.55 0.01 0.00 0.00 0.00 0.00 0.00 0.00 0.00 0.00 0.00 0.00 0.00 0.00 
 0.00 0.00 0.00 0.00 0.00 0.61 1.00 0.83 0.49 0.24 0.03 0.00 0.00 0.00 0.00 0.00 0.00 0.00 0.00 0.00 
 0.00 0.00 0.00 0.00 0.00 0.00 0.36 0.82 1.00 1.00 0.96 0.73 0.46 0.08 0.00 0.00 0.00 0.00 0.00 0.00 
 0.00 0.00 0.00 0.00 0.00 0.00 0.00 0.00 0.10 0.35 0.60 0.85 1.00 0.94 0.30 0.00 0.00 0.00 0.00 0.00 
 0.00 0.00 0.00 0.00 0.00 0.00 0.00 0.00 0.00 0.00 0.00 0.00 0.20 0.82 0.98 0.22 0.00 0.00 0.00 0.00 
 0.00 0.00 0.00 0.00 0.00 0.00 0.00 0.00 0.00 0.00 0.00 0.00 0.00 0.07 0.90 0.77 0.00 0.00 0.00 0.00 
 0.00 0.00 0.00 0.03 0.65 0.27 0.00 0.00 0.00 0.00 0.00 0.00 0.00 0.00 0.47 1.00 0.11 0.00 0.00 0.00 
 0.00 0.00 0.00 0.07 1.00 0.52 0.00 0.00 0.00 0.00 0.00 0.00 0.00 0.00 0.27 1.00 0.24 0.00 0.00 0.00 
 0.00 0.00 0.00 0.07 1.00 0.73 0.00 0.00 0.00 0.00 0.00 0.00 0.00 0.00 0.33 1.00 0.19 0.00 0.00 0.00 
 0.00 0.00 0.00 0.07 1.00 0.99 0.19 0.00 0.00 0.00 0.00 0.00 0.00 0.00 0.65 0.93 0.02 0.00 0.00 0.00 
 0.00 0.00 0.00 0.07 1.00 1.00 0.88 0.18 0.00 0.00 0.00 0.00 0.00 0.35 1.00 0.50 0.00 0.00 0.00 0.00 
 0.00 0.00 0.00 0.07 1.00 0.52 0.91 0.98 0.65 0.39 0.28 0.33 0.65 1.00 0.73 0.02 0.00 0.00 0.00 0.00 
 0.00 0.00 0.00 0.07 1.00 0.09 0.08 0.55 0.89 1.00 1.00 1.00 0.92 0.49 0.02 0.00 0.00 0.00 0.00 0.00 
 