0.00 0.00 0.00 0.00 0.00 0.00 0.17 0.47 0.75 0.92 1.00 1.00 0.97 0.81 0.61 0.33 0.09 0.00 0.00 0.00 
 0.00 0.00 0.00 0.00 0.03 0.50 0.97 1.00 1.00 1.00 1.00 1.00 1.00 1.00 1.00 1.00 0.86 0.28 0.00 0.00 
 0.00 0.00 0.00 0.03 0.58 1.00 1.00 1.00 1.00 0.97 0.84 0.84 0.92 1.00 1.00 1.00 1.00 0.95 0.28 0.00 
 0.00 0.00 0.00 0.36 1.00 1.00 1.00 0.86 0.42 0.14 0.00 0.00 0.09 0.31 0.75 1.00 1.00 1.00 0.84 0.03 
 0.00 0.00 0.00 0.75 1.00 1.00 0.92 0.11 0.00 0.00 0.00 0.00 0.00 0.00 0.06 0.73 1.00 1.00 1.00 0.31 
 0.00 0.00 0.14 0.97 1.00 1.00 0.70 0.00 0.00 0.00 0.00 0.00 0.00 0.00 0.00 0.22 1.00 1.00 1.00 0.50 
 0.00 0.00 0.17 1.00 1.00 1.00 0.75 0.00 0.00 0.00 0.00 0.00 0.00 0.00 0.00 0.09 0.45 0.31 0.17 0.06 
 0.00 0.00 0.06 0.86 1.00 1.00 0.97 0.45 0.03 0.00 0.00 0.00 0.00 0.00 0.00 0.00 0.00 0.00 0.00 0.00 
 0.00 0.00 0.00 0.56 1.00 1.00 1.00 1.00 0.81 0.47 0.22 0.09 0.00 0.00 0.00 0.00 0.00 0.00 0.00 0.00 
 0.00 0.00 0.00 0.14 0.89 1.00 1.00 1.00 1.00 1.00 1.00 0.89 0.61 0.36 0.14 0.00 0.00 0.00 0.00 0.00 
 0.00 0.00 0.00 0.00 0.20 0.86 1.00 1.00 1.00 1.00 1.00 1.00 1.00 1.00 0.97 0.78 0.42 0.09 0.00 0.00 
 0.00 0.00 0.00 0.00 0.00 0.09 0.53 0.86 1.00 1.00 1.00 1.00 1.00 1.00 1.00 1.00 1.00 0.89 0.33 0.00 
 0.00 0.00 0.00 0.00 0.00 0.00 0.00 0.03 0.28 0.56 0.78 0.89 1.00 1.00 1.00 1.00 1.00 1.00 0.97 0.39 
 0.00 0.00 0.00 0.00 0.00 0.00 0.00 0.00 0.00 0.00 0.00 0.06 0.33 0.61 0.86 1.00 1.00 1.00 1.00 0.95 
 0.00 0.00 0.00 0.00 0.00 0.00 0.00 0.00 0.00 0.00 0.00 0.00 0.00 0.00 0.03 0.36 0.89 1.00 1.00 1.00 
 0.00 0.00 0.11 0.28 0.45 0.53 0.06 0.00 0.00 0.00 0.00 0.00 0.00 0.00 0.00 0.00 0.33 1.00 1.00 1.00 
 0.00 0.00 0.53 1.00 1.00 1.00 0.31 0.00 0.00 0.00 0.00 0.00 0.00 0.00 0.00 0.00 0.17 1.00 1.00 1.00 
 0.00 0.00 0.25 1.00 1.00 1.00 0.75 0.03 0.00 0.00 0.00 0.00 0.00 0.00 0.00 0.00 0.39 1.00 1.00 1.00 
 0.00 0.00 0.06 0.81 1.00 1.00 1.00 0.58 0.06 0.00 0.00 0.00 0.00 0.00 0.00 0.25 0.92 1.00 1.00 0.92 
 0.00 0.00 0.00 0.31 1.00 1.00 1.00 1.00 0.81 0.45 0.25 0.17 0.20 0.36 0.64 0.97 1.00 1.00 1.00 0.45 
 