0.00 0.00 0.00 0.00 0.00 0.11 0.36 0.67 0.86 1.00 1.00 0.97 0.81 0.61 0.33 0.09 0.03 0.28 0.11 0.00 
 0.00 0.00 0.00 0.03 0.45 0.95 1.00 0.97 0.84 0.84 0.84 0.84 0.86 1.00 1.00 0.84 0.45 1.00 0.61 0.00 
 0.00 0.00 0.03 0.58 1.00 0.95 0.58 0.20 0.00 0.00 0.00 0.00 0.03 0.28 0.67 0.97 1.00 1.00 0.67 0.00 
 0.00 0.00 0.28 1.00 0.89 0.20 0.00 0.00 0.00 0.00 0.00 0.00 0.00 0.00 0.00 0.33 0.97 1.00 0.67 0.00 
 0.00 0.00 0.58 1.00 0.39 0.00 0.00 0.00 0.00 0.00 0.00 0.00 0.00 0.00 0.00 0.00 0.58 1.00 0.67 0.00 
 0.00 0.00 0.67 1.00 0.17 0.00 0.00 0.00 0.00 0.00 0.00 0.00 0.00 0.00 0.00 0.00 0.31 1.00 0.64 0.00 
 0.00 0.00 0.50 1.00 0.45 0.00 0.00 0.00 0.00 0.00 0.00 0.00 0.00 0.00 0.00 0.00 0.06 0.47 0.17 0.00 
 0.00 0.00 0.17 0.95 0.95 0.36 0.06 0.00 0.00 0.00 0.00 0.00 0.00 0.00 0.00 0.00 0.00 0.00 0.00 0.00 
 0.00 0.00 0.00 0.31 0.95 1.00 0.86 0.56 0.36 0.20 0.17 0.14 0.00 0.00 0.00 0.00 0.00 0.00 0.00 0.00 
 0.00 0.00 0.00 0.00 0.20 0.67 0.86 1.00 1.00 1.00 1.00 0.97 0.81 0.64 0.42 0.17 0.00 0.00 0.00 0.00 
 0.00 0.00 0.00 0.00 0.00 0.00 0.03 0.25 0.39 0.53 0.67 0.78 0.84 0.97 1.00 0.97 0.64 0.20 0.00 0.00 
 0.00 0.00 0.00 0.00 0.00 0.00 0.00 0.00 0.00 0.00 0.00 0.00 0.00 0.17 0.45 0.81 1.00 0.95 0.28 0.00 
 0.00 0.00 0.00 0.00 0.00 0.00 0.00 0.00 0.00 0.00 0.00 0.00 0.00 0.00 0.00 0.03 0.47 0.97 0.86 0.09 
 0.00 0.03 0.14 0.00 0.00 0.00 0.00 0.00 0.00 0.00 0.00 0.00 0.00 0.00 0.00 0.00 0.00 0.58 1.00 0.47 
 0.00 0.33 0.97 0.33 0.00 0.00 0.00 0.00 0.00 0.00 0.00 0.00 0.00 0.00 0.00 0.00 0.00 0.22 1.00 0.67 
 0.00 0.50 1.00 0.53 0.00 0.00 0.00 0.00 0.00 0.00 0.00 0.00 0.00 0.00 0.00 0.00 0.00 0.22 1.00 0.64 
 0.00 0.50 1.00 0.81 0.03 0.00 0.00 0.00 0.00 0.00 0.00 0.00 0.00 0.00 0.00 0.00 0.03 0.58 1.00 0.45 
 0.00 0.50 1.00 1.00 0.58 0.09 0.00 0.00 0.00 0.00 0.00 0.00 0.00 0.00 0.00 0.03 0.45 1.00 0.89 0.11 
 0.00 0.50 1.00 0.95 1.00 0.84 0.39 0.14 0.00 0.00 0.00 0.00 0.00 0.14 0.31 0.75 1.00 0.92 0.28 0.00 
 0.00 0.47 1.00 0.39 0.67 1.00 1.00 0.97 0.81 0.67 0.67 0.67 0.81 0.97 1.00 1.00 0.81 0.22 0.00 0.00 
 