0.00 0.00 0.00 0.00 0.00 0.00 0.00 0.00 0.00 0.00 0.00 0.02 0.19 0.52 0.86 0.99 0.66 0.02 0.00 0.00 
 0.00 0.00 0.00 0.00 0.00 0.00 0.00 0.00 0.05 0.24 0.55 0.83 1.00 1.00 1.00 1.00 1.00 0.22 0.00 0.00 
 0.00 0.00 0.00 0.00 0.00 0.00 0.08 0.50 0.89 1.00 1.00 1.00 1.00 1.00 1.00 1.00 1.00 0.31 0.00 0.00 
 0.00 0.00 0.00 0.00 0.00 0.25 0.89 1.00 1.00 1.00 1.00 1.00 1.00 0.94 0.99 1.00 1.00 0.50 0.00 0.00 
 0.00 0.00 0.00 0.00 0.13 0.93 1.00 1.00 1.00 1.00 0.89 0.64 0.35 0.06 0.78 1.00 1.00 0.63 0.00 0.00 
 0.00 0.00 0.00 0.00 0.53 1.00 1.00 1.00 0.89 0.39 0.03 0.00 0.00 0.00 0.49 1.00 0.99 0.39 0.00 0.00 
 0.00 0.00 0.00 0.00 0.80 1.00 1.00 0.88 0.11 0.00 0.00 0.00 0.00 0.00 0.03 0.33 0.25 0.00 0.00 0.00 
 0.00 0.00 0.00 0.00 0.88 1.00 1.00 0.61 0.09 0.00 0.00 0.00 0.00 0.00 0.00 0.00 0.00 0.00 0.00 0.00 
 0.00 0.00 0.00 0.00 0.78 1.00 1.00 1.00 0.97 0.78 0.55 0.27 0.06 0.00 0.00 0.00 0.00 0.00 0.00 0.00 
 0.00 0.00 0.00 0.00 0.36 1.00 1.00 1.00 1.00 1.00 1.00 1.00 0.93 0.50 0.08 0.00 0.00 0.00 0.00 0.00 
 0.00 0.00 0.00 0.00 0.02 0.41 0.86 1.00 1.00 1.00 1.00 1.00 1.00 1.00 0.86 0.17 0.00 0.00 0.00 0.00 
 0.00 0.00 0.00 0.00 0.00 0.00 0.02 0.27 0.53 0.75 0.89 1.00 1.00 1.00 1.00 0.89 0.11 0.00 0.00 0.00 
 0.00 0.00 0.00 0.00 0.00 0.00 0.00 0.00 0.00 0.00 0.02 0.30 0.78 1.00 1.00 1.00 0.61 0.00 0.00 0.00 
 0.00 0.00 0.00 0.00 0.00 0.00 0.00 0.00 0.00 0.00 0.00 0.00 0.03 0.78 1.00 1.00 0.88 0.00 0.00 0.00 
 0.00 0.00 0.00 0.00 0.00 0.00 0.00 0.00 0.00 0.00 0.00 0.00 0.00 0.33 1.00 1.00 0.97 0.09 0.00 0.00 
 0.00 0.00 0.00 0.30 0.61 0.20 0.00 0.00 0.00 0.00 0.00 0.00 0.00 0.38 1.00 1.00 0.99 0.11 0.00 0.00 
 0.00 0.00 0.16 0.99 1.00 0.94 0.49 0.24 0.13 0.13 0.13 0.17 0.47 0.96 1.00 1.00 0.86 0.00 0.00 0.00 
 0.00 0.00 0.20 1.00 1.00 1.00 1.00 1.00 1.00 1.00 1.00 1.00 1.00 1.00 1.00 1.00 0.55 0.00 0.00 0.00 
 0.00 0.00 0.02 0.64 1.00 1.00 1.00 1.00 1.00 1.00 1.00 1.00 1.00 1.00 1.00 0.72 0.05 0.00 0.00 0.00 
 0.00 0.00 0.00 0.02 0.38 0.80 1.00 1.00 1.00 1.00 1.00 1.00 1.00 0.88 0.42 0.02 0.00 0.00 0.00 0.00 
 