0.00 0.00 0.00 0.00 0.00 0.00 0.15 0.45 0.72 0.88 1.00 1.00 0.98 0.86 0.74 0.53 0.29 0.00 0.00 0.00 
 0.00 0.00 0.00 0.00 0.08 0.57 0.98 1.00 1.00 1.00 1.00 1.00 1.00 1.00 1.00 1.00 0.86 0.00 0.00 0.00 
 0.00 0.00 0.00 0.08 0.80 1.00 1.00 1.00 1.00 1.00 1.00 1.00 1.00 1.00 1.00 1.00 0.86 0.00 0.00 0.00 
 0.00 0.00 0.00 0.57 1.00 1.00 1.00 1.00 1.00 1.00 1.00 1.00 1.00 1.00 1.00 1.00 0.86 0.00 0.00 0.00 
 0.00 0.00 0.13 0.98 1.00 1.00 1.00 1.00 1.00 0.72 0.31 0.15 0.16 0.33 0.53 0.84 0.86 0.00 0.00 0.00 
 0.00 0.00 0.25 1.00 1.00 1.00 1.00 1.00 0.88 0.02 0.00 0.00 0.00 0.00 0.00 0.02 0.29 0.00 0.00 0.00 
 0.00 0.00 0.29 1.00 1.00 1.00 1.00 1.00 0.92 0.13 0.00 0.00 0.00 0.00 0.00 0.00 0.00 0.00 0.00 0.00 
 0.00 0.00 0.21 1.00 1.00 1.00 1.00 1.00 1.00 0.88 0.37 0.11 0.00 0.00 0.00 0.00 0.00 0.00 0.00 0.00 
 0.00 0.00 0.08 0.92 1.00 1.00 1.00 1.00 1.00 1.00 1.00 0.96 0.65 0.29 0.04 0.00 0.00 0.00 0.00 0.00 
 0.00 0.00 0.00 0.43 1.00 1.00 1.00 1.00 1.00 1.00 1.00 1.00 1.00 1.00 0.82 0.29 0.00 0.00 0.00 0.00 
 0.00 0.00 0.00 0.02 0.53 0.96 1.00 1.00 1.00 1.00 1.00 1.00 1.00 1.00 1.00 0.98 0.51 0.00 0.00 0.00 
 0.00 0.00 0.00 0.00 0.00 0.25 0.74 0.96 1.00 1.00 1.00 1.00 1.00 1.00 1.00 1.00 0.98 0.31 0.00 0.00 
 0.00 0.00 0.00 0.00 0.00 0.00 0.00 0.16 0.53 0.80 0.96 1.00 1.00 1.00 1.00 1.00 1.00 0.76 0.00 0.00 
 0.00 0.00 0.00 0.00 0.00 0.00 0.00 0.00 0.00 0.00 0.18 0.72 1.00 1.00 1.00 1.00 1.00 0.86 0.00 0.00 
 0.00 0.00 0.02 0.00 0.00 0.00 0.00 0.00 0.00 0.00 0.00 0.06 0.92 1.00 1.00 1.00 1.00 0.86 0.00 0.00 
 0.00 0.00 0.27 0.67 0.23 0.02 0.00 0.00 0.00 0.00 0.00 0.15 0.96 1.00 1.00 1.00 1.00 0.84 0.00 0.00 
 0.00 0.00 0.29 1.00 1.00 0.82 0.55 0.37 0.29 0.31 0.51 0.88 1.00 1.00 1.00 1.00 1.00 0.62 0.00 0.00 
 0.00 0.00 0.29 1.00 1.00 1.00 1.00 1.00 1.00 1.00 1.00 1.00 1.00 1.00 1.00 1.00 0.92 0.15 0.00 0.00 
 0.00 0.00 0.29 1.00 1.00 1.00 1.00 1.00 1.00 1.00 1.00 1.00 1.00 1.00 1.00 0.92 0.31 0.00 0.00 0.00 
 0.00 0.00 0.27 1.00 1.00 1.00 1.00 1.00 1.00 1.00 1.00 1.00 1.00 1.00 0.74 0.16 0.00 0.00 0.00 0.00 
 