0.00 0.00 0.00 0.00 0.00 0.00 0.06 0.42 0.78 0.97 1.00 0.92 0.70 0.45 0.22 0.45 0.67 0.00 0.00 0.00 
 0.00 0.00 0.00 0.00 0.00 0.14 0.81 1.00 0.84 0.58 0.50 0.61 0.84 1.00 1.00 1.00 0.67 0.00 0.00 0.00 
 0.00 0.00 0.00 0.00 0.11 0.84 1.00 0.58 0.03 0.00 0.00 0.00 0.03 0.47 0.97 1.00 0.67 0.00 0.00 0.00 
 0.00 0.00 0.00 0.00 0.47 1.00 0.86 0.03 0.00 0.00 0.00 0.00 0.00 0.00 0.50 1.00 0.67 0.00 0.00 0.00 
 0.00 0.00 0.00 0.03 0.81 1.00 0.84 0.00 0.00 0.00 0.00 0.00 0.00 0.00 0.09 0.89 0.67 0.00 0.00 0.00 
 0.00 0.00 0.00 0.17 1.00 1.00 0.89 0.09 0.00 0.00 0.00 0.00 0.00 0.00 0.00 0.53 0.67 0.00 0.00 0.00 
 0.00 0.00 0.00 0.17 1.00 1.00 1.00 0.64 0.03 0.00 0.00 0.00 0.00 0.00 0.00 0.22 0.67 0.00 0.00 0.00 
 0.00 0.00 0.00 0.03 0.84 1.00 1.00 1.00 0.70 0.17 0.00 0.00 0.00 0.00 0.00 0.03 0.11 0.00 0.00 0.00 
 0.00 0.00 0.00 0.00 0.53 1.00 1.00 1.00 1.00 0.97 0.58 0.17 0.00 0.00 0.00 0.00 0.00 0.00 0.00 0.00 
 0.00 0.00 0.00 0.00 0.09 0.81 1.00 1.00 1.00 1.00 1.00 0.97 0.64 0.20 0.00 0.00 0.00 0.00 0.00 0.00 
 0.00 0.00 0.00 0.00 0.00 0.11 0.75 1.00 1.00 1.00 1.00 1.00 1.00 0.97 0.58 0.09 0.00 0.00 0.00 0.00 
 0.00 0.00 0.00 0.00 0.00 0.00 0.03 0.45 0.89 1.00 1.00 1.00 1.00 1.00 1.00 0.86 0.20 0.00 0.00 0.00 
 0.00 0.00 0.00 0.00 0.00 0.00 0.00 0.00 0.09 0.53 0.89 1.00 1.00 1.00 1.00 1.00 0.86 0.09 0.00 0.00 
 0.00 0.00 0.00 0.00 0.00 0.00 0.00 0.00 0.00 0.00 0.09 0.53 0.92 1.00 1.00 1.00 1.00 0.61 0.00 0.00 
 0.00 0.00 0.00 0.00 0.45 0.00 0.00 0.00 0.00 0.00 0.00 0.00 0.17 0.75 1.00 1.00 1.00 0.86 0.03 0.00 
 0.00 0.00 0.00 0.00 0.78 0.14 0.00 0.00 0.00 0.00 0.00 0.00 0.00 0.06 0.81 1.00 1.00 1.00 0.17 0.00 
 0.00 0.00 0.00 0.00 0.84 0.53 0.00 0.00 0.00 0.00 0.00 0.00 0.00 0.00 0.36 1.00 1.00 0.97 0.14 0.00 
 0.00 0.00 0.00 0.00 0.84 0.89 0.09 0.00 0.00 0.00 0.00 0.00 0.00 0.00 0.17 1.00 1.00 0.84 0.00 0.00 
 0.00 0.00 0.00 0.00 0.84 1.00 0.70 0.06 0.00 0.00 0.00 0.00 0.00 0.00 0.33 1.00 1.00 0.58 0.00 0.00 
 0.00 0.00 0.00 0.00 0.84 1.00 1.00 0.73 0.11 0.00 0.00 0.00 0.00 0.11 0.86 1.00 0.81 0.09 0.00 0.00 
 