0.00 0.00 0.00 0.00 0.00 0.00 0.03 0.22 0.53 0.75 0.89 1.00 1.00 1.00 0.89 0.81 0.64 0.47 0.22 0.00 
 0.00 0.00 0.00 0.00 0.00 0.11 0.67 1.00 1.00 0.97 0.84 0.84 0.84 0.89 1.00 1.00 1.00 1.00 0.67 0.00 
 0.00 0.00 0.00 0.00 0.11 0.84 1.00 1.00 0.81 0.25 0.00 0.00 0.00 0.09 0.53 0.97 1.00 1.00 0.67 0.00 
 0.00 0.00 0.00 0.00 0.58 1.00 1.00 0.92 0.14 0.00 0.00 0.00 0.00 0.00 0.00 0.47 1.00 1.00 0.67 0.00 
 0.00 0.00 0.00 0.11 0.95 1.00 1.00 0.84 0.00 0.00 0.00 0.00 0.00 0.00 0.00 0.09 0.89 1.00 0.67 0.00 
 0.00 0.00 0.00 0.17 1.00 1.00 1.00 0.84 0.00 0.00 0.00 0.00 0.00 0.00 0.00 0.00 0.20 0.33 0.22 0.00 
 0.00 0.00 0.00 0.17 1.00 1.00 1.00 0.92 0.14 0.00 0.00 0.00 0.00 0.00 0.00 0.00 0.00 0.00 0.00 0.00 
 0.00 0.00 0.00 0.11 0.95 1.00 1.00 1.00 0.81 0.14 0.00 0.00 0.00 0.00 0.00 0.00 0.00 0.00 0.00 0.00 
 0.00 0.00 0.00 0.00 0.56 1.00 1.00 1.00 1.00 0.92 0.45 0.11 0.00 0.00 0.00 0.00 0.00 0.00 0.00 0.00 
 0.00 0.00 0.00 0.00 0.09 0.81 1.00 1.00 1.00 1.00 1.00 0.92 0.53 0.17 0.00 0.00 0.00 0.00 0.00 0.00 
 0.00 0.00 0.00 0.00 0.00 0.09 0.64 0.97 1.00 1.00 1.00 1.00 1.00 0.97 0.58 0.17 0.00 0.00 0.00 0.00 
 0.00 0.00 0.00 0.00 0.00 0.00 0.00 0.25 0.73 0.97 1.00 1.00 1.00 1.00 1.00 0.95 0.42 0.03 0.00 0.00 
 0.00 0.00 0.00 0.00 0.00 0.00 0.00 0.00 0.00 0.22 0.64 0.92 1.00 1.00 1.00 1.00 1.00 0.56 0.00 0.00 
 0.00 0.00 0.00 0.00 0.00 0.00 0.00 0.00 0.00 0.00 0.00 0.11 0.58 0.95 1.00 1.00 1.00 0.97 0.31 0.00 
 0.00 0.00 0.00 0.00 0.00 0.00 0.00 0.00 0.00 0.00 0.00 0.00 0.00 0.22 0.92 1.00 1.00 1.00 0.70 0.00 
 0.00 0.00 0.00 0.00 0.00 0.00 0.00 0.00 0.00 0.00 0.00 0.00 0.00 0.00 0.36 1.00 1.00 1.00 0.84 0.00 
 0.00 0.00 0.00 0.22 0.33 0.20 0.00 0.00 0.00 0.00 0.00 0.00 0.00 0.00 0.17 1.00 1.00 1.00 0.84 0.00 
 0.00 0.00 0.00 0.67 1.00 0.78 0.00 0.00 0.00 0.00 0.00 0.00 0.00 0.00 0.17 1.00 1.00 1.00 0.78 0.00 
 0.00 0.00 0.00 0.67 1.00 0.97 0.31 0.00 0.00 0.00 0.00 0.00 0.00 0.00 0.25 1.00 1.00 1.00 0.53 0.00 
 0.00 0.00 0.00 0.67 1.00 1.00 0.89 0.20 0.00 0.00 0.00 0.00 0.00 0.09 0.81 1.00 1.00 0.92 0.11 0.00 
 