-1.00 -1.00 -1.00 -1.00 -1.00 -1.00 0.28 1.00 1.00 0.85 -0.80 -1.00 -1.00 -1.00 -1.00 -1.00 -1.00 -1.00 -1.00 -1.00 
 -1.00 -1.00 -1.00 -1.00 -1.00 -1.00 0.65 1.00 1.00 1.00 -0.58 -1.00 -1.00 -1.00 -1.00 -1.00 -1.00 -1.00 -1.00 -1.00 
 -1.00 -1.00 -1.00 -1.00 -1.00 -1.00 0.65 1.00 1.00 1.00 -0.58 -1.00 -1.00 -1.00 -1.00 -1.00 -1.00 -1.00 -1.00 -1.00 
 -1.00 -1.00 -1.00 -1.00 -1.00 -1.00 0.65 1.00 1.00 1.00 -0.58 -1.00 -1.00 -1.00 -1.00 -1.00 -1.00 -1.00 -1.00 -1.00 
 -1.00 -1.00 -1.00 -0.65 0.18 0.22 0.87 1.00 1.00 1.00 0.38 0.22 0.22 0.22 0.01 -0.98 -1.00 -1.00 -1.00 -1.00 
 -1.00 -1.00 -1.00 0.08 1.00 1.00 1.00 1.00 1.00 1.00 1.00 1.00 1.00 1.00 1.00 -0.76 -1.00 -1.00 -1.00 -1.00 
 -1.00 -1.00 -1.00 -0.68 0.13 0.16 0.90 1.00 1.00 1.00 0.33 0.16 0.16 0.16 -0.05 -0.98 -1.00 -1.00 -1.00 -1.00 
 -1.00 -1.00 -1.00 -1.00 -1.00 -1.00 0.76 1.00 1.00 1.00 -0.58 -1.00 -1.00 -1.00 -1.00 -1.00 -1.00 -1.00 -1.00 -1.00 
 -1.00 -1.00 -1.00 -1.00 -1.00 -1.00 0.76 1.00 1.00 1.00 -0.58 -1.00 -1.00 -1.00 -1.00 -1.00 -1.00 -1.00 -1.00 -1.00 
 -1.00 -1.00 -1.00 -1.00 -1.00 -1.00 0.76 1.00 1.00 1.00 -0.58 -1.00 -1.00 -1.00 -1.00 -1.00 -1.00 -1.00 -1.00 -1.00 
 -1.00 -1.00 -1.00 -1.00 -1.00 -1.00 0.76 1.00 1.00 1.00 -0.58 -1.00 -1.00 -1.00 -1.00 -1.00 -1.00 -1.00 -1.00 -1.00 
 -1.00 -1.00 -1.00 -1.00 -1.00 -1.00 0.76 1.00 1.00 1.00 -0.58 -1.00 -1.00 -1.00 -1.00 -1.00 -1.00 -1.00 -1.00 -1.00 
 -1.00 -1.00 -1.00 -1.00 -1.00 -1.00 0.76 1.00 1.00 1.00 -0.58 -1.00 -1.00 -1.00 -1.00 -1.00 -1.00 -1.00 -1.00 -1.00 
 -1.00 -1.00 -1.00 -1.00 -1.00 -1.00 0.76 1.00 1.00 1.00 -0.58 -1.00 -1.00 -1.00 -1.00 -1.00 -1.00 -1.00 -1.00 -1.00 
 -1.00 -1.00 -1.00 -1.00 -1.00 -1.00 0.76 1.00 1.00 1.00 -0.58 -1.00 -1.00 -1.00 -1.00 -1.00 -1.00 -1.00 -1.00 -1.00 
 -1.00 -1.00 -1.00 -1.00 -1.00 -1.00 0.75 1.00 1.00 1.00 -0.54 -1.00 -1.00 -1.00 -1.00 -1.00 -1.00 -1.00 -1.00 -1.00 
 -1.00 -1.00 -1.00 -1.00 -1.00 -1.00 0.62 1.00 1.00 1.00 -0.22 -1.00 -1.00 -1.00 -0.42 -0.48 -1.00 -1.00 -1.00 -1.00 
 -1.00 -1.00 -1.00 -1.00 -1.00 -1.00 0.21 1.00 1.00 1.00 0.70 -0.47 -0.36 0.30 0.99 0.33 -1.00 -1.00 -1.00 -1.00 
 -1.00 -1.00 -1.00 -1.00 -1.00 -1.00 -0.62 0.97 1.00 1.00 1.00 1.00 1.00 1.00 0.91 -0.11 -1.00 -1.00 -1.00 -1.00 
 -1.00 -1.00 -1.00 -1.00 -1.00 -1.00 -1.00 -0.36 0.73 1.00 0.99 0.79 0.39 -0.20 -0.87 -1.00 -1.00 -1.00 -1.00 -1.00 
 