0.00 0.00 0.00 0.00 0.00 0.00 0.00 0.00 0.00 0.51 0.97 0.68 0.01 0.00 0.00 0.00 0.00 0.00 0.00 0.00 
 0.00 0.00 0.00 0.00 0.00 0.00 0.00 0.00 0.12 0.99 1.00 1.00 0.17 0.00 0.00 0.00 0.00 0.00 0.00 0.00 
 0.00 0.00 0.00 0.00 0.00 0.00 0.00 0.00 0.33 1.00 1.00 0.91 0.02 0.00 0.00 0.00 0.00 0.00 0.00 0.00 
 0.00 0.00 0.00 0.00 0.00 0.00 0.00 0.00 0.58 1.00 1.00 0.70 0.00 0.00 0.00 0.00 0.00 0.00 0.00 0.00 
 0.00 0.00 0.00 0.00 0.00 0.00 0.00 0.01 0.84 1.00 1.00 0.44 0.00 0.00 0.00 0.00 0.00 0.00 0.00 0.00 
 0.00 0.00 0.00 0.00 0.00 0.00 0.00 0.16 1.00 1.00 1.00 0.37 0.31 0.41 0.50 0.59 0.46 0.00 0.00 0.00 
 0.00 0.00 0.00 0.31 0.88 0.90 0.90 0.93 1.00 1.00 1.00 1.00 1.00 1.00 1.00 1.00 0.89 0.00 0.00 0.00 
 0.00 0.00 0.00 0.58 1.00 1.00 1.00 1.00 1.00 1.00 1.00 1.00 1.00 1.00 0.95 0.83 0.37 0.00 0.00 0.00 
 0.00 0.00 0.00 0.20 0.85 1.00 0.95 1.00 1.00 1.00 0.79 0.59 0.41 0.23 0.05 0.00 0.00 0.00 0.00 0.00 
 0.00 0.00 0.00 0.00 0.01 0.10 0.35 1.00 1.00 0.91 0.02 0.00 0.00 0.00 0.00 0.00 0.00 0.00 0.00 0.00 
 0.00 0.00 0.00 0.00 0.00 0.00 0.55 1.00 1.00 0.72 0.00 0.00 0.00 0.00 0.00 0.00 0.00 0.00 0.00 0.00 
 0.00 0.00 0.00 0.00 0.00 0.00 0.77 1.00 1.00 0.51 0.00 0.00 0.00 0.00 0.00 0.00 0.00 0.00 0.00 0.00 
 0.00 0.00 0.00 0.00 0.00 0.06 0.96 1.00 1.00 0.29 0.00 0.00 0.00 0.00 0.00 0.00 0.00 0.00 0.00 0.00 
 0.00 0.00 0.00 0.00 0.00 0.17 1.00 1.00 0.97 0.09 0.00 0.00 0.00 0.00 0.00 0.00 0.00 0.00 0.00 0.00 
 0.00 0.00 0.00 0.00 0.00 0.34 1.00 1.00 0.89 0.00 0.00 0.00 0.00 0.00 0.00 0.00 0.00 0.00 0.00 0.00 
 0.00 0.00 0.00 0.00 0.00 0.46 1.00 1.00 0.80 0.00 0.00 0.00 0.01 0.30 0.55 0.04 0.00 0.00 0.00 0.00 
 0.00 0.00 0.00 0.00 0.00 0.50 1.00 1.00 0.88 0.01 0.00 0.07 0.57 1.00 0.98 0.13 0.00 0.00 0.00 0.00 
 0.00 0.00 0.00 0.00 0.00 0.40 1.00 1.00 1.00 0.71 0.66 0.92 1.00 1.00 0.64 0.00 0.00 0.00 0.00 0.00 
 0.00 0.00 0.00 0.00 0.00 0.13 0.97 1.00 1.00 1.00 1.00 1.00 0.99 0.65 0.03 0.00 0.00 0.00 0.00 0.00 
 0.00 0.00 0.00 0.00 0.00 0.00 0.39 0.98 1.00 1.00 1.00 0.91 0.40 0.00 0.00 0.00 0.00 0.00 0.00 0.00 
 