0.00 0.39 1.00 1.00 0.96 0.82 0.70 0.73 0.91 1.00 1.00 0.96 0.80 0.70 0.74 0.89 1.00 1.00 0.55 0.00 
 0.00 0.75 0.97 0.53 0.09 0.00 0.00 0.00 0.08 0.93 0.96 0.17 0.00 0.00 0.00 0.01 0.35 0.90 0.86 0.01 
 0.14 0.95 0.29 0.00 0.00 0.00 0.00 0.00 0.00 0.80 0.90 0.00 0.00 0.00 0.00 0.00 0.00 0.18 0.94 0.22 
 0.45 0.42 0.00 0.00 0.00 0.00 0.00 0.00 0.00 0.80 0.90 0.00 0.00 0.00 0.00 0.00 0.00 0.00 0.39 0.56 
 0.42 0.00 0.00 0.00 0.00 0.00 0.00 0.00 0.00 0.80 0.90 0.00 0.00 0.00 0.00 0.00 0.00 0.00 0.02 0.61 
 0.00 0.00 0.00 0.00 0.00 0.00 0.00 0.00 0.00 0.80 0.90 0.00 0.00 0.00 0.00 0.00 0.00 0.00 0.00 0.00 
 0.00 0.00 0.00 0.00 0.00 0.00 0.00 0.00 0.00 0.80 0.90 0.00 0.00 0.00 0.00 0.00 0.00 0.00 0.00 0.00 
 0.00 0.00 0.00 0.00 0.00 0.00 0.00 0.00 0.00 0.80 0.90 0.00 0.00 0.00 0.00 0.00 0.00 0.00 0.00 0.00 
 0.00 0.00 0.00 0.00 0.00 0.00 0.00 0.00 0.00 0.80 0.90 0.00 0.00 0.00 0.00 0.00 0.00 0.00 0.00 0.00 
 0.00 0.00 0.00 0.00 0.00 0.00 0.00 0.00 0.00 0.80 0.90 0.00 0.00 0.00 0.00 0.00 0.00 0.00 0.00 0.00 
 0.00 0.00 0.00 0.00 0.00 0.00 0.00 0.00 0.00 0.80 0.90 0.00 0.00 0.00 0.00 0.00 0.00 0.00 0.00 0.00 
 0.00 0.00 0.00 0.00 0.00 0.00 0.00 0.00 0.00 0.80 0.90 0.00 0.00 0.00 0.00 0.00 0.00 0.00 0.00 0.00 
 0.00 0.00 0.00 0.00 0.00 0.00 0.00 0.00 0.00 0.80 0.90 0.00 0.00 0.00 0.00 0.00 0.00 0.00 0.00 0.00 
 0.00 0.00 0.00 0.00 0.00 0.00 0.00 0.00 0.00 0.80 0.90 0.00 0.00 0.00 0.00 0.00 0.00 0.00 0.00 0.00 
 0.00 0.00 0.00 0.00 0.00 0.00 0.00 0.00 0.00 0.80 0.90 0.00 0.00 0.00 0.00 0.00 0.00 0.00 0.00 0.00 
 0.00 0.00 0.00 0.00 0.00 0.00 0.00 0.00 0.00 0.80 0.90 0.00 0.00 0.00 0.00 0.00 0.00 0.00 0.00 0.00 
 0.00 0.00 0.00 0.00 0.00 0.00 0.00 0.00 0.00 0.80 0.90 0.00 0.00 0.00 0.00 0.00 0.00 0.00 0.00 0.00 
 0.00 0.00 0.00 0.00 0.00 0.00 0.00 0.00 0.00 0.80 0.90 0.00 0.00 0.00 0.00 0.00 0.00 0.00 0.00 0.00 
 0.00 0.00 0.00 0.00 0.00 0.00 0.00 0.00 0.07 0.90 0.93 0.05 0.00 0.00 0.00 0.00 0.00 0.00 0.00 0.00 
 0.00 0.00 0.00 0.00 0.00 0.05 0.50 0.59 0.86 1.00 1.00 0.84 0.58 0.50 0.05 0.00 0.00 0.00 0.00 0.00 
 