0.00 0.13 1.00 1.00 1.00 1.00 1.00 1.00 1.00 1.00 1.00 1.00 1.00 1.00 1.00 1.00 1.00 0.88 0.00 0.00 
 0.00 0.13 1.00 0.53 0.38 0.38 0.38 0.38 0.38 0.85 0.77 0.38 0.38 0.38 0.38 0.38 0.61 0.88 0.00 0.00 
 0.00 0.13 1.00 0.25 0.00 0.00 0.00 0.00 0.00 0.75 0.63 0.00 0.00 0.00 0.00 0.00 0.38 0.88 0.00 0.00 
 0.00 0.13 1.00 0.25 0.00 0.00 0.00 0.00 0.00 0.75 0.63 0.00 0.00 0.00 0.00 0.00 0.38 0.88 0.00 0.00 
 0.00 0.13 1.00 0.25 0.00 0.00 0.00 0.00 0.00 0.75 0.63 0.00 0.00 0.00 0.00 0.00 0.38 0.88 0.00 0.00 
 0.00 0.13 1.00 0.25 0.00 0.00 0.00 0.00 0.00 0.75 0.63 0.00 0.00 0.00 0.00 0.00 0.38 0.88 0.00 0.00 
 0.00 0.11 0.97 0.20 0.00 0.00 0.00 0.00 0.00 0.75 0.63 0.00 0.00 0.00 0.00 0.00 0.33 0.86 0.00 0.00 
 0.00 0.00 0.17 0.00 0.00 0.00 0.00 0.00 0.00 0.75 0.63 0.00 0.00 0.00 0.00 0.00 0.03 0.17 0.00 0.00 
 0.00 0.00 0.00 0.00 0.00 0.00 0.00 0.00 0.00 0.75 0.63 0.00 0.00 0.00 0.00 0.00 0.00 0.00 0.00 0.00 
 0.00 0.00 0.00 0.00 0.00 0.00 0.00 0.00 0.00 0.75 0.63 0.00 0.00 0.00 0.00 0.00 0.00 0.00 0.00 0.00 
 0.00 0.00 0.00 0.00 0.00 0.00 0.00 0.00 0.00 0.75 0.63 0.00 0.00 0.00 0.00 0.00 0.00 0.00 0.00 0.00 
 0.00 0.00 0.00 0.00 0.00 0.00 0.00 0.00 0.00 0.75 0.63 0.00 0.00 0.00 0.00 0.00 0.00 0.00 0.00 0.00 
 0.00 0.00 0.00 0.00 0.00 0.00 0.00 0.00 0.00 0.75 0.63 0.00 0.00 0.00 0.00 0.00 0.00 0.00 0.00 0.00 
 0.00 0.00 0.00 0.00 0.00 0.00 0.00 0.00 0.00 0.75 0.63 0.00 0.00 0.00 0.00 0.00 0.00 0.00 0.00 0.00 
 0.00 0.00 0.00 0.00 0.00 0.00 0.00 0.00 0.00 0.75 0.63 0.00 0.00 0.00 0.00 0.00 0.00 0.00 0.00 0.00 
 0.00 0.00 0.00 0.00 0.00 0.00 0.00 0.00 0.00 0.75 0.63 0.00 0.00 0.00 0.00 0.00 0.00 0.00 0.00 0.00 
 0.00 0.00 0.00 0.00 0.00 0.00 0.00 0.00 0.00 0.75 0.63 0.00 0.00 0.00 0.00 0.00 0.00 0.00 0.00 0.00 
 0.00 0.00 0.00 0.00 0.00 0.00 0.00 0.00 0.00 0.75 0.63 0.00 0.00 0.00 0.00 0.00 0.00 0.00 0.00 0.00 
 0.00 0.00 0.00 0.00 0.06 0.36 0.38 0.38 0.38 0.85 0.77 0.38 0.38 0.38 0.33 0.03 0.00 0.00 0.00 0.00 
 0.00 0.00 0.00 0.00 0.28 0.99 1.00 1.00 1.00 1.00 1.00 1.00 1.00 1.00 0.96 0.17 0.00 0.00 0.00 0.00 
 