-1.00 -1.00 -1.00 -1.00 -1.00 -1.00 -1.00 -1.00 0.00 0.96 0.08 -1.00 -1.00 -1.00 -1.00 -1.00 -1.00 -1.00 -1.00 -1.00 
 -1.00 -1.00 -1.00 -1.00 -1.00 -1.00 -1.00 -1.00 0.73 1.00 0.25 -1.00 -1.00 -1.00 -1.00 -1.00 -1.00 -1.00 -1.00 -1.00 
 -1.00 -1.00 -1.00 -1.00 -1.00 -1.00 -1.00 -0.91 0.99 1.00 -0.09 -1.00 -1.00 -1.00 -1.00 -1.00 -1.00 -1.00 -1.00 -1.00 
 -1.00 -1.00 -1.00 -1.00 -1.00 -1.00 -1.00 -0.58 1.00 1.00 -0.43 -1.00 -1.00 -1.00 -1.00 -1.00 -1.00 -1.00 -1.00 -1.00 
 -1.00 -1.00 -1.00 -0.26 0.15 0.15 0.15 0.43 1.00 1.00 0.29 0.15 0.15 0.15 0.15 0.15 0.07 -0.87 -1.00 -1.00 
 -1.00 -1.00 -0.77 1.00 1.00 1.00 1.00 1.00 1.00 1.00 1.00 1.00 1.00 1.00 1.00 1.00 1.00 -0.49 -1.00 -1.00 
 -1.00 -1.00 -0.94 0.11 0.25 0.25 0.25 0.82 1.00 0.80 0.25 0.25 0.25 0.25 0.25 0.25 -0.01 -0.97 -1.00 -1.00 
 -1.00 -1.00 -1.00 -1.00 -1.00 -1.00 -1.00 0.75 1.00 0.24 -1.00 -1.00 -1.00 -1.00 -1.00 -1.00 -1.00 -1.00 -1.00 -1.00 
 -1.00 -1.00 -1.00 -1.00 -1.00 -1.00 -0.91 0.99 1.00 -0.10 -1.00 -1.00 -1.00 -1.00 -1.00 -1.00 -1.00 -1.00 -1.00 -1.00 
 -1.00 -1.00 -1.00 -1.00 -1.00 -1.00 -0.58 1.00 1.00 -0.44 -1.00 -1.00 -1.00 -1.00 -1.00 -1.00 -1.00 -1.00 -1.00 -1.00 
 -1.00 -1.00 -1.00 -1.00 -1.00 -1.00 -0.25 1.00 1.00 -0.77 -1.00 -1.00 -1.00 -1.00 -1.00 -1.00 -1.00 -1.00 -1.00 -1.00 
 -1.00 -1.00 -1.00 -1.00 -1.00 -1.00 0.09 1.00 0.89 -0.99 -1.00 -1.00 -1.00 -1.00 -1.00 -1.00 -1.00 -1.00 -1.00 -1.00 
 -1.00 -1.00 -1.00 -1.00 -1.00 -1.00 0.43 1.00 0.56 -1.00 -1.00 -1.00 -1.00 -1.00 -1.00 -1.00 -1.00 -1.00 -1.00 -1.00 
 -1.00 -1.00 -1.00 -1.00 -1.00 -1.00 0.76 1.00 0.22 -1.00 -1.00 -1.00 -1.00 -1.00 -1.00 -0.98 -1.00 -1.00 -1.00 -1.00 
 -1.00 -1.00 -1.00 -1.00 -1.00 -0.89 0.99 1.00 -0.11 -1.00 -1.00 -1.00 -1.00 -1.00 0.35 0.98 -0.21 -1.00 -1.00 -1.00 
 -1.00 -1.00 -1.00 -1.00 -1.00 -0.58 1.00 1.00 -0.43 -1.00 -1.00 -1.00 -1.00 -0.83 1.00 1.00 -0.15 -1.00 -1.00 -1.00 
 -1.00 -1.00 -1.00 -1.00 -1.00 -0.44 1.00 1.00 -0.41 -1.00 -1.00 -1.00 -1.00 0.01 1.00 0.98 -0.73 -1.00 -1.00 -1.00 
 -1.00 -1.00 -1.00 -1.00 -1.00 -0.69 1.00 1.00 0.61 -0.56 -0.85 -0.64 0.14 0.99 1.00 0.15 -1.00 -1.00 -1.00 -1.00 
 -1.00 -1.00 -1.00 -1.00 -1.00 -0.99 0.43 1.00 1.00 1.00 1.00 1.00 1.00 1.00 0.28 -0.95 -1.00 -1.00 -1.00 -1.00 
 -1.00 -1.00 -1.00 -1.00 -1.00 -1.00 -0.90 0.16 0.89 1.00 1.00 0.95 0.46 -0.41 -1.00 -1.00 -1.00 -1.00 -1.00 -1.00 
 