0.00 0.00 0.00 0.00 0.00 0.00 0.00 0.00 0.00 0.00 0.01 0.23 0.56 0.01 0.00 0.00 0.00 0.00 0.00 0.00 
 0.00 0.00 0.00 0.00 0.00 0.00 0.00 0.00 0.00 0.12 0.74 1.00 0.69 0.00 0.00 0.00 0.00 0.00 0.00 0.00 
 0.00 0.00 0.00 0.00 0.00 0.00 0.00 0.00 0.00 0.40 1.00 1.00 0.44 0.00 0.00 0.00 0.00 0.00 0.00 0.00 
 0.00 0.00 0.00 0.00 0.00 0.00 0.00 0.00 0.00 0.62 1.00 1.00 0.20 0.00 0.00 0.00 0.00 0.00 0.00 0.00 
 0.00 0.00 0.00 0.00 0.00 0.00 0.00 0.00 0.02 0.85 1.00 0.89 0.02 0.00 0.00 0.00 0.00 0.00 0.00 0.00 
 0.00 0.00 0.00 0.00 0.00 0.00 0.00 0.00 0.12 1.00 1.00 0.71 0.00 0.00 0.00 0.00 0.00 0.00 0.00 0.00 
 0.00 0.00 0.00 0.00 0.00 0.02 0.21 0.25 0.47 1.00 1.00 0.65 0.30 0.30 0.30 0.30 0.13 0.00 0.00 0.00 
 0.00 0.00 0.00 0.00 0.07 0.64 0.99 0.99 1.00 1.00 1.00 0.97 0.95 0.93 0.90 0.58 0.03 0.00 0.00 0.00 
 0.00 0.00 0.00 0.00 0.05 0.11 0.11 0.12 0.84 1.00 0.89 0.09 0.06 0.04 0.01 0.00 0.00 0.00 0.00 0.00 
 0.00 0.00 0.00 0.00 0.00 0.00 0.00 0.11 0.99 1.00 0.71 0.00 0.00 0.00 0.00 0.00 0.00 0.00 0.00 0.00 
 0.00 0.00 0.00 0.00 0.00 0.00 0.00 0.29 1.00 1.00 0.46 0.00 0.00 0.00 0.00 0.00 0.00 0.00 0.00 0.00 
 0.00 0.00 0.00 0.00 0.00 0.00 0.00 0.53 1.00 1.00 0.23 0.00 0.00 0.00 0.00 0.00 0.00 0.00 0.00 0.00 
 0.00 0.00 0.00 0.00 0.00 0.00 0.00 0.76 1.00 0.91 0.03 0.00 0.00 0.00 0.00 0.00 0.00 0.00 0.00 0.00 
 0.00 0.00 0.00 0.00 0.00 0.00 0.08 0.97 1.00 0.77 0.00 0.00 0.00 0.00 0.00 0.00 0.00 0.00 0.00 0.00 
 0.00 0.00 0.00 0.00 0.00 0.00 0.23 1.00 1.00 0.56 0.00 0.00 0.00 0.00 0.00 0.00 0.00 0.00 0.00 0.00 
 0.00 0.00 0.00 0.00 0.00 0.00 0.46 1.00 1.00 0.37 0.00 0.00 0.00 0.00 0.07 0.16 0.00 0.00 0.00 0.00 
 0.00 0.00 0.00 0.00 0.00 0.00 0.67 1.00 1.00 0.35 0.00 0.00 0.03 0.35 0.84 0.29 0.00 0.00 0.00 0.00 
 0.00 0.00 0.00 0.00 0.00 0.00 0.84 1.00 1.00 0.74 0.09 0.29 0.78 0.85 0.23 0.00 0.00 0.00 0.00 0.00 
 0.00 0.00 0.00 0.00 0.00 0.01 0.87 1.00 1.00 1.00 0.98 0.99 0.63 0.06 0.00 0.00 0.00 0.00 0.00 0.00 
 0.00 0.00 0.00 0.00 0.00 0.00 0.71 1.00 1.00 1.00 0.89 0.32 0.00 0.00 0.00 0.00 0.00 0.00 0.00 0.00 
 