0.00 0.00 0.00 0.00 0.00 0.06 0.88 0.27 0.00 0.00 0.00 0.00 0.00 0.00 0.00 0.00 0.00 0.00 0.00 0.00 
 0.00 0.00 0.00 0.00 0.00 0.13 1.00 0.38 0.00 0.00 0.00 0.00 0.00 0.00 0.00 0.00 0.00 0.00 0.00 0.00 
 0.00 0.00 0.00 0.00 0.00 0.13 1.00 0.38 0.00 0.00 0.00 0.00 0.00 0.00 0.00 0.00 0.00 0.00 0.00 0.00 
 0.00 0.00 0.00 0.00 0.00 0.13 1.00 0.38 0.00 0.00 0.00 0.00 0.00 0.00 0.00 0.00 0.00 0.00 0.00 0.00 
 0.00 0.00 0.00 0.00 0.00 0.13 1.00 0.38 0.00 0.00 0.00 0.00 0.00 0.00 0.00 0.00 0.00 0.00 0.00 0.00 
 0.00 0.00 0.45 0.75 0.75 0.78 1.00 0.85 0.75 0.75 0.75 0.75 0.75 0.75 0.75 0.67 0.05 0.00 0.00 0.00 
 0.00 0.00 0.36 0.63 0.63 0.67 1.00 0.77 0.63 0.63 0.63 0.63 0.63 0.63 0.63 0.55 0.03 0.00 0.00 0.00 
 0.00 0.00 0.00 0.00 0.00 0.13 1.00 0.38 0.00 0.00 0.00 0.00 0.00 0.00 0.00 0.00 0.00 0.00 0.00 0.00 
 0.00 0.00 0.00 0.00 0.00 0.13 1.00 0.38 0.00 0.00 0.00 0.00 0.00 0.00 0.00 0.00 0.00 0.00 0.00 0.00 
 0.00 0.00 0.00 0.00 0.00 0.13 1.00 0.38 0.00 0.00 0.00 0.00 0.00 0.00 0.00 0.00 0.00 0.00 0.00 0.00 
 0.00 0.00 0.00 0.00 0.00 0.13 1.00 0.38 0.00 0.00 0.00 0.00 0.00 0.00 0.00 0.00 0.00 0.00 0.00 0.00 
 0.00 0.00 0.00 0.00 0.00 0.13 1.00 0.38 0.00 0.00 0.00 0.00 0.00 0.00 0.00 0.00 0.00 0.00 0.00 0.00 
 0.00 0.00 0.00 0.00 0.00 0.13 1.00 0.38 0.00 0.00 0.00 0.00 0.00 0.00 0.00 0.00 0.00 0.00 0.00 0.00 
 0.00 0.00 0.00 0.00 0.00 0.13 1.00 0.38 0.00 0.00 0.00 0.00 0.00 0.00 0.00 0.00 0.00 0.00 0.00 0.00 
 0.00 0.00 0.00 0.00 0.00 0.13 1.00 0.38 0.00 0.00 0.00 0.00 0.00 0.00 0.00 0.00 0.00 0.00 0.00 0.00 
 0.00 0.00 0.00 0.00 0.00 0.13 1.00 0.38 0.00 0.00 0.00 0.00 0.00 0.00 0.00 0.00 0.00 0.00 0.00 0.00 
 0.00 0.00 0.00 0.00 0.00 0.11 0.99 0.39 0.00 0.00 0.00 0.00 0.00 0.00 0.00 0.00 0.00 0.00 0.00 0.00 
 0.00 0.00 0.00 0.00 0.00 0.00 0.82 0.67 0.00 0.00 0.00 0.00 0.00 0.00 0.00 0.00 0.03 0.24 0.05 0.00 
 0.00 0.00 0.00 0.00 0.00 0.00 0.38 0.99 0.50 0.09 0.00 0.00 0.00 0.08 0.20 0.45 0.82 0.99 0.27 0.00 
 0.00 0.00 0.00 0.00 0.00 0.00 0.02 0.44 0.97 0.97 0.80 0.75 0.82 0.96 1.00 0.97 0.67 0.25 0.00 0.00 
 