-1.00 0.12 1.00 1.00 1.00 1.00 -0.04 -1.00 -1.00 -1.00 -1.00 -1.00 -1.00 -0.53 1.00 1.00 1.00 1.00 0.62 -1.00 
 -1.00 0.12 1.00 1.00 1.00 1.00 -0.04 -1.00 -1.00 -1.00 -1.00 -1.00 -1.00 -0.53 1.00 1.00 1.00 1.00 0.62 -1.00 
 -1.00 0.12 1.00 1.00 1.00 1.00 -0.04 -1.00 -1.00 -1.00 -1.00 -1.00 -1.00 -0.53 1.00 1.00 1.00 1.00 0.62 -1.00 
 -1.00 0.12 1.00 1.00 1.00 1.00 -0.04 -1.00 -1.00 -1.00 -1.00 -1.00 -1.00 -0.53 1.00 1.00 1.00 1.00 0.62 -1.00 
 -1.00 0.12 1.00 1.00 1.00 1.00 -0.04 -1.00 -1.00 -1.00 -1.00 -1.00 -1.00 -0.53 1.00 1.00 1.00 1.00 0.62 -1.00 
 -1.00 0.12 1.00 1.00 1.00 1.00 -0.04 -1.00 -1.00 -1.00 -1.00 -1.00 -1.00 -0.53 1.00 1.00 1.00 1.00 0.62 -1.00 
 -1.00 0.12 1.00 1.00 1.00 1.00 -0.04 -1.00 -1.00 -1.00 -1.00 -1.00 -1.00 -0.53 1.00 1.00 1.00 1.00 0.62 -1.00 
 -1.00 0.12 1.00 1.00 1.00 1.00 -0.04 -1.00 -1.00 -1.00 -1.00 -1.00 -1.00 -0.53 1.00 1.00 1.00 1.00 0.62 -1.00 
 -1.00 0.12 1.00 1.00 1.00 1.00 -0.04 -1.00 -1.00 -1.00 -1.00 -1.00 -1.00 -0.53 1.00 1.00 1.00 1.00 0.62 -1.00 
 -1.00 0.12 1.00 1.00 1.00 1.00 -0.04 -1.00 -1.00 -1.00 -1.00 -1.00 -1.00 -0.53 1.00 1.00 1.00 1.00 0.62 -1.00 
 -1.00 0.12 1.00 1.00 1.00 1.00 -0.04 -1.00 -1.00 -1.00 -1.00 -1.00 -1.00 -0.53 1.00 1.00 1.00 1.00 0.62 -1.00 
 -1.00 0.12 1.00 1.00 1.00 1.00 -0.04 -1.00 -1.00 -1.00 -1.00 -1.00 -1.00 -0.53 1.00 1.00 1.00 1.00 0.62 -1.00 
 -1.00 0.12 1.00 1.00 1.00 1.00 -0.03 -1.00 -1.00 -1.00 -1.00 -1.00 -1.00 -0.48 1.00 1.00 1.00 1.00 0.62 -1.00 
 -1.00 0.12 1.00 1.00 1.00 1.00 0.15 -1.00 -1.00 -1.00 -1.00 -1.00 -1.00 -0.07 1.00 1.00 1.00 1.00 0.62 -1.00 
 -1.00 0.02 1.00 1.00 1.00 1.00 0.75 -0.94 -1.00 -1.00 -1.00 -1.00 -0.80 0.81 1.00 1.00 1.00 1.00 0.62 -1.00 
 -1.00 -0.28 1.00 1.00 1.00 1.00 1.00 0.44 -0.58 -0.89 -0.78 -0.25 0.76 1.00 1.00 1.00 1.00 1.00 0.62 -1.00 
 -1.00 -0.81 0.97 1.00 1.00 1.00 1.00 1.00 1.00 1.00 1.00 1.00 1.00 1.00 1.00 1.00 1.00 1.00 0.62 -1.00 
 -1.00 -1.00 0.20 1.00 1.00 1.00 1.00 1.00 1.00 1.00 1.00 1.00 1.00 0.46 1.00 1.00 1.00 1.00 0.62 -1.00 
 -1.00 -1.00 -0.90 0.55 1.00 1.00 1.00 1.00 1.00 1.00 1.00 1.00 0.24 -0.51 1.00 1.00 1.00 1.00 0.62 -1.00 
 -1.00 -1.00 -1.00 -0.94 -0.03 0.80 1.00 1.00 1.00 1.00 0.69 -0.25 -0.99 -0.80 -0.17 -0.17 -0.17 -0.17 -0.33 -1.00 
 