-0.75 -0.75 -0.75 -0.75 -0.75 -0.75 -0.75 -0.94 -1.00 -1.00 -0.78 -0.75 -0.75 -0.75 -0.75 -0.75 -0.75 -0.78 -1.00 -1.00 
 0.84 1.00 1.00 1.00 1.00 1.00 1.00 -0.52 -1.00 -1.00 0.47 0.97 1.00 1.00 1.00 1.00 1.00 0.76 -1.00 -1.00 
 -0.98 0.01 1.00 1.00 1.00 1.00 1.00 -0.52 -1.00 -1.00 -1.00 -0.82 0.67 1.00 1.00 1.00 1.00 0.76 -1.00 -1.00 
 -1.00 -0.70 1.00 1.00 1.00 1.00 1.00 -0.52 -1.00 -1.00 -1.00 -1.00 0.04 1.00 1.00 1.00 1.00 0.76 -1.00 -1.00 
 -1.00 -0.75 1.00 1.00 1.00 1.00 1.00 -0.52 -1.00 -1.00 -1.00 -1.00 -0.05 1.00 1.00 1.00 1.00 0.76 -1.00 -1.00 
 -1.00 -0.75 1.00 1.00 1.00 1.00 1.00 -0.52 -1.00 -1.00 -1.00 -1.00 -0.05 1.00 1.00 1.00 1.00 0.76 -1.00 -1.00 
 -1.00 -0.75 1.00 1.00 1.00 1.00 1.00 -0.52 -1.00 -1.00 -1.00 -1.00 -0.05 1.00 1.00 1.00 1.00 0.76 -1.00 -1.00 
 -1.00 -0.75 1.00 1.00 1.00 1.00 1.00 -0.52 -1.00 -1.00 -1.00 -1.00 -0.05 1.00 1.00 1.00 1.00 0.76 -1.00 -1.00 
 -1.00 -0.75 1.00 1.00 1.00 1.00 1.00 -0.52 -1.00 -1.00 -1.00 -1.00 -0.05 1.00 1.00 1.00 1.00 0.76 -1.00 -1.00 
 -1.00 -0.75 1.00 1.00 1.00 1.00 1.00 -0.52 -1.00 -1.00 -1.00 -1.00 -0.05 1.00 1.00 1.00 1.00 0.76 -1.00 -1.00 
 -1.00 -0.75 1.00 1.00 1.00 1.00 1.00 -0.52 -1.00 -1.00 -1.00 -1.00 -0.05 1.00 1.00 1.00 1.00 0.76 -1.00 -1.00 
 -1.00 -0.75 1.00 1.00 1.00 1.00 1.00 -0.52 -1.00 -1.00 -1.00 -1.00 -0.05 1.00 1.00 1.00 1.00 0.76 -1.00 -1.00 
 -1.00 -0.75 1.00 1.00 1.00 1.00 1.00 -0.52 -1.00 -1.00 -1.00 -1.00 -0.05 1.00 1.00 1.00 1.00 0.76 -1.00 -1.00 
 -1.00 -0.75 1.00 1.00 1.00 1.00 1.00 -0.52 -1.00 -1.00 -1.00 -1.00 -0.05 1.00 1.00 1.00 1.00 0.76 -1.00 -1.00 
 -1.00 -0.84 1.00 1.00 1.00 1.00 1.00 -0.48 -1.00 -1.00 -1.00 -1.00 -0.05 1.00 1.00 1.00 1.00 0.76 -1.00 -1.00 
 -1.00 -0.99 0.84 1.00 1.00 1.00 1.00 -0.06 -1.00 -1.00 -1.00 -0.62 0.80 1.00 1.00 1.00 1.00 0.87 -0.99 -1.00 
 -1.00 -1.00 0.14 1.00 1.00 1.00 1.00 0.91 0.01 -0.23 0.17 0.95 0.83 1.00 1.00 1.00 1.00 1.00 -0.01 -0.77 
 -1.00 -1.00 -0.85 0.73 1.00 1.00 1.00 1.00 1.00 1.00 0.97 -0.05 -0.10 1.00 1.00 1.00 1.00 1.00 0.98 0.79 
 -1.00 -1.00 -1.00 -0.83 0.23 0.91 1.00 1.00 0.93 0.34 -0.65 -1.00 -0.11 0.61 0.11 -0.26 -0.53 -0.76 -0.96 -1.00 
 -1.00 -1.00 -1.00 -1.00 -1.00 -0.97 -0.76 -0.76 -0.95 -1.00 -1.00 -1.00 -0.96 -1.00 -1.00 -1.00 -1.00 -1.00 -1.00 -1.00 
 