-0.28 0.92 1.00 1.00 0.95 -0.04 -1.00 -1.00 -1.00 -1.00 -1.00 -1.00 -1.00 -1.00 -0.43 0.89 1.00 1.00 0.96 0.12 
 0.25 1.00 1.00 1.00 1.00 0.51 -1.00 -1.00 -1.00 -1.00 -1.00 -1.00 -1.00 -1.00 0.07 1.00 1.00 1.00 1.00 0.69 
 0.25 1.00 1.00 1.00 1.00 0.52 -1.00 -1.00 -1.00 -1.00 -1.00 -1.00 -1.00 -1.00 0.10 1.00 1.00 1.00 1.00 0.71 
 0.25 1.00 1.00 1.00 1.00 0.52 -1.00 -1.00 -1.00 -1.00 -1.00 -1.00 -1.00 -1.00 0.10 1.00 1.00 1.00 1.00 0.71 
 0.25 1.00 1.00 1.00 1.00 0.52 -1.00 -1.00 -1.00 -1.00 -1.00 -1.00 -1.00 -1.00 0.10 1.00 1.00 1.00 1.00 0.71 
 0.25 1.00 1.00 1.00 1.00 0.52 -1.00 -1.00 -1.00 -1.00 -1.00 -1.00 -1.00 -1.00 0.10 1.00 1.00 1.00 1.00 0.71 
 0.25 1.00 1.00 1.00 1.00 0.52 -1.00 -1.00 -1.00 -1.00 -1.00 -1.00 -1.00 -1.00 0.10 1.00 1.00 1.00 1.00 0.71 
 0.25 1.00 1.00 1.00 1.00 0.52 -1.00 -1.00 -1.00 -1.00 -1.00 -1.00 -1.00 -1.00 0.10 1.00 1.00 1.00 1.00 0.71 
 0.25 1.00 1.00 1.00 1.00 0.52 -1.00 -1.00 -1.00 -1.00 -1.00 -1.00 -1.00 -1.00 0.10 1.00 1.00 1.00 1.00 0.71 
 0.25 1.00 1.00 1.00 1.00 0.52 -1.00 -1.00 -1.00 -1.00 -1.00 -1.00 -1.00 -1.00 0.10 1.00 1.00 1.00 1.00 0.71 
 0.25 1.00 1.00 1.00 1.00 0.52 -1.00 -1.00 -1.00 -1.00 -1.00 -1.00 -1.00 -1.00 0.10 1.00 1.00 1.00 1.00 0.71 
 0.25 1.00 1.00 1.00 1.00 0.52 -1.00 -1.00 -1.00 -1.00 -1.00 -1.00 -1.00 -1.00 0.10 1.00 1.00 1.00 1.00 0.71 
 0.25 1.00 1.00 1.00 1.00 0.52 -1.00 -1.00 -1.00 -1.00 -1.00 -1.00 -1.00 -1.00 0.15 1.00 1.00 1.00 1.00 0.71 
 0.25 1.00 1.00 1.00 1.00 0.52 -1.00 -1.00 -1.00 -1.00 -1.00 -1.00 -1.00 -1.00 0.44 1.00 1.00 1.00 1.00 0.71 
 0.23 1.00 1.00 1.00 1.00 0.53 -1.00 -1.00 -1.00 -1.00 -1.00 -1.00 -1.00 -0.85 0.94 1.00 1.00 1.00 1.00 0.71 
 0.02 1.00 1.00 1.00 1.00 0.60 -1.00 -1.00 -1.00 -1.00 -1.00 -1.00 -1.00 0.15 1.00 1.00 1.00 1.00 1.00 0.71 
 -0.47 1.00 1.00 1.00 1.00 0.91 -0.88 -1.00 -1.00 -1.00 -1.00 -0.98 -0.04 1.00 0.62 1.00 1.00 1.00 1.00 0.71 
 -0.98 0.60 1.00 1.00 1.00 1.00 0.64 -0.11 -0.33 -0.33 -0.03 0.65 1.00 0.31 -0.06 1.00 1.00 1.00 1.00 0.71 
 -1.00 -0.73 0.75 1.00 1.00 1.00 1.00 1.00 1.00 1.00 1.00 1.00 0.32 -0.95 -0.09 1.00 1.00 1.00 1.00 0.68 
 -1.00 -1.00 -0.88 0.01 0.73 1.00 1.00 1.00 1.00 0.99 0.58 -0.33 -0.99 -1.00 -0.65 0.62 0.73 0.73 0.72 -0.07 
 