-1.00 -1.00 -1.00 -1.00 -0.98 -0.82 -0.85 -1.00 -1.00 -1.00 -1.00 -1.00 -1.00 -1.00 -1.00 -0.98 -0.82 -0.87 -1.00 -1.00 
 -1.00 -0.99 -0.58 0.11 0.77 1.00 0.62 -1.00 -1.00 -1.00 -1.00 -1.00 -0.98 -0.56 0.12 0.78 1.00 0.46 -1.00 -1.00 
 0.06 0.74 1.00 1.00 1.00 1.00 0.62 -1.00 -1.00 -1.00 -0.97 0.09 0.76 1.00 1.00 1.00 1.00 0.46 -1.00 -1.00 
 1.00 1.00 1.00 1.00 1.00 1.00 0.62 -1.00 -1.00 -1.00 -0.92 1.00 1.00 1.00 1.00 1.00 1.00 0.46 -1.00 -1.00 
 -0.89 -0.89 0.36 1.00 1.00 1.00 0.62 -1.00 -1.00 -1.00 -0.99 -0.89 -0.89 0.44 1.00 1.00 1.00 0.46 -1.00 -1.00 
 -1.00 -1.00 0.33 1.00 1.00 1.00 0.62 -1.00 -1.00 -1.00 -1.00 -1.00 -1.00 0.40 1.00 1.00 1.00 0.46 -1.00 -1.00 
 -1.00 -1.00 0.33 1.00 1.00 1.00 0.62 -1.00 -1.00 -1.00 -1.00 -1.00 -1.00 0.40 1.00 1.00 1.00 0.46 -1.00 -1.00 
 -1.00 -1.00 0.33 1.00 1.00 1.00 0.62 -1.00 -1.00 -1.00 -1.00 -1.00 -1.00 0.40 1.00 1.00 1.00 0.46 -1.00 -1.00 
 -1.00 -1.00 0.33 1.00 1.00 1.00 0.62 -1.00 -1.00 -1.00 -1.00 -1.00 -1.00 0.40 1.00 1.00 1.00 0.46 -1.00 -1.00 
 -1.00 -1.00 0.33 1.00 1.00 1.00 0.62 -1.00 -1.00 -1.00 -1.00 -1.00 -1.00 0.40 1.00 1.00 1.00 0.46 -1.00 -1.00 
 -1.00 -1.00 0.33 1.00 1.00 1.00 0.62 -1.00 -1.00 -1.00 -1.00 -1.00 -1.00 0.40 1.00 1.00 1.00 0.46 -1.00 -1.00 
 -1.00 -1.00 0.33 1.00 1.00 1.00 0.62 -1.00 -1.00 -1.00 -1.00 -1.00 -1.00 0.40 1.00 1.00 1.00 0.46 -1.00 -1.00 
 -1.00 -1.00 0.33 1.00 1.00 1.00 0.63 -1.00 -1.00 -1.00 -1.00 -1.00 -1.00 0.40 1.00 1.00 1.00 0.46 -1.00 -1.00 
 -1.00 -1.00 0.31 1.00 1.00 1.00 0.84 -0.99 -1.00 -1.00 -1.00 -1.00 -1.00 0.40 1.00 1.00 1.00 0.46 -1.00 -1.00 
 -1.00 -1.00 0.17 1.00 1.00 1.00 1.00 -0.56 -1.00 -1.00 -1.00 -1.00 -1.00 0.40 1.00 1.00 1.00 0.46 -1.00 -1.00 
 -1.00 -1.00 -0.16 1.00 1.00 1.00 1.00 0.71 -0.55 -0.98 -1.00 -0.89 -0.46 0.67 1.00 1.00 1.00 0.46 -1.00 -1.00 
 -1.00 -1.00 -0.76 0.98 1.00 1.00 1.00 1.00 1.00 0.92 0.87 0.99 1.00 0.98 1.00 1.00 1.00 0.62 -0.98 -1.00 
 -1.00 -1.00 -1.00 0.12 1.00 1.00 1.00 1.00 1.00 1.00 1.00 0.82 -0.22 0.42 1.00 1.00 1.00 1.00 0.81 0.62 
 -1.00 -1.00 -1.00 -0.98 -0.01 0.87 1.00 1.00 1.00 0.63 -0.12 -0.91 -1.00 0.21 0.72 0.72 0.72 0.72 0.72 0.72 
 -1.00 -1.00 -1.00 -1.00 -1.00 -0.97 -0.72 -0.65 -0.86 -1.00 -1.00 -1.00 -1.00 -1.00 -1.00 -1.00 -1.00 -1.00 -1.00 -1.00 
 