-1.00 -1.00 -1.00 -1.00 -1.00 -1.00 -1.00 -1.00 -1.00 -1.00 -1.00 -1.00 -1.00 -1.00 -1.00 -1.00 -1.00 -1.00 -1.00 -1.00 
 -1.00 -1.00 -1.00 -1.00 -1.00 -1.00 -1.00 -1.00 -1.00 -1.00 -1.00 -1.00 -1.00 -1.00 -1.00 -1.00 -1.00 -1.00 -1.00 -1.00 
 -0.47 -0.41 -0.36 -0.29 -0.24 -0.18 -0.11 -0.73 -1.00 -1.00 -0.62 -0.43 -0.37 -0.31 -0.25 -0.19 -0.13 -0.49 -1.00 -1.00 
 1.00 1.00 1.00 1.00 1.00 1.00 1.00 -0.42 -1.00 -1.00 0.49 1.00 1.00 1.00 1.00 1.00 1.00 0.11 -1.00 -1.00 
 -0.33 -0.22 0.84 1.00 1.00 1.00 1.00 -0.42 -1.00 -1.00 -0.50 -0.28 0.58 1.00 1.00 1.00 1.00 0.11 -1.00 -1.00 
 -1.00 -1.00 0.24 1.00 1.00 1.00 1.00 -0.42 -1.00 -1.00 -1.00 -1.00 -0.29 1.00 1.00 1.00 1.00 0.11 -1.00 -1.00 
 -1.00 -1.00 0.12 1.00 1.00 1.00 1.00 -0.42 -1.00 -1.00 -1.00 -1.00 -0.42 1.00 1.00 1.00 1.00 0.11 -1.00 -1.00 
 -1.00 -1.00 0.09 1.00 1.00 1.00 1.00 -0.42 -1.00 -1.00 -1.00 -1.00 -0.44 1.00 1.00 1.00 1.00 0.11 -1.00 -1.00 
 -1.00 -1.00 0.09 1.00 1.00 1.00 1.00 -0.42 -1.00 -1.00 -1.00 -1.00 -0.44 1.00 1.00 1.00 1.00 0.11 -1.00 -1.00 
 -1.00 -1.00 0.09 1.00 1.00 1.00 1.00 -0.42 -1.00 -1.00 -1.00 -1.00 -0.44 1.00 1.00 1.00 1.00 0.11 -1.00 -1.00 
 -1.00 -1.00 0.09 1.00 1.00 1.00 1.00 -0.42 -1.00 -1.00 -1.00 -1.00 -0.40 1.00 1.00 1.00 1.00 0.11 -1.00 -1.00 
 -1.00 -1.00 0.09 1.00 1.00 1.00 1.00 -0.41 -1.00 -1.00 -1.00 -1.00 -0.24 1.00 1.00 1.00 1.00 0.11 -1.00 -1.00 
 -1.00 -1.00 0.07 1.00 1.00 1.00 1.00 -0.29 -1.00 -1.00 -1.00 -1.00 0.25 1.00 1.00 1.00 1.00 0.11 -1.00 -1.00 
 -1.00 -1.00 -0.07 1.00 1.00 1.00 1.00 0.22 -1.00 -1.00 -1.00 -0.58 0.95 1.00 1.00 1.00 1.00 0.11 -1.00 -1.00 
 -1.00 -1.00 -0.55 1.00 1.00 1.00 1.00 0.98 0.05 -0.34 0.05 0.91 0.86 1.00 1.00 1.00 1.00 0.38 -0.98 -1.00 
 -1.00 -1.00 -0.99 0.40 1.00 1.00 1.00 1.00 1.00 1.00 1.00 0.85 -0.50 1.00 1.00 1.00 1.00 1.00 0.91 0.83 
 -1.00 -1.00 -1.00 -0.89 0.40 1.00 1.00 1.00 1.00 1.00 0.59 -0.69 -0.87 1.00 1.00 0.95 0.85 0.76 0.66 0.57 
 -1.00 -1.00 -1.00 -1.00 -0.99 -0.58 -0.06 0.11 -0.03 -0.49 -0.98 -1.00 -0.98 -0.87 -0.96 -1.00 -1.00 -1.00 -1.00 -1.00 
 -1.00 -1.00 -1.00 -1.00 -1.00 -1.00 -1.00 -1.00 -1.00 -1.00 -1.00 -1.00 -1.00 -1.00 -1.00 -1.00 -1.00 -1.00 -1.00 -1.00 
 -1.00 -1.00 -1.00 -1.00 -1.00 -1.00 -1.00 -1.00 -1.00 -1.00 -1.00 -1.00 -1.00 -1.00 -1.00 -1.00 -1.00 -1.00 -1.00 -1.00 
 