0.00 0.00 0.00 0.00 0.00 0.02 0.26 0.54 0.03 0.00 0.00 0.00 0.00 0.00 0.00 0.00 0.11 0.43 0.01 0.00 
 0.00 0.00 0.00 0.01 0.24 0.74 1.00 0.92 0.05 0.00 0.00 0.00 0.00 0.00 0.13 0.53 0.95 0.62 0.00 0.00 
 0.00 0.00 0.14 0.64 0.99 1.00 1.00 0.78 0.00 0.00 0.00 0.00 0.00 0.04 0.87 1.00 1.00 0.30 0.00 0.00 
 0.05 0.46 0.95 1.00 1.00 1.00 1.00 0.53 0.00 0.00 0.00 0.00 0.00 0.17 1.00 1.00 0.91 0.04 0.00 0.00 
 0.64 0.77 0.38 0.28 0.98 1.00 1.00 0.27 0.00 0.00 0.00 0.00 0.00 0.39 1.00 1.00 0.69 0.00 0.00 0.00 
 0.22 0.00 0.00 0.09 0.97 1.00 0.92 0.05 0.00 0.00 0.00 0.00 0.00 0.64 1.00 1.00 0.41 0.00 0.00 0.00 
 0.00 0.00 0.00 0.18 1.00 1.00 0.78 0.00 0.00 0.00 0.00 0.00 0.04 0.88 1.00 0.97 0.13 0.00 0.00 0.00 
 0.00 0.00 0.00 0.40 1.00 1.00 0.53 0.00 0.00 0.00 0.00 0.00 0.16 1.00 1.00 0.83 0.00 0.00 0.00 0.00 
 0.00 0.00 0.00 0.64 1.00 1.00 0.27 0.00 0.00 0.00 0.00 0.00 0.37 1.00 1.00 0.60 0.00 0.00 0.00 0.00 
 0.00 0.00 0.04 0.89 1.00 0.91 0.04 0.00 0.00 0.00 0.00 0.00 0.61 1.00 1.00 0.36 0.00 0.00 0.00 0.00 
 0.00 0.00 0.18 1.00 1.00 0.74 0.00 0.00 0.00 0.00 0.00 0.02 0.85 1.00 0.97 0.13 0.00 0.00 0.00 0.00 
 0.00 0.00 0.42 1.00 1.00 0.50 0.00 0.00 0.00 0.00 0.00 0.14 1.00 1.00 0.86 0.00 0.00 0.00 0.00 0.00 
 0.00 0.00 0.69 1.00 1.00 0.27 0.00 0.00 0.00 0.00 0.00 0.33 1.00 1.00 0.71 0.00 0.00 0.00 0.00 0.00 
 0.00 0.07 0.93 1.00 0.95 0.09 0.00 0.00 0.00 0.00 0.17 0.80 1.00 1.00 0.54 0.00 0.00 0.00 0.00 0.11 
 0.00 0.20 1.00 1.00 0.88 0.00 0.00 0.00 0.04 0.44 0.94 0.98 1.00 1.00 0.42 0.00 0.00 0.05 0.44 0.87 
 0.00 0.40 1.00 1.00 0.89 0.02 0.01 0.22 0.77 0.91 0.44 0.92 1.00 1.00 0.40 0.03 0.32 0.84 0.87 0.27 
 0.00 0.57 1.00 1.00 1.00 0.58 0.65 0.97 0.67 0.11 0.16 1.00 1.00 1.00 0.85 0.82 0.98 0.64 0.07 0.00 
 0.00 0.64 1.00 1.00 1.00 1.00 0.88 0.34 0.00 0.00 0.30 1.00 1.00 1.00 1.00 0.85 0.31 0.00 0.00 0.00 
 0.00 0.55 1.00 1.00 0.98 0.62 0.08 0.00 0.00 0.00 0.41 1.00 1.00 0.93 0.51 0.05 0.00 0.00 0.00 0.00 
 0.00 0.17 0.87 0.73 0.24 0.00 0.00 0.00 0.00 0.00 0.24 0.87 0.56 0.11 0.00 0.00 0.00 0.00 0.00 0.00 
 