-1.00 -0.98 -0.70 -0.28 0.14 0.56 0.79 -0.79 -1.00 -1.00 -1.00 -1.00 -1.00 -1.00 -1.00 -0.19 0.21 0.21 -0.22 -1.00 
 0.22 0.87 1.00 1.00 1.00 1.00 0.98 -0.91 -1.00 -1.00 -1.00 -1.00 -1.00 -1.00 -1.00 0.66 1.00 1.00 -0.07 -1.00 
 -0.22 0.29 0.65 0.96 1.00 1.00 0.64 -1.00 -1.00 -1.00 -1.00 -1.00 -1.00 -1.00 -0.90 0.98 1.00 1.00 -0.50 -1.00 
 -1.00 -1.00 -1.00 0.10 1.00 1.00 0.21 -1.00 -1.00 -1.00 -1.00 -1.00 -1.00 -1.00 -0.51 1.00 1.00 0.98 -0.91 -1.00 
 -1.00 -1.00 -1.00 0.54 1.00 1.00 -0.23 -1.00 -1.00 -1.00 -1.00 -1.00 -1.00 -1.00 -0.09 1.00 1.00 0.63 -1.00 -1.00 
 -1.00 -1.00 -0.95 0.94 1.00 1.00 -0.66 -1.00 -1.00 -1.00 -1.00 -1.00 -1.00 -1.00 0.33 1.00 1.00 0.19 -1.00 -1.00 
 -1.00 -1.00 -0.58 1.00 1.00 0.89 -0.98 -1.00 -1.00 -1.00 -1.00 -1.00 -1.00 -1.00 0.74 1.00 1.00 -0.24 -1.00 -1.00 
 -1.00 -1.00 -0.14 1.00 1.00 0.47 -1.00 -1.00 -1.00 -1.00 -1.00 -1.00 -1.00 -0.84 1.00 1.00 1.00 -0.68 -1.00 -1.00 
 -1.00 -1.00 0.30 1.00 1.00 0.04 -1.00 -1.00 -1.00 -1.00 -1.00 -1.00 -1.00 -0.43 1.00 1.00 0.87 -0.98 -1.00 -1.00 
 -1.00 -1.00 0.74 1.00 1.00 -0.39 -1.00 -1.00 -1.00 -1.00 -1.00 -1.00 -1.00 -0.01 1.00 1.00 0.45 -1.00 -1.00 -1.00 
 -1.00 -0.81 1.00 1.00 1.00 -0.82 -1.00 -1.00 -1.00 -1.00 -1.00 -1.00 -1.00 0.40 1.00 1.00 0.02 -1.00 -1.00 -1.00 
 -1.00 -0.37 1.00 1.00 0.74 -1.00 -1.00 -1.00 -1.00 -1.00 -1.00 -1.00 -0.99 0.82 1.00 1.00 -0.41 -1.00 -1.00 -1.00 
 -1.00 0.07 1.00 1.00 0.32 -1.00 -1.00 -1.00 -1.00 -1.00 -1.00 -1.00 -0.76 1.00 1.00 0.99 -0.84 -1.00 -1.00 -1.00 
 -1.00 0.51 1.00 1.00 -0.07 -1.00 -1.00 -1.00 -1.00 -1.00 -1.00 -1.00 -0.35 1.00 1.00 0.72 -1.00 -1.00 -1.00 -1.00 
 -0.98 0.90 1.00 1.00 -0.39 -1.00 -1.00 -1.00 -1.00 -1.00 -1.00 -1.00 0.06 1.00 1.00 0.31 -1.00 -1.00 -1.00 -1.00 
 -0.82 1.00 1.00 1.00 -0.52 -1.00 -1.00 -1.00 -1.00 -1.00 -1.00 -0.43 0.84 1.00 1.00 -0.03 -1.00 -1.00 -1.00 -1.00 
 -0.79 1.00 1.00 1.00 -0.06 -1.00 -1.00 -1.00 -1.00 -0.73 0.29 0.94 0.91 1.00 1.00 -0.13 -1.00 -1.00 -1.00 -1.00 
 -0.98 0.85 1.00 1.00 0.95 0.10 -0.29 -0.11 0.42 0.98 0.72 -0.59 0.70 1.00 1.00 0.69 -0.65 -0.98 -0.80 -0.51 
 -1.00 -0.10 1.00 1.00 1.00 1.00 1.00 1.00 0.94 0.07 -0.91 -1.00 0.42 1.00 1.00 1.00 1.00 0.97 1.00 0.40 
 -1.00 -0.99 -0.21 0.65 0.95 0.91 0.58 -0.02 -0.80 -1.00 -1.00 -1.00 -0.64 0.64 0.97 0.85 0.49 -0.02 -0.63 -0.99 
 