-1.00 -1.00 -1.00 -1.00 -0.80 0.18 0.88 0.02 -1.00 -1.00 -1.00 -1.00 -1.00 -1.00 -1.00 -0.94 -0.11 0.39 0.66 -1.00 
 -1.00 -1.00 -0.98 -0.17 0.90 1.00 1.00 0.45 -1.00 -1.00 -1.00 -1.00 -1.00 -1.00 -1.00 -0.56 1.00 1.00 0.44 -1.00 
 -1.00 -0.78 0.47 0.87 0.98 1.00 1.00 0.25 -1.00 -1.00 -1.00 -1.00 -1.00 -1.00 -1.00 -0.17 1.00 1.00 -0.07 -1.00 
 -0.40 0.74 -0.15 -0.96 0.11 1.00 1.00 -0.13 -1.00 -1.00 -1.00 -1.00 -1.00 -1.00 -1.00 0.24 1.00 1.00 -0.58 -1.00 
 -0.39 -0.77 -1.00 -1.00 0.19 1.00 1.00 -0.55 -1.00 -1.00 -1.00 -1.00 -1.00 -1.00 -1.00 0.70 1.00 0.90 -0.97 -1.00 
 -1.00 -1.00 -1.00 -1.00 0.61 1.00 0.96 -0.93 -1.00 -1.00 -1.00 -1.00 -1.00 -1.00 -0.76 1.00 1.00 0.44 -1.00 -1.00 
 -1.00 -1.00 -1.00 -0.93 0.96 1.00 0.61 -1.00 -1.00 -1.00 -1.00 -1.00 -1.00 -1.00 -0.14 1.00 1.00 -0.04 -1.00 -1.00 
 -1.00 -1.00 -1.00 -0.55 1.00 1.00 0.19 -1.00 -1.00 -1.00 -1.00 -1.00 -1.00 -1.00 0.58 1.00 1.00 -0.51 -1.00 -1.00 
 -1.00 -1.00 -1.00 -0.12 1.00 1.00 -0.23 -1.00 -1.00 -1.00 -1.00 -1.00 -1.00 -0.58 1.00 1.00 0.95 -0.93 -1.00 -1.00 
 -1.00 -1.00 -1.00 0.30 1.00 1.00 -0.65 -1.00 -1.00 -1.00 -1.00 -1.00 -1.00 0.39 1.00 1.00 0.56 -1.00 -1.00 -1.00 
 -1.00 -1.00 -1.00 0.73 1.00 0.91 -0.98 -1.00 -1.00 -1.00 -1.00 -1.00 -0.44 0.60 1.00 1.00 0.11 -1.00 -1.00 -1.00 
 -1.00 -1.00 -0.84 1.00 1.00 0.51 -1.00 -1.00 -1.00 -1.00 -1.00 -0.87 0.61 -0.04 1.00 1.00 -0.34 -1.00 -1.00 -1.00 
 -1.00 -1.00 -0.43 1.00 1.00 0.09 -1.00 -1.00 -1.00 -1.00 -0.98 0.36 -0.38 0.30 1.00 1.00 -0.78 -1.00 -1.00 -1.00 
 -1.00 -1.00 0.00 1.00 1.00 -0.33 -1.00 -1.00 -1.00 -1.00 0.00 0.10 -0.99 0.81 1.00 0.78 -1.00 -1.00 -1.00 -1.00 
 -1.00 -1.00 0.43 1.00 1.00 -0.73 -1.00 -1.00 -1.00 -0.17 0.44 -0.97 -0.65 1.00 1.00 0.35 -1.00 -1.00 -1.00 -1.00 
 -1.00 -0.99 0.84 1.00 0.94 -0.98 -1.00 -0.99 -0.07 0.59 -0.89 -1.00 -0.14 1.00 1.00 -0.04 -1.00 -1.00 -0.85 -0.46 
 -1.00 -0.74 1.00 1.00 0.92 -0.98 -0.80 0.33 0.63 -0.84 -1.00 -1.00 0.36 1.00 1.00 -0.26 -0.96 -0.24 0.76 -0.23 
 -1.00 -0.49 1.00 1.00 1.00 0.68 0.95 0.52 -0.86 -1.00 -1.00 -1.00 0.71 1.00 1.00 0.82 0.84 0.66 -0.64 -1.00 
 -1.00 -0.44 1.00 1.00 1.00 1.00 0.16 -0.95 -1.00 -1.00 -1.00 -1.00 0.82 1.00 1.00 0.98 0.11 -0.93 -1.00 -1.00 
 -1.00 -0.89 0.72 0.99 0.51 -0.50 -1.00 -1.00 -1.00 -1.00 -1.00 -1.00 0.17 0.95 0.40 -0.62 -1.00 -1.00 -1.00 -1.00 
 