0.56 0.56 0.56 0.56 0.56 0.56 0.56 0.56 0.49 0.00 0.00 0.00 0.00 0.00 0.19 0.56 0.56 0.56 0.56 0.56 
 0.11 0.20 0.74 1.00 1.00 1.00 0.68 0.18 0.10 0.00 0.00 0.00 0.00 0.00 0.04 0.11 0.31 0.88 1.00 0.80 
 0.00 0.00 0.18 1.00 1.00 0.94 0.06 0.00 0.00 0.00 0.00 0.00 0.00 0.00 0.00 0.00 0.00 0.47 1.00 0.19 
 0.00 0.00 0.11 1.00 1.00 0.89 0.00 0.00 0.00 0.00 0.00 0.00 0.00 0.00 0.00 0.00 0.00 0.33 0.90 0.02 
 0.00 0.00 0.11 1.00 1.00 0.89 0.00 0.00 0.00 0.00 0.00 0.00 0.00 0.00 0.00 0.00 0.00 0.33 0.89 0.00 
 0.00 0.00 0.11 1.00 1.00 0.89 0.00 0.00 0.00 0.00 0.00 0.00 0.00 0.00 0.00 0.00 0.00 0.33 0.89 0.00 
 0.00 0.00 0.11 1.00 1.00 0.89 0.00 0.00 0.00 0.00 0.00 0.00 0.00 0.00 0.00 0.00 0.00 0.33 0.89 0.00 
 0.00 0.00 0.11 1.00 1.00 0.89 0.00 0.00 0.00 0.00 0.00 0.00 0.00 0.00 0.00 0.00 0.00 0.33 0.89 0.00 
 0.00 0.00 0.11 1.00 1.00 0.89 0.00 0.00 0.00 0.00 0.00 0.00 0.00 0.00 0.00 0.00 0.00 0.33 0.89 0.00 
 0.00 0.00 0.11 1.00 1.00 0.89 0.00 0.00 0.00 0.00 0.00 0.00 0.00 0.00 0.00 0.00 0.00 0.33 0.89 0.00 
 0.00 0.00 0.11 1.00 1.00 0.89 0.00 0.00 0.00 0.00 0.00 0.00 0.00 0.00 0.00 0.00 0.00 0.33 0.89 0.00 
 0.00 0.00 0.11 1.00 1.00 0.89 0.00 0.00 0.00 0.00 0.00 0.00 0.00 0.00 0.00 0.00 0.00 0.33 0.89 0.00 
 0.00 0.00 0.11 1.00 1.00 0.89 0.00 0.00 0.00 0.00 0.00 0.00 0.00 0.00 0.00 0.00 0.00 0.33 0.89 0.00 
 0.00 0.00 0.11 1.00 1.00 0.89 0.00 0.00 0.00 0.00 0.00 0.00 0.00 0.00 0.00 0.00 0.00 0.33 0.89 0.00 
 0.00 0.00 0.05 0.94 1.00 0.89 0.00 0.00 0.00 0.00 0.00 0.00 0.00 0.00 0.00 0.00 0.00 0.42 0.89 0.00 
 0.00 0.00 0.00 0.85 1.00 0.93 0.04 0.00 0.00 0.00 0.00 0.00 0.00 0.00 0.00 0.00 0.00 0.53 0.83 0.00 
 0.00 0.00 0.00 0.71 1.00 1.00 0.21 0.00 0.00 0.00 0.00 0.00 0.00 0.00 0.00 0.00 0.00 0.73 0.63 0.00 
 0.00 0.00 0.00 0.37 1.00 1.00 0.55 0.00 0.00 0.00 0.00 0.00 0.00 0.00 0.00 0.00 0.19 0.98 0.29 0.00 
 0.00 0.00 0.00 0.04 0.82 1.00 0.94 0.19 0.00 0.00 0.00 0.00 0.00 0.00 0.00 0.14 0.82 0.71 0.00 0.00 
 0.00 0.00 0.00 0.00 0.14 0.87 1.00 0.91 0.36 0.03 0.00 0.00 0.00 0.10 0.48 0.94 0.79 0.07 0.00 0.00 
 