0.00 0.11 1.00 1.00 0.89 0.00 0.00 0.00 0.00 0.00 0.00 0.00 0.00 0.00 0.00 0.67 1.00 1.00 0.11 0.00 
 0.00 0.11 1.00 1.00 0.89 0.00 0.00 0.00 0.00 0.00 0.00 0.00 0.00 0.00 0.00 0.61 1.00 1.00 0.11 0.00 
 0.00 0.11 1.00 1.00 0.89 0.00 0.00 0.00 0.00 0.00 0.00 0.00 0.00 0.00 0.00 0.56 1.00 1.00 0.11 0.00 
 0.00 0.09 0.98 1.00 0.89 0.00 0.00 0.00 0.00 0.00 0.00 0.00 0.00 0.00 0.00 0.56 1.00 0.94 0.05 0.00 
 0.00 0.00 0.89 1.00 0.89 0.00 0.00 0.00 0.00 0.00 0.00 0.00 0.00 0.00 0.00 0.56 1.00 0.89 0.00 0.00 
 0.00 0.00 0.89 1.00 0.87 0.00 0.00 0.00 0.00 0.00 0.00 0.00 0.00 0.00 0.00 0.47 1.00 0.89 0.00 0.00 
 0.00 0.00 0.89 1.00 0.78 0.00 0.00 0.00 0.00 0.00 0.00 0.00 0.00 0.00 0.00 0.45 1.00 0.89 0.00 0.00 
 0.00 0.00 0.89 1.00 0.78 0.00 0.00 0.00 0.00 0.00 0.00 0.00 0.00 0.00 0.00 0.45 1.00 0.89 0.00 0.00 
 0.00 0.00 0.89 1.00 0.78 0.00 0.00 0.00 0.00 0.00 0.00 0.00 0.00 0.00 0.00 0.45 1.00 0.89 0.00 0.00 
 0.00 0.00 0.89 1.00 0.78 0.00 0.00 0.00 0.00 0.00 0.00 0.00 0.00 0.00 0.00 0.45 1.00 0.89 0.00 0.00 
 0.00 0.00 0.89 1.00 0.79 0.00 0.00 0.00 0.00 0.00 0.00 0.00 0.00 0.00 0.00 0.45 1.00 0.89 0.00 0.00 
 0.00 0.00 0.88 1.00 0.89 0.00 0.00 0.00 0.00 0.00 0.00 0.00 0.00 0.00 0.00 0.53 1.00 0.89 0.00 0.00 
 0.00 0.00 0.78 1.00 0.89 0.00 0.00 0.00 0.00 0.00 0.00 0.00 0.00 0.00 0.00 0.60 1.00 0.87 0.00 0.00 
 0.00 0.00 0.67 1.00 0.95 0.07 0.00 0.00 0.00 0.00 0.00 0.00 0.00 0.00 0.00 0.73 1.00 0.71 0.00 0.00 
 0.00 0.00 0.48 1.00 1.00 0.30 0.00 0.00 0.00 0.00 0.00 0.00 0.00 0.00 0.05 0.93 1.00 0.48 0.00 0.00 
 0.00 0.00 0.22 1.00 1.00 0.63 0.00 0.00 0.00 0.00 0.00 0.00 0.00 0.00 0.29 1.00 0.99 0.19 0.00 0.00 
 0.00 0.00 0.03 0.80 1.00 0.96 0.21 0.00 0.00 0.00 0.00 0.00 0.00 0.05 0.79 1.00 0.73 0.00 0.00 0.00 
 0.00 0.00 0.00 0.27 0.98 1.00 0.91 0.31 0.05 0.00 0.00 0.02 0.20 0.72 1.00 0.93 0.16 0.00 0.00 0.00 
 0.00 0.00 0.00 0.00 0.37 0.96 1.00 1.00 0.94 0.79 0.78 0.88 1.00 1.00 0.90 0.26 0.00 0.00 0.00 0.00 
 0.00 0.00 0.00 0.00 0.00 0.18 0.65 0.95 1.00 1.00 1.00 1.00 0.91 0.57 0.10 0.00 0.00 0.00 0.00 0.00 
 