0.00 0.00 0.50 1.00 1.00 1.00 0.50 0.00 0.00 0.00 0.00 0.00 0.00 0.00 0.00 0.00 0.00 0.25 1.00 1.00 
 0.00 0.00 0.50 1.00 1.00 1.00 0.50 0.00 0.00 0.00 0.00 0.00 0.00 0.00 0.00 0.00 0.00 0.25 1.00 1.00 
 0.00 0.00 0.50 1.00 1.00 1.00 0.50 0.00 0.00 0.00 0.00 0.00 0.00 0.00 0.00 0.00 0.00 0.25 1.00 1.00 
 0.00 0.00 0.50 1.00 1.00 1.00 0.50 0.00 0.00 0.00 0.00 0.00 0.00 0.00 0.00 0.00 0.00 0.25 1.00 1.00 
 0.00 0.00 0.50 1.00 1.00 1.00 0.50 0.00 0.00 0.00 0.00 0.00 0.00 0.00 0.00 0.00 0.00 0.25 1.00 1.00 
 0.00 0.00 0.50 1.00 1.00 1.00 0.50 0.00 0.00 0.00 0.00 0.00 0.00 0.00 0.00 0.00 0.00 0.25 1.00 1.00 
 0.00 0.00 0.50 1.00 1.00 1.00 0.50 0.00 0.00 0.00 0.00 0.00 0.00 0.00 0.00 0.00 0.00 0.25 1.00 1.00 
 0.00 0.00 0.50 1.00 1.00 1.00 0.50 0.00 0.00 0.00 0.00 0.00 0.00 0.00 0.00 0.00 0.00 0.25 1.00 1.00 
 0.00 0.00 0.50 1.00 1.00 1.00 0.50 0.00 0.00 0.00 0.00 0.00 0.00 0.00 0.00 0.00 0.00 0.25 1.00 1.00 
 0.00 0.00 0.50 1.00 1.00 1.00 0.50 0.00 0.00 0.00 0.00 0.00 0.00 0.00 0.00 0.00 0.00 0.25 1.00 1.00 
 0.00 0.00 0.50 1.00 1.00 1.00 0.50 0.00 0.00 0.00 0.00 0.00 0.00 0.00 0.00 0.00 0.00 0.25 1.00 1.00 
 0.00 0.00 0.50 1.00 1.00 1.00 0.50 0.00 0.00 0.00 0.00 0.00 0.00 0.00 0.00 0.00 0.00 0.25 1.00 1.00 
 0.00 0.00 0.50 1.00 1.00 1.00 0.50 0.00 0.00 0.00 0.00 0.00 0.00 0.00 0.00 0.00 0.00 0.25 1.00 1.00 
 0.00 0.00 0.50 1.00 1.00 1.00 0.50 0.00 0.00 0.00 0.00 0.00 0.00 0.00 0.00 0.00 0.00 0.25 1.00 1.00 
 0.00 0.00 0.50 1.00 1.00 1.00 0.50 0.00 0.00 0.00 0.00 0.00 0.00 0.00 0.00 0.00 0.00 0.31 1.00 1.00 
 0.00 0.00 0.50 1.00 1.00 1.00 0.50 0.00 0.00 0.00 0.00 0.00 0.00 0.00 0.00 0.00 0.00 0.50 1.00 1.00 
 0.00 0.00 0.50 1.00 1.00 1.00 0.63 0.00 0.00 0.00 0.00 0.00 0.00 0.00 0.00 0.00 0.00 0.69 1.00 1.00 
 0.00 0.00 0.31 1.00 1.00 1.00 0.75 0.00 0.00 0.00 0.00 0.00 0.00 0.00 0.00 0.00 0.19 0.94 1.00 1.00 
 0.00 0.00 0.25 1.00 1.00 1.00 0.88 0.19 0.00 0.00 0.00 0.00 0.00 0.00 0.00 0.06 0.63 1.00 1.00 1.00 
 0.00 0.00 0.19 0.94 1.00 1.00 1.00 0.75 0.06 0.00 0.00 0.00 0.00 0.00 0.06 0.56 1.00 1.00 1.00 1.00 
 