0.00 0.00 0.40 1.00 1.00 0.40 0.00 0.00 0.00 0.00 0.00 0.00 0.00 0.00 0.00 0.60 1.00 1.00 0.20 0.00 
 0.00 0.00 0.40 1.00 1.00 0.40 0.00 0.00 0.00 0.00 0.00 0.00 0.00 0.00 0.00 0.60 1.00 1.00 0.20 0.00 
 0.00 0.00 0.40 1.00 1.00 0.40 0.00 0.00 0.00 0.00 0.00 0.00 0.00 0.00 0.00 0.60 1.00 1.00 0.20 0.00 
 0.00 0.00 0.40 1.00 1.00 0.40 0.00 0.00 0.00 0.00 0.00 0.00 0.00 0.00 0.00 0.60 1.00 1.00 0.20 0.00 
 0.00 0.00 0.40 1.00 1.00 0.40 0.00 0.00 0.00 0.00 0.00 0.00 0.00 0.00 0.00 0.60 1.00 1.00 0.20 0.00 
 0.00 0.00 0.40 1.00 1.00 0.40 0.00 0.00 0.00 0.00 0.00 0.00 0.00 0.00 0.00 0.60 1.00 1.00 0.20 0.00 
 0.00 0.00 0.40 1.00 1.00 0.40 0.00 0.00 0.00 0.00 0.00 0.00 0.00 0.00 0.00 0.60 1.00 1.00 0.20 0.00 
 0.00 0.00 0.40 1.00 1.00 0.40 0.00 0.00 0.00 0.00 0.00 0.00 0.00 0.00 0.00 0.60 1.00 1.00 0.20 0.00 
 0.00 0.00 0.40 1.00 1.00 0.40 0.00 0.00 0.00 0.00 0.00 0.00 0.00 0.00 0.00 0.60 1.00 1.00 0.20 0.00 
 0.00 0.00 0.40 1.00 1.00 0.40 0.00 0.00 0.00 0.00 0.00 0.00 0.00 0.00 0.00 0.60 1.00 1.00 0.20 0.00 
 0.00 0.00 0.40 1.00 1.00 0.40 0.00 0.00 0.00 0.00 0.00 0.00 0.00 0.00 0.00 0.60 1.00 1.00 0.20 0.00 
 0.00 0.00 0.40 1.00 1.00 0.40 0.00 0.00 0.00 0.00 0.00 0.00 0.00 0.00 0.00 0.60 1.00 1.00 0.20 0.00 
 0.00 0.00 0.40 1.00 1.00 0.40 0.00 0.00 0.00 0.00 0.00 0.00 0.00 0.00 0.00 0.60 1.00 1.00 0.20 0.00 
 0.00 0.00 0.39 1.00 1.00 0.43 0.00 0.00 0.00 0.00 0.00 0.00 0.00 0.00 0.00 0.64 1.00 1.00 0.19 0.00 
 0.00 0.00 0.28 1.00 1.00 0.54 0.00 0.00 0.00 0.00 0.00 0.00 0.00 0.00 0.00 0.76 1.00 0.98 0.08 0.00 
 0.00 0.00 0.14 1.00 1.00 0.76 0.00 0.00 0.00 0.00 0.00 0.00 0.00 0.00 0.07 0.96 1.00 0.88 0.00 0.00 
 0.00 0.00 0.01 0.81 1.00 0.97 0.18 0.00 0.00 0.00 0.00 0.00 0.00 0.00 0.38 1.00 1.00 0.61 0.00 0.00 
 0.00 0.00 0.00 0.37 1.00 1.00 0.82 0.13 0.00 0.00 0.00 0.00 0.00 0.26 0.94 1.00 0.96 0.17 0.00 0.00 
 0.00 0.00 0.00 0.02 0.65 1.00 1.00 0.96 0.65 0.45 0.40 0.47 0.72 0.99 1.00 0.99 0.45 0.00 0.00 0.00 
 0.00 0.00 0.00 0.00 0.02 0.54 0.98 1.00 1.00 1.00 1.00 1.00 1.00 1.00 0.93 0.38 0.00 0.00 0.00 0.00 
 