0.00 0.00 0.35 0.95 0.91 0.15 0.00 0.00 0.00 0.00 0.00 0.00 0.00 0.00 0.18 0.93 0.95 0.33 0.00 0.00 
 0.00 0.00 0.45 1.00 1.00 0.22 0.00 0.00 0.00 0.00 0.00 0.00 0.00 0.00 0.22 1.00 1.00 0.45 0.00 0.00 
 0.00 0.00 0.45 1.00 1.00 0.22 0.00 0.00 0.00 0.00 0.00 0.00 0.00 0.00 0.22 1.00 1.00 0.45 0.00 0.00 
 0.00 0.00 0.45 1.00 1.00 0.22 0.00 0.00 0.00 0.00 0.00 0.00 0.00 0.00 0.22 1.00 1.00 0.45 0.00 0.00 
 0.00 0.00 0.45 1.00 1.00 0.22 0.00 0.00 0.00 0.00 0.00 0.00 0.00 0.00 0.22 1.00 1.00 0.45 0.00 0.00 
 0.00 0.00 0.45 1.00 1.00 0.22 0.00 0.00 0.00 0.00 0.00 0.00 0.00 0.00 0.22 1.00 1.00 0.45 0.00 0.00 
 0.00 0.00 0.45 1.00 1.00 0.22 0.00 0.00 0.00 0.00 0.00 0.00 0.00 0.00 0.22 1.00 1.00 0.45 0.00 0.00 
 0.00 0.00 0.45 1.00 1.00 0.22 0.00 0.00 0.00 0.00 0.00 0.00 0.00 0.00 0.22 1.00 1.00 0.45 0.00 0.00 
 0.00 0.00 0.45 1.00 1.00 0.22 0.00 0.00 0.00 0.00 0.00 0.00 0.00 0.00 0.22 1.00 1.00 0.45 0.00 0.00 
 0.00 0.00 0.45 1.00 1.00 0.22 0.00 0.00 0.00 0.00 0.00 0.00 0.00 0.00 0.22 1.00 1.00 0.45 0.00 0.00 
 0.00 0.00 0.45 1.00 1.00 0.22 0.00 0.00 0.00 0.00 0.00 0.00 0.00 0.00 0.22 1.00 1.00 0.45 0.00 0.00 
 0.00 0.00 0.45 1.00 1.00 0.22 0.00 0.00 0.00 0.00 0.00 0.00 0.00 0.00 0.22 1.00 1.00 0.45 0.00 0.00 
 0.00 0.00 0.45 1.00 1.00 0.22 0.00 0.00 0.00 0.00 0.00 0.00 0.00 0.00 0.22 1.00 1.00 0.42 0.00 0.00 
 0.00 0.00 0.40 1.00 1.00 0.25 0.00 0.00 0.00 0.00 0.00 0.00 0.00 0.00 0.26 1.00 1.00 0.33 0.00 0.00 
 0.00 0.00 0.26 1.00 1.00 0.44 0.00 0.00 0.00 0.00 0.00 0.00 0.00 0.00 0.44 1.00 1.00 0.20 0.00 0.00 
 0.00 0.00 0.09 0.98 1.00 0.79 0.02 0.00 0.00 0.00 0.00 0.00 0.00 0.03 0.80 1.00 0.88 0.02 0.00 0.00 
 0.00 0.00 0.00 0.63 1.00 1.00 0.55 0.02 0.00 0.00 0.00 0.00 0.02 0.49 1.00 1.00 0.52 0.00 0.00 0.00 
 0.00 0.00 0.00 0.14 0.91 1.00 1.00 0.74 0.35 0.22 0.22 0.36 0.73 1.00 1.00 0.82 0.05 0.00 0.00 0.00 
 0.00 0.00 0.00 0.00 0.20 0.87 1.00 1.00 1.00 1.00 1.00 1.00 1.00 1.00 0.76 0.11 0.00 0.00 0.00 0.00 
 0.00 0.00 0.00 0.00 0.00 0.05 0.46 0.79 0.98 1.00 1.00 0.94 0.73 0.36 0.02 0.00 0.00 0.00 0.00 0.00 
 