0.25 1.00 1.00 1.00 1.00 1.00 0.39 0.00 0.00 0.00 0.00 0.00 0.00 0.00 0.00 0.33 1.00 1.00 1.00 1.00 
 0.03 0.45 0.97 1.00 0.95 0.47 0.06 0.00 0.00 0.00 0.00 0.00 0.00 0.00 0.00 0.03 0.45 0.95 1.00 0.84 
 0.00 0.00 0.84 1.00 0.84 0.00 0.00 0.00 0.00 0.00 0.00 0.00 0.00 0.00 0.00 0.00 0.00 0.45 1.00 0.36 
 0.00 0.00 0.84 1.00 0.84 0.00 0.00 0.00 0.00 0.00 0.00 0.00 0.00 0.00 0.00 0.00 0.00 0.33 1.00 0.33 
 0.00 0.00 0.84 1.00 0.84 0.00 0.00 0.00 0.00 0.00 0.00 0.00 0.00 0.00 0.00 0.00 0.00 0.33 1.00 0.33 
 0.00 0.00 0.84 1.00 0.84 0.00 0.00 0.00 0.00 0.00 0.00 0.00 0.00 0.00 0.00 0.00 0.00 0.33 1.00 0.33 
 0.00 0.00 0.84 1.00 0.84 0.00 0.00 0.00 0.00 0.00 0.00 0.00 0.00 0.00 0.00 0.00 0.00 0.33 1.00 0.33 
 0.00 0.00 0.84 1.00 0.84 0.00 0.00 0.00 0.00 0.00 0.00 0.00 0.00 0.00 0.00 0.00 0.00 0.33 1.00 0.33 
 0.00 0.00 0.84 1.00 0.84 0.00 0.00 0.00 0.00 0.00 0.00 0.00 0.00 0.00 0.00 0.00 0.00 0.33 1.00 0.33 
 0.00 0.00 0.84 1.00 0.84 0.00 0.00 0.00 0.00 0.00 0.00 0.00 0.00 0.00 0.00 0.00 0.00 0.33 1.00 0.33 
 0.00 0.00 0.84 1.00 0.84 0.00 0.00 0.00 0.00 0.00 0.00 0.00 0.00 0.00 0.00 0.00 0.00 0.33 1.00 0.33 
 0.00 0.00 0.84 1.00 0.84 0.00 0.00 0.00 0.00 0.00 0.00 0.00 0.00 0.00 0.00 0.00 0.00 0.33 1.00 0.33 
 0.00 0.00 0.84 1.00 0.84 0.00 0.00 0.00 0.00 0.00 0.00 0.00 0.00 0.00 0.00 0.00 0.00 0.33 1.00 0.33 
 0.00 0.00 0.84 1.00 0.84 0.00 0.00 0.00 0.00 0.00 0.00 0.00 0.00 0.00 0.00 0.00 0.00 0.42 1.00 0.28 
 0.00 0.00 0.70 1.00 0.84 0.00 0.00 0.00 0.00 0.00 0.00 0.00 0.00 0.00 0.00 0.00 0.00 0.50 0.97 0.14 
 0.00 0.00 0.56 1.00 0.92 0.09 0.00 0.00 0.00 0.00 0.00 0.00 0.00 0.00 0.00 0.00 0.00 0.67 0.84 0.00 
 0.00 0.00 0.33 1.00 1.00 0.39 0.00 0.00 0.00 0.00 0.00 0.00 0.00 0.00 0.00 0.00 0.14 0.95 0.73 0.00 
 0.00 0.00 0.11 0.92 1.00 0.81 0.06 0.00 0.00 0.00 0.00 0.00 0.00 0.00 0.00 0.00 0.53 0.97 0.31 0.00 
 0.00 0.00 0.00 0.39 1.00 1.00 0.61 0.06 0.00 0.00 0.00 0.00 0.00 0.00 0.03 0.39 0.97 0.58 0.00 0.00 
 0.00 0.00 0.00 0.03 0.58 1.00 1.00 0.78 0.31 0.03 0.00 0.00 0.03 0.28 0.70 1.00 0.67 0.03 0.00 0.00 
 