0.00 0.00 0.11 1.00 1.00 0.45 0.00 0.00 0.00 0.00 0.00 0.00 0.00 0.00 0.00 0.00 0.45 1.00 1.00 0.11 
 0.00 0.00 0.11 1.00 1.00 0.45 0.00 0.00 0.00 0.00 0.00 0.00 0.00 0.00 0.00 0.00 0.45 1.00 1.00 0.11 
 0.00 0.00 0.11 1.00 1.00 0.45 0.00 0.00 0.00 0.00 0.00 0.00 0.00 0.00 0.00 0.00 0.45 1.00 1.00 0.11 
 0.00 0.00 0.11 1.00 1.00 0.45 0.00 0.00 0.00 0.00 0.00 0.00 0.00 0.00 0.00 0.00 0.45 1.00 1.00 0.11 
 0.00 0.00 0.11 1.00 1.00 0.45 0.00 0.00 0.00 0.00 0.00 0.00 0.00 0.00 0.00 0.00 0.45 1.00 1.00 0.11 
 0.00 0.00 0.11 1.00 1.00 0.45 0.00 0.00 0.00 0.00 0.00 0.00 0.00 0.00 0.00 0.00 0.45 1.00 1.00 0.11 
 0.00 0.00 0.11 1.00 1.00 0.45 0.00 0.00 0.00 0.00 0.00 0.00 0.00 0.00 0.00 0.00 0.45 1.00 1.00 0.11 
 0.00 0.00 0.11 1.00 1.00 0.45 0.00 0.00 0.00 0.00 0.00 0.00 0.00 0.00 0.00 0.00 0.45 1.00 1.00 0.11 
 0.00 0.00 0.11 1.00 1.00 0.45 0.00 0.00 0.00 0.00 0.00 0.00 0.00 0.00 0.00 0.00 0.45 1.00 1.00 0.11 
 0.00 0.00 0.11 1.00 1.00 0.45 0.00 0.00 0.00 0.00 0.00 0.00 0.00 0.00 0.00 0.00 0.45 1.00 1.00 0.11 
 0.00 0.00 0.11 1.00 1.00 0.45 0.00 0.00 0.00 0.00 0.00 0.00 0.00 0.00 0.00 0.00 0.45 1.00 1.00 0.11 
 0.00 0.00 0.11 1.00 1.00 0.45 0.00 0.00 0.00 0.00 0.00 0.00 0.00 0.00 0.00 0.00 0.45 1.00 1.00 0.11 
 0.00 0.00 0.11 1.00 1.00 0.45 0.00 0.00 0.00 0.00 0.00 0.00 0.00 0.00 0.00 0.00 0.45 1.00 1.00 0.11 
 0.00 0.00 0.11 1.00 1.00 0.45 0.00 0.00 0.00 0.00 0.00 0.00 0.00 0.00 0.00 0.00 0.45 1.00 1.00 0.11 
 0.00 0.00 0.11 1.00 1.00 0.51 0.00 0.00 0.00 0.00 0.00 0.00 0.00 0.00 0.00 0.00 0.49 1.00 0.93 0.04 
 0.00 0.00 0.07 0.96 1.00 0.67 0.00 0.00 0.00 0.00 0.00 0.00 0.00 0.00 0.00 0.00 0.64 1.00 0.88 0.00 
 0.00 0.00 0.00 0.79 1.00 0.90 0.04 0.00 0.00 0.00 0.00 0.00 0.00 0.00 0.00 0.04 0.89 1.00 0.71 0.00 
 0.00 0.00 0.00 0.51 1.00 1.00 0.45 0.00 0.00 0.00 0.00 0.00 0.00 0.00 0.00 0.37 1.00 1.00 0.41 0.00 
 0.00 0.00 0.00 0.14 0.96 1.00 0.95 0.30 0.00 0.00 0.00 0.00 0.00 0.00 0.25 0.93 1.00 0.89 0.05 0.00 
 0.00 0.00 0.00 0.00 0.46 1.00 1.00 0.99 0.69 0.38 0.24 0.22 0.36 0.65 0.99 1.00 0.98 0.31 0.00 0.00 
 