0.00 0.00 0.00 0.00 0.00 0.00 0.14 0.64 0.91 0.52 0.00 0.00 0.00 0.00 0.00 0.00 0.00 0.00 0.00 0.00 
 0.00 0.00 0.00 0.00 0.02 0.44 0.97 1.00 1.00 0.75 0.00 0.00 0.00 0.00 0.00 0.00 0.00 0.00 0.00 0.00 
 0.00 0.00 0.05 0.39 0.78 1.00 1.00 1.00 0.78 0.14 0.00 0.00 0.00 0.00 0.00 0.00 0.00 0.00 0.16 0.64 
 0.02 0.35 0.89 1.00 1.00 1.00 1.00 0.86 0.05 0.00 0.00 0.00 0.00 0.00 0.00 0.00 0.08 0.61 0.96 1.00 
 0.60 1.00 0.91 0.88 1.00 1.00 1.00 0.49 0.00 0.00 0.00 0.00 0.00 0.00 0.00 0.03 0.72 1.00 1.00 1.00 
 0.41 0.41 0.03 0.31 1.00 1.00 0.94 0.09 0.00 0.00 0.00 0.00 0.00 0.00 0.00 0.33 1.00 1.00 1.00 0.96 
 0.00 0.00 0.00 0.58 1.00 1.00 0.64 0.00 0.00 0.00 0.00 0.00 0.00 0.00 0.00 0.55 1.00 1.00 1.00 0.72 
 0.00 0.00 0.00 0.75 1.00 0.99 0.24 0.00 0.00 0.00 0.00 0.00 0.00 0.00 0.00 0.78 1.00 1.00 1.00 0.39 
 0.00 0.00 0.13 0.89 1.00 0.80 0.00 0.00 0.00 0.00 0.00 0.00 0.00 0.00 0.39 0.96 1.00 1.00 0.93 0.05 
 0.00 0.00 0.38 1.00 1.00 0.39 0.00 0.00 0.00 0.00 0.00 0.00 0.00 0.19 0.99 1.00 1.00 1.00 0.88 0.00 
 0.00 0.00 0.56 1.00 0.99 0.13 0.00 0.00 0.00 0.00 0.00 0.00 0.25 0.89 1.00 1.00 1.00 1.00 0.86 0.00 
 0.00 0.09 0.96 1.00 0.83 0.00 0.00 0.00 0.00 0.00 0.00 0.25 0.97 0.94 0.61 1.00 1.00 1.00 0.75 0.00 
 0.00 0.06 0.89 1.00 0.49 0.00 0.00 0.00 0.00 0.00 0.09 0.94 0.97 0.33 0.31 1.00 1.00 1.00 0.64 0.00 
 0.00 0.30 1.00 1.00 0.22 0.00 0.00 0.00 0.00 0.08 0.74 0.99 0.44 0.00 0.38 1.00 1.00 1.00 0.69 0.00 
 0.00 0.64 1.00 0.91 0.03 0.00 0.00 0.00 0.08 0.77 0.99 0.50 0.00 0.00 0.38 1.00 1.00 1.00 0.82 0.00 
 0.06 0.91 1.00 0.86 0.00 0.00 0.00 0.19 0.83 0.99 0.53 0.00 0.00 0.00 0.33 1.00 1.00 1.00 0.83 0.00 
 0.00 0.80 1.00 0.78 0.00 0.02 0.35 0.94 0.99 0.49 0.00 0.00 0.00 0.00 0.25 1.00 1.00 1.00 0.96 0.16 
 0.11 0.99 1.00 0.78 0.13 0.60 1.00 0.83 0.25 0.00 0.00 0.00 0.00 0.00 0.06 0.83 1.00 1.00 1.00 0.91 
 0.16 1.00 1.00 0.99 0.97 0.97 0.72 0.09 0.00 0.00 0.00 0.00 0.00 0.00 0.02 0.82 1.00 1.00 1.00 1.00 
 0.44 1.00 1.00 1.00 0.94 0.38 0.00 0.00 0.00 0.00 0.00 0.00 0.00 0.00 0.00 0.42 1.00 1.00 1.00 0.71 
 