0.00 0.00 0.29 0.95 0.48 0.00 0.00 0.00 0.00 0.00 0.00 0.00 0.00 0.00 0.00 0.00 0.39 0.97 0.51 0.00 
 0.00 0.00 0.66 1.00 0.85 0.00 0.00 0.00 0.00 0.00 0.00 0.00 0.00 0.00 0.00 0.00 0.82 1.00 0.88 0.00 
 0.00 0.00 0.79 1.00 0.90 0.00 0.00 0.00 0.00 0.00 0.00 0.00 0.00 0.00 0.00 0.00 0.90 1.00 0.90 0.00 
 0.00 0.00 0.84 1.00 0.90 0.00 0.00 0.00 0.00 0.00 0.00 0.00 0.00 0.00 0.00 0.00 0.90 1.00 0.90 0.00 
 0.00 0.00 0.90 1.00 0.90 0.00 0.00 0.00 0.00 0.00 0.00 0.00 0.00 0.00 0.00 0.00 0.90 1.00 0.90 0.00 
 0.00 0.00 0.90 1.00 0.90 0.00 0.00 0.00 0.00 0.00 0.00 0.00 0.00 0.00 0.00 0.00 0.90 1.00 0.90 0.00 
 0.00 0.00 0.90 1.00 0.90 0.00 0.00 0.00 0.00 0.00 0.00 0.00 0.00 0.00 0.00 0.00 0.90 1.00 0.90 0.00 
 0.00 0.00 0.90 1.00 0.90 0.00 0.00 0.00 0.00 0.00 0.00 0.00 0.00 0.00 0.00 0.05 0.95 1.00 0.89 0.00 
 0.00 0.00 0.90 1.00 0.90 0.00 0.00 0.00 0.00 0.00 0.00 0.00 0.00 0.00 0.00 0.10 1.00 1.00 0.80 0.00 
 0.00 0.00 0.86 1.00 0.90 0.00 0.00 0.00 0.00 0.00 0.00 0.00 0.00 0.00 0.00 0.10 1.00 1.00 0.74 0.00 
 0.00 0.00 0.80 1.00 0.90 0.00 0.00 0.00 0.00 0.00 0.00 0.00 0.00 0.00 0.00 0.20 1.00 1.00 0.64 0.00 
 0.00 0.00 0.79 1.00 0.90 0.00 0.00 0.00 0.00 0.00 0.00 0.00 0.00 0.00 0.00 0.34 1.00 1.00 0.50 0.00 
 0.00 0.00 0.69 1.00 0.92 0.02 0.00 0.00 0.00 0.00 0.00 0.00 0.00 0.00 0.00 0.51 1.00 1.00 0.33 0.00 
 0.00 0.00 0.57 1.00 1.00 0.17 0.00 0.00 0.00 0.00 0.00 0.00 0.00 0.00 0.00 0.73 1.00 0.98 0.12 0.00 
 0.00 0.00 0.39 1.00 1.00 0.41 0.00 0.00 0.00 0.00 0.00 0.00 0.00 0.00 0.08 0.97 1.00 0.85 0.00 0.00 
 0.00 0.00 0.16 1.00 1.00 0.76 0.00 0.00 0.00 0.00 0.00 0.00 0.00 0.00 0.42 1.00 1.00 0.54 0.00 0.00 
 0.00 0.00 0.01 0.77 1.00 0.99 0.35 0.00 0.00 0.00 0.00 0.00 0.00 0.06 0.88 1.00 0.97 0.15 0.00 0.00 
 0.00 0.00 0.00 0.28 0.99 1.00 0.95 0.33 0.01 0.00 0.00 0.00 0.06 0.70 1.00 1.00 0.62 0.00 0.00 0.00 
 0.00 0.00 0.00 0.00 0.58 1.00 1.00 1.00 0.77 0.50 0.40 0.51 0.86 1.00 1.00 0.86 0.08 0.00 0.00 0.00 
 0.00 0.00 0.00 0.00 0.02 0.54 0.99 1.00 1.00 1.00 1.00 1.00 1.00 1.00 0.84 0.15 0.00 0.00 0.00 0.00 
 