0.57 0.57 0.57 0.57 0.57 0.57 0.57 0.49 0.00 0.00 0.00 0.00 0.00 0.08 0.57 0.57 0.57 0.57 0.57 0.57 
 1.00 1.00 1.00 1.00 1.00 1.00 1.00 0.86 0.00 0.00 0.00 0.00 0.00 0.15 1.00 1.00 1.00 1.00 1.00 1.00 
 1.00 1.00 1.00 1.00 1.00 1.00 1.00 0.86 0.00 0.00 0.00 0.00 0.00 0.15 1.00 1.00 1.00 1.00 1.00 1.00 
 1.00 1.00 1.00 1.00 1.00 1.00 1.00 0.86 0.00 0.00 0.00 0.00 0.00 0.15 1.00 1.00 1.00 1.00 1.00 1.00 
 1.00 1.00 1.00 1.00 1.00 1.00 1.00 0.86 0.00 0.00 0.00 0.00 0.00 0.15 1.00 1.00 1.00 1.00 1.00 1.00 
 1.00 1.00 1.00 1.00 1.00 1.00 1.00 0.86 0.00 0.00 0.00 0.00 0.00 0.15 1.00 1.00 1.00 1.00 1.00 1.00 
 1.00 1.00 1.00 1.00 1.00 1.00 1.00 0.86 0.00 0.00 0.00 0.00 0.00 0.15 1.00 1.00 1.00 1.00 1.00 1.00 
 1.00 1.00 1.00 1.00 1.00 1.00 1.00 0.86 0.00 0.00 0.00 0.00 0.00 0.15 1.00 1.00 1.00 1.00 1.00 1.00 
 1.00 1.00 1.00 1.00 1.00 1.00 1.00 0.86 0.00 0.00 0.00 0.00 0.00 0.15 1.00 1.00 1.00 1.00 1.00 1.00 
 1.00 1.00 1.00 1.00 1.00 1.00 1.00 0.86 0.00 0.00 0.00 0.00 0.00 0.15 1.00 1.00 1.00 1.00 1.00 1.00 
 1.00 1.00 1.00 1.00 1.00 1.00 1.00 0.86 0.00 0.00 0.00 0.00 0.00 0.15 1.00 1.00 1.00 1.00 1.00 1.00 
 1.00 1.00 1.00 1.00 1.00 1.00 1.00 0.86 0.00 0.00 0.00 0.00 0.00 0.15 1.00 1.00 1.00 1.00 1.00 1.00 
 1.00 1.00 1.00 1.00 1.00 1.00 1.00 0.88 0.02 0.00 0.00 0.00 0.00 0.18 1.00 1.00 1.00 1.00 1.00 1.00 
 1.00 1.00 1.00 1.00 1.00 1.00 1.00 1.00 0.23 0.00 0.00 0.00 0.00 0.47 1.00 1.00 1.00 1.00 1.00 1.00 
 1.00 1.00 1.00 1.00 1.00 1.00 1.00 1.00 0.65 0.04 0.00 0.00 0.23 0.94 1.00 1.00 1.00 1.00 1.00 1.00 
 0.88 1.00 1.00 1.00 1.00 1.00 1.00 1.00 1.00 0.82 0.57 0.67 0.96 1.00 1.00 1.00 1.00 1.00 1.00 1.00 
 0.69 1.00 1.00 1.00 1.00 1.00 1.00 1.00 1.00 1.00 1.00 1.00 1.00 1.00 1.00 1.00 1.00 1.00 1.00 1.00 
 0.41 1.00 1.00 1.00 1.00 1.00 1.00 1.00 1.00 1.00 1.00 1.00 1.00 1.00 0.96 1.00 1.00 1.00 1.00 1.00 
 0.08 0.90 1.00 1.00 1.00 1.00 1.00 1.00 1.00 1.00 1.00 1.00 1.00 0.82 0.49 1.00 1.00 1.00 1.00 1.00 
 0.00 0.29 0.98 1.00 1.00 1.00 1.00 1.00 1.00 1.00 1.00 1.00 0.80 0.13 0.43 1.00 1.00 1.00 1.00 1.00 
 