0.20 0.20 0.20 0.20 0.20 0.20 0.16 0.00 0.00 0.00 0.00 0.00 0.16 0.20 0.20 0.20 0.20 0.20 0.16 0.00 
 0.60 0.68 0.88 1.00 1.00 1.00 0.80 0.00 0.00 0.00 0.00 0.00 0.48 0.72 0.88 1.00 1.00 1.00 0.80 0.00 
 0.00 0.00 0.20 0.96 1.00 1.00 0.80 0.00 0.00 0.00 0.00 0.00 0.00 0.00 0.20 0.96 1.00 1.00 0.80 0.00 
 0.00 0.00 0.00 0.68 1.00 1.00 0.80 0.00 0.00 0.00 0.00 0.00 0.00 0.00 0.00 0.68 1.00 1.00 0.80 0.00 
 0.00 0.00 0.00 0.60 1.00 1.00 0.80 0.00 0.00 0.00 0.00 0.00 0.00 0.00 0.00 0.60 1.00 1.00 0.80 0.00 
 0.00 0.00 0.00 0.60 1.00 1.00 0.80 0.00 0.00 0.00 0.00 0.00 0.00 0.00 0.00 0.60 1.00 1.00 0.80 0.00 
 0.00 0.00 0.00 0.60 1.00 1.00 0.80 0.00 0.00 0.00 0.00 0.00 0.00 0.00 0.00 0.60 1.00 1.00 0.80 0.00 
 0.00 0.00 0.00 0.60 1.00 1.00 0.80 0.00 0.00 0.00 0.00 0.00 0.00 0.00 0.00 0.60 1.00 1.00 0.80 0.00 
 0.00 0.00 0.00 0.60 1.00 1.00 0.80 0.00 0.00 0.00 0.00 0.00 0.00 0.00 0.00 0.60 1.00 1.00 0.80 0.00 
 0.00 0.00 0.00 0.60 1.00 1.00 0.80 0.00 0.00 0.00 0.00 0.00 0.00 0.00 0.00 0.60 1.00 1.00 0.80 0.00 
 0.00 0.00 0.00 0.60 1.00 1.00 0.80 0.00 0.00 0.00 0.00 0.00 0.00 0.00 0.00 0.60 1.00 1.00 0.80 0.00 
 0.00 0.00 0.00 0.60 1.00 1.00 0.80 0.00 0.00 0.00 0.00 0.00 0.00 0.00 0.00 0.60 1.00 1.00 0.80 0.00 
 0.00 0.00 0.00 0.60 1.00 1.00 0.80 0.00 0.00 0.00 0.00 0.00 0.00 0.00 0.00 0.60 1.00 1.00 0.80 0.00 
 0.00 0.00 0.00 0.60 1.00 1.00 0.80 0.00 0.00 0.00 0.00 0.00 0.00 0.00 0.00 0.60 1.00 1.00 0.80 0.00 
 0.00 0.00 0.00 0.60 1.00 1.00 0.80 0.00 0.00 0.00 0.00 0.00 0.00 0.00 0.00 0.60 1.00 1.00 0.80 0.00 
 0.00 0.00 0.00 0.56 1.00 1.00 0.84 0.04 0.00 0.00 0.00 0.00 0.00 0.00 0.00 0.60 1.00 1.00 0.80 0.00 
 0.00 0.00 0.00 0.40 1.00 1.00 1.00 0.24 0.00 0.00 0.00 0.00 0.00 0.00 0.28 0.88 1.00 1.00 0.84 0.04 
 0.00 0.00 0.00 0.28 1.00 1.00 1.00 0.60 0.00 0.00 0.00 0.00 0.04 0.40 0.84 0.80 1.00 1.00 1.00 0.24 
 0.00 0.00 0.00 0.12 0.88 1.00 1.00 0.96 0.60 0.24 0.20 0.32 0.72 0.88 0.24 0.60 1.00 1.00 1.00 0.76 
 0.00 0.00 0.00 0.00 0.40 1.00 1.00 1.00 1.00 1.00 1.00 1.00 0.92 0.24 0.00 0.60 1.00 1.00 1.00 1.00 
 