0.00 0.63 1.00 1.00 1.00 1.00 1.00 0.99 0.27 0.00 0.00 0.00 0.75 1.00 1.00 1.00 1.00 1.00 0.96 0.16 
 0.00 0.17 0.38 0.77 0.85 0.38 0.38 0.36 0.05 0.00 0.00 0.00 0.22 0.38 0.38 0.53 1.00 0.45 0.33 0.02 
 0.00 0.00 0.00 0.63 0.75 0.00 0.00 0.00 0.00 0.00 0.00 0.00 0.00 0.00 0.00 0.25 1.00 0.13 0.00 0.00 
 0.00 0.00 0.00 0.63 0.75 0.00 0.00 0.00 0.00 0.00 0.00 0.00 0.00 0.00 0.00 0.25 1.00 0.13 0.00 0.00 
 0.00 0.00 0.00 0.63 0.75 0.00 0.00 0.00 0.00 0.00 0.00 0.00 0.00 0.00 0.00 0.25 1.00 0.13 0.00 0.00 
 0.00 0.00 0.00 0.63 0.75 0.00 0.00 0.00 0.00 0.00 0.00 0.00 0.00 0.00 0.00 0.25 1.00 0.13 0.00 0.00 
 0.00 0.00 0.00 0.63 0.75 0.00 0.00 0.00 0.00 0.00 0.00 0.00 0.00 0.00 0.00 0.25 1.00 0.13 0.00 0.00 
 0.00 0.00 0.00 0.63 0.75 0.00 0.00 0.00 0.00 0.00 0.00 0.00 0.00 0.00 0.00 0.25 1.00 0.13 0.00 0.00 
 0.00 0.00 0.00 0.63 0.75 0.00 0.00 0.00 0.00 0.00 0.00 0.00 0.00 0.00 0.00 0.25 1.00 0.13 0.00 0.00 
 0.00 0.00 0.00 0.63 0.75 0.00 0.00 0.00 0.00 0.00 0.00 0.00 0.00 0.00 0.00 0.25 1.00 0.13 0.00 0.00 
 0.00 0.00 0.00 0.63 0.75 0.00 0.00 0.00 0.00 0.00 0.00 0.00 0.00 0.00 0.00 0.25 1.00 0.13 0.00 0.00 
 0.00 0.00 0.00 0.63 0.75 0.00 0.00 0.00 0.00 0.00 0.00 0.00 0.00 0.00 0.00 0.25 1.00 0.13 0.00 0.00 
 0.00 0.00 0.00 0.63 0.75 0.00 0.00 0.00 0.00 0.00 0.00 0.00 0.00 0.00 0.00 0.25 1.00 0.13 0.00 0.00 
 0.00 0.00 0.00 0.63 0.75 0.00 0.00 0.00 0.00 0.00 0.00 0.00 0.00 0.00 0.00 0.25 1.00 0.13 0.00 0.00 
 0.00 0.00 0.00 0.55 0.83 0.00 0.00 0.00 0.00 0.00 0.00 0.00 0.00 0.00 0.00 0.36 0.93 0.05 0.00 0.00 
 0.00 0.00 0.00 0.31 0.96 0.13 0.00 0.00 0.00 0.00 0.00 0.00 0.00 0.00 0.00 0.64 0.82 0.00 0.00 0.00 
 0.00 0.00 0.00 0.06 0.89 0.60 0.00 0.00 0.00 0.00 0.00 0.00 0.00 0.00 0.20 0.99 0.45 0.00 0.00 0.00 
 0.00 0.00 0.00 0.00 0.36 0.99 0.44 0.00 0.00 0.00 0.00 0.00 0.00 0.13 0.85 0.82 0.03 0.00 0.00 0.00 
 0.00 0.00 0.00 0.00 0.02 0.56 0.99 0.61 0.17 0.05 0.00 0.11 0.38 0.89 0.88 0.16 0.00 0.00 0.00 0.00 
 0.00 0.00 0.00 0.00 0.00 0.02 0.41 0.91 1.00 0.93 0.88 0.99 0.99 0.67 0.11 0.00 0.00 0.00 0.00 0.00 
 