0.00 0.00 0.00 0.29 1.00 1.00 0.57 0.00 0.00 0.00 0.00 0.00 0.00 0.00 0.43 1.00 1.00 0.43 0.00 0.00 
 0.00 0.00 0.00 0.29 1.00 1.00 0.57 0.00 0.00 0.00 0.00 0.00 0.00 0.00 0.43 1.00 1.00 0.43 0.00 0.00 
 0.00 0.00 0.00 0.29 1.00 1.00 0.57 0.00 0.00 0.00 0.00 0.00 0.00 0.00 0.43 1.00 1.00 0.43 0.00 0.00 
 0.00 0.00 0.00 0.29 1.00 1.00 0.57 0.00 0.00 0.00 0.00 0.00 0.00 0.00 0.43 1.00 1.00 0.43 0.00 0.00 
 0.00 0.00 0.00 0.29 1.00 1.00 0.57 0.00 0.00 0.00 0.00 0.00 0.00 0.00 0.43 1.00 1.00 0.43 0.00 0.00 
 0.00 0.00 0.00 0.29 1.00 1.00 0.57 0.00 0.00 0.00 0.00 0.00 0.00 0.00 0.43 1.00 1.00 0.43 0.00 0.00 
 0.00 0.00 0.00 0.29 1.00 1.00 0.57 0.00 0.00 0.00 0.00 0.00 0.00 0.00 0.43 1.00 1.00 0.43 0.00 0.00 
 0.00 0.00 0.00 0.29 1.00 1.00 0.57 0.00 0.00 0.00 0.00 0.00 0.00 0.00 0.43 1.00 1.00 0.43 0.00 0.00 
 0.00 0.00 0.00 0.29 1.00 1.00 0.57 0.00 0.00 0.00 0.00 0.00 0.00 0.00 0.43 1.00 1.00 0.43 0.00 0.00 
 0.00 0.00 0.00 0.29 1.00 1.00 0.57 0.00 0.00 0.00 0.00 0.00 0.00 0.00 0.43 1.00 1.00 0.43 0.00 0.00 
 0.00 0.00 0.00 0.29 1.00 1.00 0.57 0.00 0.00 0.00 0.00 0.00 0.00 0.00 0.43 1.00 1.00 0.43 0.00 0.00 
 0.00 0.00 0.00 0.29 1.00 1.00 0.57 0.00 0.00 0.00 0.00 0.00 0.00 0.00 0.43 1.00 1.00 0.43 0.00 0.00 
 0.00 0.00 0.00 0.29 1.00 1.00 0.57 0.00 0.00 0.00 0.00 0.00 0.00 0.00 0.45 1.00 1.00 0.43 0.00 0.00 
 0.00 0.00 0.00 0.29 1.00 1.00 0.59 0.00 0.00 0.00 0.00 0.00 0.00 0.00 0.59 1.00 1.00 0.43 0.00 0.00 
 0.00 0.00 0.00 0.27 1.00 1.00 0.72 0.00 0.00 0.00 0.00 0.00 0.00 0.00 0.76 1.00 1.00 0.43 0.00 0.00 
 0.00 0.00 0.00 0.15 1.00 1.00 0.82 0.00 0.00 0.00 0.00 0.00 0.00 0.15 0.98 1.00 1.00 0.43 0.00 0.00 
 0.00 0.00 0.00 0.13 0.98 1.00 0.96 0.23 0.00 0.00 0.00 0.00 0.02 0.62 1.00 1.00 1.00 0.43 0.00 0.00 
 0.00 0.00 0.00 0.00 0.76 1.00 1.00 0.88 0.29 0.04 0.02 0.16 0.64 1.00 0.94 1.00 1.00 0.43 0.00 0.00 
 0.00 0.00 0.00 0.00 0.33 1.00 1.00 1.00 1.00 0.90 0.88 1.00 1.00 0.98 0.47 1.00 1.00 0.43 0.00 0.00 
 0.00 0.00 0.00 0.00 0.02 0.57 1.00 1.00 1.00 1.00 1.00 1.00 0.98 0.43 0.15 1.00 1.00 0.43 0.00 0.00 
 