0.10 0.56 0.67 0.78 0.90 0.35 0.00 0.00 0.00 0.00 0.00 0.00 0.40 0.62 0.73 0.85 0.75 0.00 0.00 0.00 
 0.11 0.58 0.73 1.00 1.00 0.35 0.00 0.00 0.00 0.00 0.00 0.00 0.44 0.63 0.92 1.00 0.78 0.00 0.00 0.00 
 0.00 0.00 0.00 0.68 1.00 0.35 0.00 0.00 0.00 0.00 0.00 0.00 0.00 0.00 0.25 1.00 0.78 0.00 0.00 0.00 
 0.00 0.00 0.00 0.53 1.00 0.35 0.00 0.00 0.00 0.00 0.00 0.00 0.00 0.00 0.09 1.00 0.78 0.00 0.00 0.00 
 0.00 0.00 0.00 0.52 1.00 0.35 0.00 0.00 0.00 0.00 0.00 0.00 0.00 0.00 0.09 1.00 0.78 0.00 0.00 0.00 
 0.00 0.00 0.00 0.52 1.00 0.35 0.00 0.00 0.00 0.00 0.00 0.00 0.00 0.00 0.09 1.00 0.78 0.00 0.00 0.00 
 0.00 0.00 0.00 0.52 1.00 0.35 0.00 0.00 0.00 0.00 0.00 0.00 0.00 0.00 0.09 1.00 0.78 0.00 0.00 0.00 
 0.00 0.00 0.00 0.52 1.00 0.35 0.00 0.00 0.00 0.00 0.00 0.00 0.00 0.00 0.09 1.00 0.78 0.00 0.00 0.00 
 0.00 0.00 0.00 0.52 1.00 0.35 0.00 0.00 0.00 0.00 0.00 0.00 0.00 0.00 0.09 1.00 0.78 0.00 0.00 0.00 
 0.00 0.00 0.00 0.52 1.00 0.35 0.00 0.00 0.00 0.00 0.00 0.00 0.00 0.00 0.09 1.00 0.78 0.00 0.00 0.00 
 0.00 0.00 0.00 0.52 1.00 0.35 0.00 0.00 0.00 0.00 0.00 0.00 0.00 0.00 0.09 1.00 0.78 0.00 0.00 0.00 
 0.00 0.00 0.00 0.52 1.00 0.35 0.00 0.00 0.00 0.00 0.00 0.00 0.00 0.00 0.09 1.00 0.78 0.00 0.00 0.00 
 0.00 0.00 0.00 0.52 1.00 0.35 0.00 0.00 0.00 0.00 0.00 0.00 0.00 0.00 0.09 1.00 0.78 0.00 0.00 0.00 
 0.00 0.00 0.00 0.52 1.00 0.35 0.00 0.00 0.00 0.00 0.00 0.00 0.00 0.00 0.13 1.00 0.78 0.00 0.00 0.00 
 0.00 0.00 0.00 0.52 1.00 0.35 0.00 0.00 0.00 0.00 0.00 0.00 0.00 0.00 0.27 1.00 0.78 0.00 0.00 0.00 
 0.00 0.00 0.00 0.47 1.00 0.36 0.00 0.00 0.00 0.00 0.00 0.00 0.00 0.00 0.51 1.00 0.78 0.00 0.00 0.00 
 0.00 0.00 0.00 0.31 1.00 0.44 0.00 0.00 0.00 0.00 0.00 0.00 0.00 0.03 0.57 1.00 0.78 0.00 0.00 0.00 
 0.00 0.00 0.00 0.05 0.95 0.65 0.00 0.00 0.00 0.00 0.00 0.00 0.00 0.47 0.18 1.00 0.82 0.00 0.00 0.00 
 0.00 0.00 0.00 0.00 0.40 0.98 0.23 0.00 0.00 0.00 0.00 0.00 0.38 0.31 0.05 1.00 0.99 0.30 0.04 0.01 
 0.00 0.00 0.00 0.00 0.00 0.33 0.81 0.60 0.37 0.31 0.40 0.54 0.23 0.00 0.05 1.00 1.00 1.00 1.00 0.47 
 