-1.00 -1.00 -1.00 -1.00 -0.99 -0.60 0.04 -0.98 -1.00 -1.00 -1.00 -1.00 -1.00 -1.00 -1.00 -1.00 -1.00 -0.97 -0.47 -0.10 
 -0.93 -0.65 -0.26 0.21 0.76 1.00 0.78 -1.00 -1.00 -1.00 -1.00 -1.00 -1.00 -0.89 -0.58 -0.18 0.30 0.84 1.00 0.41 
 0.80 1.00 1.00 1.00 1.00 1.00 0.44 -1.00 -1.00 -1.00 -1.00 -1.00 -0.83 1.00 1.00 1.00 1.00 1.00 1.00 0.08 
 -0.71 -0.70 -0.29 1.00 1.00 1.00 0.11 -1.00 -1.00 -1.00 -1.00 -1.00 -0.95 -0.71 -0.69 0.01 1.00 1.00 1.00 -0.25 
 -1.00 -1.00 -0.91 1.00 1.00 1.00 -0.22 -1.00 -1.00 -1.00 -1.00 -1.00 -1.00 -1.00 -1.00 -0.53 1.00 1.00 1.00 -0.58 
 -1.00 -1.00 -0.67 1.00 1.00 1.00 -0.56 -1.00 -1.00 -1.00 -1.00 -1.00 -1.00 -1.00 -1.00 -0.30 1.00 1.00 0.98 -0.91 
 -1.00 -1.00 -0.35 1.00 1.00 0.99 -0.89 -1.00 -1.00 -1.00 -1.00 -1.00 -1.00 -1.00 -1.00 0.02 1.00 1.00 0.74 -1.00 
 -1.00 -1.00 -0.01 1.00 1.00 0.77 -1.00 -1.00 -1.00 -1.00 -1.00 -1.00 -1.00 -1.00 -1.00 0.36 1.00 1.00 0.40 -1.00 
 -1.00 -1.00 0.33 1.00 1.00 0.44 -1.00 -1.00 -1.00 -1.00 -1.00 -1.00 -1.00 -1.00 -1.00 0.69 1.00 1.00 0.07 -1.00 
 -1.00 -1.00 0.65 1.00 1.00 0.11 -1.00 -1.00 -1.00 -1.00 -1.00 -1.00 -1.00 -1.00 -0.94 0.97 1.00 1.00 -0.26 -1.00 
 -1.00 -0.96 0.95 1.00 1.00 -0.23 -1.00 -1.00 -1.00 -1.00 -1.00 -1.00 -1.00 -1.00 -0.64 1.00 1.00 1.00 -0.59 -1.00 
 -1.00 -0.68 1.00 1.00 1.00 -0.56 -1.00 -1.00 -1.00 -1.00 -1.00 -1.00 -1.00 -1.00 -0.31 1.00 1.00 0.98 -0.91 -1.00 
 -1.00 -0.34 1.00 1.00 1.00 -0.89 -1.00 -1.00 -1.00 -1.00 -1.00 -1.00 -1.00 -1.00 0.04 1.00 1.00 0.73 -1.00 -1.00 
 -1.00 -0.02 1.00 1.00 0.86 -1.00 -1.00 -1.00 -1.00 -1.00 -1.00 -1.00 -1.00 -0.97 0.69 1.00 1.00 0.40 -1.00 -1.00 
 -1.00 0.25 1.00 1.00 0.82 -1.00 -1.00 -1.00 -1.00 -1.00 -1.00 -1.00 -1.00 0.02 1.00 1.00 1.00 0.07 -1.00 -1.00 
 -1.00 0.40 1.00 1.00 0.98 -0.83 -1.00 -1.00 -1.00 -1.00 -1.00 -0.99 -0.04 0.86 1.00 1.00 1.00 -0.26 -1.00 -1.00 
 -1.00 0.33 1.00 1.00 1.00 0.46 -0.79 -1.00 -1.00 -0.99 -0.55 0.47 0.57 -0.40 1.00 1.00 1.00 -0.53 -1.00 -1.00 
 -1.00 -0.15 1.00 1.00 1.00 1.00 0.98 0.68 0.59 0.84 1.00 0.23 -0.94 -0.20 1.00 1.00 1.00 -0.23 -0.95 -1.00 
 -1.00 -0.95 0.44 1.00 1.00 1.00 1.00 1.00 1.00 0.84 -0.23 -0.99 -1.00 0.25 1.00 1.00 1.00 1.00 1.00 0.83 
 -1.00 -1.00 -0.98 -0.44 0.09 0.31 0.33 0.12 -0.34 -0.92 -1.00 -1.00 -1.00 -0.54 -0.48 -0.56 -0.61 -0.57 -0.48 -0.47 
 