-1.00 -1.00 -0.95 -0.44 0.17 0.76 1.00 -0.29 -1.00 -1.00 -1.00 -1.00 -1.00 -1.00 -0.90 -0.36 0.25 0.84 1.00 -0.58 
 -0.95 0.35 0.90 1.00 1.00 1.00 1.00 -0.62 -1.00 -1.00 -1.00 -1.00 -0.80 0.44 0.95 1.00 1.00 1.00 0.99 -0.90 
 -0.79 0.48 0.48 0.68 1.00 1.00 0.98 -0.94 -1.00 -1.00 -1.00 -1.00 -0.58 0.48 0.48 0.76 1.00 1.00 0.76 -1.00 
 -1.00 -1.00 -1.00 -0.02 1.00 1.00 0.71 -1.00 -1.00 -1.00 -1.00 -1.00 -1.00 -1.00 -1.00 0.26 1.00 1.00 0.42 -1.00 
 -1.00 -1.00 -1.00 0.31 1.00 1.00 0.37 -1.00 -1.00 -1.00 -1.00 -1.00 -1.00 -1.00 -1.00 0.60 1.00 1.00 0.08 -1.00 
 -1.00 -1.00 -1.00 0.65 1.00 1.00 0.04 -1.00 -1.00 -1.00 -1.00 -1.00 -1.00 -1.00 -0.98 0.92 1.00 1.00 -0.25 -1.00 
 -1.00 -1.00 -0.96 0.95 1.00 1.00 -0.29 -1.00 -1.00 -1.00 -1.00 -1.00 -1.00 -1.00 -0.73 1.00 1.00 1.00 -0.58 -1.00 
 -1.00 -1.00 -0.69 1.00 1.00 1.00 -0.63 -1.00 -1.00 -1.00 -1.00 -1.00 -1.00 -1.00 -0.40 1.00 1.00 0.99 -0.91 -1.00 
 -1.00 -1.00 -0.35 1.00 1.00 0.98 -0.94 -1.00 -1.00 -1.00 -1.00 -1.00 -1.00 -1.00 -0.07 1.00 1.00 0.75 -1.00 -1.00 
 -1.00 -1.00 -0.02 1.00 1.00 0.70 -1.00 -1.00 -1.00 -1.00 -1.00 -1.00 -1.00 -1.00 0.27 1.00 1.00 0.41 -1.00 -1.00 
 -1.00 -1.00 0.32 1.00 1.00 0.36 -1.00 -1.00 -1.00 -1.00 -1.00 -1.00 -1.00 -1.00 0.61 1.00 1.00 0.08 -1.00 -1.00 
 -1.00 -1.00 0.65 1.00 1.00 0.03 -1.00 -1.00 -1.00 -1.00 -1.00 -1.00 -1.00 -0.98 0.92 1.00 1.00 -0.25 -1.00 -1.00 
 -1.00 -0.96 0.95 1.00 1.00 -0.30 -1.00 -1.00 -1.00 -1.00 -1.00 -1.00 -1.00 -0.73 1.00 1.00 1.00 -0.59 -1.00 -1.00 
 -1.00 -0.68 1.00 1.00 1.00 -0.62 -1.00 -1.00 -1.00 -1.00 -1.00 -1.00 -1.00 -0.40 1.00 1.00 0.98 -0.91 -1.00 -1.00 
 -1.00 -0.38 1.00 1.00 1.00 -0.79 -1.00 -1.00 -1.00 -1.00 -1.00 -1.00 -1.00 -0.06 1.00 1.00 0.74 -1.00 -1.00 -1.00 
 -1.00 -0.24 1.00 1.00 1.00 -0.59 -1.00 -1.00 -1.00 -1.00 -1.00 -1.00 -1.00 0.28 1.00 1.00 0.40 -1.00 -1.00 -1.00 
 -1.00 -0.33 1.00 1.00 1.00 0.33 -0.98 -1.00 -1.00 -1.00 -1.00 -0.91 -0.25 0.82 1.00 1.00 0.07 -1.00 -1.00 -1.00 
 -1.00 -0.76 0.99 1.00 1.00 1.00 0.65 0.09 -0.04 0.11 0.47 0.94 0.60 1.00 1.00 1.00 0.14 -1.00 -1.00 -1.00 
 -1.00 -1.00 0.22 1.00 1.00 1.00 1.00 1.00 1.00 1.00 0.76 -0.23 -0.70 1.00 1.00 1.00 1.00 0.80 0.26 -1.00 
 -1.00 -1.00 -0.95 0.01 0.81 1.00 1.00 0.91 0.41 -0.30 -0.95 -1.00 -0.61 0.40 0.40 0.40 0.40 0.40 -0.07 -1.00 
 