-1.00 0.15 0.77 1.00 1.00 1.00 1.00 0.08 -1.00 -1.00 -1.00 -1.00 0.42 0.83 1.00 1.00 1.00 1.00 0.98 -0.92 
 -1.00 -1.00 -0.95 0.57 1.00 1.00 1.00 -0.25 -1.00 -1.00 -1.00 -1.00 -1.00 -0.99 -0.22 1.00 1.00 1.00 0.73 -1.00 
 -1.00 -1.00 -1.00 0.14 1.00 1.00 1.00 -0.59 -1.00 -1.00 -1.00 -1.00 -1.00 -1.00 -0.85 1.00 1.00 1.00 0.40 -1.00 
 -1.00 -1.00 -1.00 0.33 1.00 1.00 0.98 -0.91 -1.00 -1.00 -1.00 -1.00 -1.00 -1.00 -0.65 1.00 1.00 1.00 0.07 -1.00 
 -1.00 -1.00 -1.00 0.66 1.00 1.00 0.74 -1.00 -1.00 -1.00 -1.00 -1.00 -1.00 -1.00 -0.32 1.00 1.00 1.00 -0.27 -1.00 
 -1.00 -1.00 -0.95 0.96 1.00 1.00 0.41 -1.00 -1.00 -1.00 -1.00 -1.00 -1.00 -1.00 0.01 1.00 1.00 1.00 -0.61 -1.00 
 -1.00 -1.00 -0.66 1.00 1.00 1.00 0.07 -1.00 -1.00 -1.00 -1.00 -1.00 -1.00 -1.00 0.35 1.00 1.00 0.98 -0.92 -1.00 
 -1.00 -1.00 -0.33 1.00 1.00 1.00 -0.26 -1.00 -1.00 -1.00 -1.00 -1.00 -1.00 -1.00 0.68 1.00 1.00 0.73 -1.00 -1.00 
 -1.00 -1.00 0.00 1.00 1.00 1.00 -0.60 -1.00 -1.00 -1.00 -1.00 -1.00 -1.00 -0.95 0.97 1.00 1.00 0.40 -1.00 -1.00 
 -1.00 -1.00 0.33 1.00 1.00 0.98 -0.91 -1.00 -1.00 -1.00 -1.00 -1.00 -1.00 -0.65 1.00 1.00 1.00 0.06 -1.00 -1.00 
 -1.00 -1.00 0.67 1.00 1.00 0.73 -1.00 -1.00 -1.00 -1.00 -1.00 -1.00 -1.00 -0.32 1.00 1.00 1.00 -0.28 -1.00 -1.00 
 -1.00 -0.95 0.96 1.00 1.00 0.40 -1.00 -1.00 -1.00 -1.00 -1.00 -1.00 -1.00 0.02 1.00 1.00 1.00 -0.62 -1.00 -1.00 
 -1.00 -0.66 1.00 1.00 1.00 0.07 -1.00 -1.00 -1.00 -1.00 -1.00 -1.00 -1.00 0.35 1.00 1.00 0.98 -0.93 -1.00 -1.00 
 -1.00 -0.33 1.00 1.00 1.00 -0.27 -1.00 -1.00 -1.00 -1.00 -1.00 -1.00 -1.00 0.69 1.00 1.00 0.72 -1.00 -1.00 -1.00 
 -1.00 0.00 1.00 1.00 1.00 -0.58 -1.00 -1.00 -1.00 -1.00 -1.00 -1.00 -0.88 0.98 1.00 1.00 0.39 -1.00 -1.00 -1.00 
 -1.00 0.21 1.00 1.00 1.00 -0.51 -1.00 -1.00 -1.00 -1.00 -1.00 -1.00 -0.03 1.00 1.00 1.00 0.07 -1.00 -1.00 -1.00 
 -1.00 0.13 1.00 1.00 1.00 0.29 -0.99 -1.00 -1.00 -1.00 -0.86 0.16 0.70 1.00 1.00 1.00 0.08 -1.00 -1.00 -1.00 
 -1.00 -0.31 1.00 1.00 1.00 1.00 0.37 -0.26 -0.20 0.25 0.90 0.29 -0.36 1.00 1.00 1.00 0.90 0.08 -0.25 -1.00 
 -1.00 -0.95 0.65 1.00 1.00 1.00 1.00 1.00 1.00 0.98 -0.02 -0.99 -0.08 1.00 1.00 1.00 0.66 0.10 -0.51 -1.00 
 -1.00 -1.00 -0.80 0.38 0.98 1.00 1.00 0.94 0.33 -0.62 -1.00 -1.00 0.25 0.60 -0.09 -0.73 -1.00 -1.00 -1.00 -1.00 
 