-1.00 -1.00 -1.00 -0.86 0.99 1.00 0.98 -0.88 -1.00 -1.00 -1.00 -1.00 -1.00 -1.00 -1.00 -1.00 0.57 1.00 1.00 -0.34 
 -1.00 -1.00 -1.00 -0.44 1.00 1.00 0.67 -1.00 -1.00 -1.00 -1.00 -1.00 -1.00 -1.00 -1.00 -0.95 0.95 1.00 1.00 -0.76 
 -1.00 -1.00 -1.00 -0.02 1.00 1.00 0.25 -1.00 -1.00 -1.00 -1.00 -1.00 -1.00 -1.00 -1.00 -0.58 1.00 1.00 0.81 -0.99 
 -1.00 -1.00 -1.00 0.40 1.00 1.00 -0.18 -1.00 -1.00 -1.00 -1.00 -1.00 -1.00 -1.00 -1.00 -0.16 1.00 1.00 0.39 -1.00 
 -1.00 -1.00 -0.99 0.83 1.00 1.00 -0.61 -1.00 -1.00 -1.00 -1.00 -1.00 -1.00 -1.00 -1.00 0.26 1.00 1.00 -0.04 -1.00 
 -1.00 -1.00 -0.74 1.00 1.00 0.93 -0.96 -1.00 -1.00 -1.00 -1.00 -1.00 -1.00 -1.00 -1.00 0.69 1.00 1.00 -0.46 -1.00 
 -1.00 -1.00 -0.32 1.00 1.00 0.55 -1.00 -1.00 -1.00 -1.00 -1.00 -1.00 -1.00 -1.00 -0.87 0.99 1.00 0.99 -0.87 -1.00 
 -1.00 -1.00 0.11 1.00 1.00 0.12 -1.00 -1.00 -1.00 -1.00 -1.00 -1.00 -1.00 -1.00 -0.47 1.00 1.00 0.69 -1.00 -1.00 
 -1.00 -1.00 0.54 1.00 1.00 -0.31 -1.00 -1.00 -1.00 -1.00 -1.00 -1.00 -1.00 -1.00 -0.04 1.00 1.00 0.27 -1.00 -1.00 
 -1.00 -0.96 0.93 1.00 1.00 -0.73 -1.00 -1.00 -1.00 -1.00 -1.00 -1.00 -1.00 -1.00 0.39 1.00 1.00 -0.15 -1.00 -1.00 
 -1.00 -0.62 1.00 1.00 0.84 -0.99 -1.00 -1.00 -1.00 -1.00 -1.00 -1.00 -1.00 -0.99 0.81 1.00 1.00 -0.58 -1.00 -1.00 
 -1.00 -0.19 1.00 1.00 0.41 -1.00 -1.00 -1.00 -1.00 -1.00 -1.00 -1.00 -1.00 -0.73 1.00 1.00 0.95 -0.95 -1.00 -1.00 
 -1.00 0.24 1.00 1.00 -0.01 -1.00 -1.00 -1.00 -1.00 -1.00 -1.00 -1.00 -1.00 -0.11 1.00 1.00 0.58 -1.00 -1.00 -1.00 
 -1.00 0.66 1.00 1.00 -0.44 -1.00 -1.00 -1.00 -1.00 -1.00 -1.00 -1.00 -0.97 0.71 1.00 1.00 0.15 -1.00 -1.00 -1.00 
 -0.89 0.98 1.00 1.00 -0.71 -1.00 -1.00 -1.00 -1.00 -1.00 -1.00 -1.00 -0.11 1.00 1.00 1.00 -0.27 -1.00 -1.00 -1.00 
 -0.58 1.00 1.00 1.00 -0.51 -1.00 -1.00 -1.00 -1.00 -1.00 -1.00 -0.49 0.95 1.00 1.00 1.00 -0.69 -1.00 -1.00 -1.00 
 -0.55 1.00 1.00 1.00 0.51 -0.91 -1.00 -1.00 -1.00 -0.98 -0.18 0.94 1.00 1.00 1.00 0.87 -0.98 -1.00 -1.00 -1.00 
 -0.88 0.94 1.00 1.00 1.00 0.77 0.13 -0.04 0.17 0.76 1.00 1.00 0.52 1.00 1.00 0.46 -1.00 -1.00 -1.00 -1.00 
 -1.00 -0.04 1.00 1.00 1.00 1.00 1.00 1.00 1.00 1.00 0.95 -0.04 -0.38 1.00 1.00 0.04 -1.00 -1.00 -1.00 -1.00 
 -1.00 -0.99 -0.23 0.70 1.00 1.00 1.00 1.00 0.79 0.15 -0.73 -1.00 -0.69 -0.30 -0.30 -0.73 -1.00 -1.00 -1.00 -1.00 
 