0.35 0.89 0.95 0.95 0.95 0.95 0.85 0.13 0.00 0.00 0.00 0.00 0.32 0.89 0.95 0.95 0.95 0.95 0.86 0.15 
 0.81 1.00 1.00 1.00 1.00 1.00 1.00 0.25 0.00 0.00 0.00 0.00 0.78 1.00 1.00 1.00 1.00 1.00 1.00 0.28 
 0.51 0.85 0.86 0.88 1.00 1.00 0.96 0.11 0.00 0.00 0.00 0.00 0.48 0.85 0.86 0.88 1.00 1.00 0.98 0.14 
 0.00 0.00 0.00 0.25 1.00 1.00 0.87 0.01 0.00 0.00 0.00 0.00 0.00 0.00 0.00 0.22 1.00 1.00 0.89 0.02 
 0.00 0.00 0.00 0.42 1.00 1.00 0.77 0.00 0.00 0.00 0.00 0.00 0.00 0.00 0.00 0.38 1.00 1.00 0.80 0.00 
 0.00 0.00 0.00 0.58 1.00 1.00 0.60 0.00 0.00 0.00 0.00 0.00 0.00 0.00 0.00 0.55 1.00 1.00 0.63 0.00 
 0.00 0.00 0.00 0.75 1.00 1.00 0.44 0.00 0.00 0.00 0.00 0.00 0.00 0.00 0.00 0.73 1.00 1.00 0.47 0.00 
 0.00 0.00 0.05 0.91 1.00 1.00 0.27 0.00 0.00 0.00 0.00 0.00 0.00 0.00 0.04 0.89 1.00 1.00 0.30 0.00 
 0.00 0.00 0.14 1.00 1.00 0.96 0.11 0.00 0.00 0.00 0.00 0.00 0.00 0.00 0.13 1.00 1.00 0.98 0.13 0.00 
 0.00 0.00 0.25 1.00 1.00 0.87 0.01 0.00 0.00 0.00 0.00 0.00 0.00 0.00 0.23 1.00 1.00 0.89 0.01 0.00 
 0.00 0.00 0.42 1.00 1.00 0.77 0.00 0.00 0.00 0.00 0.00 0.00 0.00 0.00 0.40 1.00 1.00 0.80 0.00 0.00 
 0.00 0.00 0.59 1.00 1.00 0.60 0.00 0.00 0.00 0.00 0.00 0.00 0.00 0.00 0.57 1.00 1.00 0.63 0.00 0.00 
 0.00 0.00 0.76 1.00 1.00 0.44 0.00 0.00 0.00 0.00 0.00 0.00 0.00 0.00 0.74 1.00 1.00 0.46 0.00 0.00 
 0.00 0.05 0.92 1.00 1.00 0.27 0.00 0.00 0.00 0.00 0.00 0.00 0.00 0.07 0.94 1.00 1.00 0.30 0.00 0.00 
 0.00 0.14 1.00 1.00 0.97 0.11 0.00 0.00 0.00 0.00 0.00 0.00 0.00 0.38 1.00 1.00 0.98 0.13 0.00 0.00 
 0.00 0.21 1.00 1.00 0.91 0.03 0.00 0.00 0.00 0.00 0.00 0.00 0.19 0.93 1.00 1.00 0.89 0.01 0.00 0.00 
 0.00 0.20 1.00 1.00 0.99 0.36 0.01 0.00 0.00 0.00 0.09 0.41 0.93 1.00 1.00 1.00 0.80 0.02 0.02 0.01 
 0.00 0.09 0.94 1.00 1.00 0.99 0.80 0.64 0.63 0.73 0.95 1.00 1.00 1.00 1.00 1.00 0.97 0.89 0.89 0.82 
 0.00 0.00 0.44 0.99 1.00 1.00 1.00 1.00 1.00 1.00 1.00 1.00 0.86 0.89 1.00 1.00 1.00 1.00 1.00 1.00 
 0.00 0.00 0.01 0.34 0.80 0.99 1.00 1.00 1.00 0.98 0.78 0.43 0.05 0.49 0.93 0.94 0.94 0.94 0.93 0.73 
 