-1.00 -1.00 -1.00 -0.66 0.76 0.97 -0.21 -1.00 -1.00 -1.00 -1.00 -1.00 -1.00 -1.00 -1.00 -1.00 -0.80 0.67 0.98 -0.00 
 -1.00 -1.00 -1.00 0.15 1.00 1.00 -0.08 -1.00 -1.00 -1.00 -1.00 -1.00 -1.00 -1.00 -1.00 -1.00 -0.07 1.00 1.00 0.14 
 -1.00 -1.00 -1.00 0.59 1.00 1.00 -0.50 -1.00 -1.00 -1.00 -1.00 -1.00 -1.00 -1.00 -1.00 -1.00 0.38 1.00 1.00 -0.29 
 -1.00 -1.00 -0.94 0.95 1.00 0.98 -0.90 -1.00 -1.00 -1.00 -1.00 -1.00 -1.00 -1.00 -1.00 -0.99 0.80 1.00 1.00 -0.71 
 -1.00 -1.00 -0.57 1.00 1.00 0.65 -1.00 -1.00 -1.00 -1.00 -1.00 -1.00 -1.00 -1.00 -1.00 -0.78 1.00 1.00 0.86 -0.99 
 -1.00 -1.00 -0.15 1.00 1.00 0.23 -1.00 -1.00 -1.00 -1.00 -1.00 -1.00 -1.00 -1.00 -1.00 -0.36 1.00 1.00 0.44 -1.00 
 -1.00 -1.00 0.27 1.00 1.00 -0.19 -1.00 -1.00 -1.00 -1.00 -1.00 -1.00 -1.00 -1.00 -1.00 0.07 1.00 1.00 0.02 -1.00 
 -1.00 -1.00 0.69 1.00 1.00 -0.62 -1.00 -1.00 -1.00 -1.00 -1.00 -1.00 -1.00 -1.00 -1.00 0.49 1.00 1.00 -0.41 -1.00 
 -1.00 -0.87 0.99 1.00 0.93 -0.96 -1.00 -1.00 -1.00 -1.00 -1.00 -1.00 -1.00 -1.00 -0.98 0.90 1.00 1.00 -0.83 -1.00 
 -1.00 -0.47 1.00 1.00 0.55 -1.00 -1.00 -1.00 -1.00 -1.00 -1.00 -1.00 -1.00 -1.00 -0.66 1.00 1.00 0.74 -1.00 -1.00 
 -1.00 -0.04 1.00 1.00 0.12 -1.00 -1.00 -1.00 -1.00 -1.00 -1.00 -1.00 -1.00 -1.00 -0.25 1.00 1.00 0.32 -1.00 -1.00 
 -1.00 0.37 1.00 1.00 -0.30 -1.00 -1.00 -1.00 -1.00 -1.00 -1.00 -1.00 -1.00 -1.00 0.18 1.00 1.00 -0.11 -1.00 -1.00 
 -0.99 0.80 1.00 1.00 -0.73 -1.00 -1.00 -1.00 -1.00 -1.00 -1.00 -1.00 -1.00 -1.00 0.61 1.00 1.00 -0.53 -1.00 -1.00 
 -0.79 1.00 1.00 0.84 -0.99 -1.00 -1.00 -1.00 -1.00 -1.00 -1.00 -1.00 -1.00 -0.76 0.99 1.00 0.97 -0.92 -1.00 -1.00 
 -0.37 1.00 1.00 0.44 -1.00 -1.00 -1.00 -1.00 -1.00 -1.00 -1.00 -1.00 -1.00 0.21 1.00 1.00 0.62 -1.00 -1.00 -1.00 
 -0.04 1.00 1.00 0.14 -1.00 -1.00 -1.00 -1.00 -1.00 -1.00 -1.00 -1.00 -0.30 0.99 1.00 1.00 0.19 -1.00 -1.00 -1.00 
 0.03 1.00 1.00 0.31 -1.00 -1.00 -1.00 -1.00 -1.00 -1.00 -0.95 -0.04 0.96 0.75 1.00 1.00 -0.23 -1.00 -1.00 -1.00 
 -0.26 1.00 1.00 0.98 0.10 -0.49 -0.67 -0.67 -0.45 0.03 0.76 0.95 -0.29 0.59 1.00 1.00 -0.65 -1.00 -1.00 -1.00 
 -0.91 0.73 1.00 1.00 1.00 1.00 1.00 1.00 1.00 1.00 0.59 -0.62 -0.98 0.95 1.00 0.87 -0.98 -1.00 -1.00 -1.00 
 -1.00 -0.79 0.26 0.89 1.00 1.00 1.00 0.86 0.34 -0.40 -0.98 -1.00 -0.99 0.19 0.47 -0.36 -1.00 -1.00 -1.00 -1.00 
 