0.00 0.13 0.90 1.00 1.00 1.00 1.00 0.99 0.41 0.00 0.00 0.27 0.95 1.00 1.00 1.00 1.00 0.97 0.24 0.00 
 0.00 0.21 0.95 0.98 1.00 1.00 0.98 0.93 0.27 0.00 0.00 0.37 0.97 0.99 1.00 1.00 0.98 0.89 0.13 0.00 
 0.00 0.00 0.00 0.26 1.00 0.96 0.01 0.00 0.00 0.00 0.00 0.00 0.00 0.45 1.00 0.78 0.00 0.00 0.00 0.00 
 0.00 0.00 0.00 0.43 1.00 0.81 0.00 0.00 0.00 0.00 0.00 0.00 0.00 0.62 1.00 0.62 0.00 0.00 0.00 0.00 
 0.00 0.00 0.00 0.60 1.00 0.64 0.00 0.00 0.00 0.00 0.00 0.00 0.00 0.78 1.00 0.45 0.00 0.00 0.00 0.00 
 0.00 0.00 0.00 0.76 1.00 0.47 0.00 0.00 0.00 0.00 0.00 0.00 0.01 0.95 1.00 0.28 0.00 0.00 0.00 0.00 
 0.00 0.00 0.00 0.93 1.00 0.31 0.00 0.00 0.00 0.00 0.00 0.00 0.12 1.00 1.00 0.11 0.00 0.00 0.00 0.00 
 0.00 0.00 0.10 1.00 1.00 0.14 0.00 0.00 0.00 0.00 0.00 0.00 0.29 1.00 0.94 0.00 0.00 0.00 0.00 0.00 
 0.00 0.00 0.26 1.00 0.96 0.01 0.00 0.00 0.00 0.00 0.00 0.00 0.45 1.00 0.78 0.00 0.00 0.00 0.00 0.00 
 0.00 0.00 0.43 1.00 0.80 0.00 0.00 0.00 0.00 0.00 0.00 0.00 0.62 1.00 0.61 0.00 0.00 0.00 0.00 0.00 
 0.00 0.00 0.60 1.00 0.64 0.00 0.00 0.00 0.00 0.00 0.00 0.00 0.79 1.00 0.44 0.00 0.00 0.00 0.00 0.00 
 0.00 0.00 0.77 1.00 0.47 0.00 0.00 0.00 0.00 0.00 0.00 0.01 0.95 1.00 0.27 0.00 0.00 0.00 0.00 0.00 
 0.00 0.00 0.93 1.00 0.31 0.00 0.00 0.00 0.00 0.00 0.00 0.12 1.00 1.00 0.11 0.00 0.00 0.00 0.00 0.00 
 0.00 0.09 1.00 1.00 0.16 0.00 0.00 0.00 0.00 0.00 0.00 0.31 1.00 0.93 0.00 0.00 0.00 0.00 0.00 0.00 
 0.00 0.14 1.00 1.00 0.13 0.00 0.00 0.00 0.00 0.00 0.00 0.62 1.00 0.65 0.00 0.00 0.00 0.00 0.00 0.00 
 0.00 0.06 1.00 1.00 0.27 0.00 0.00 0.00 0.00 0.00 0.14 0.97 1.00 0.24 0.00 0.00 0.00 0.00 0.00 0.00 
 0.00 0.00 0.82 1.00 0.67 0.00 0.00 0.00 0.00 0.05 0.80 1.00 0.68 0.00 0.00 0.00 0.00 0.00 0.00 0.00 
 0.00 0.00 0.40 1.00 1.00 0.54 0.05 0.01 0.27 0.84 1.00 0.84 0.07 0.00 0.00 0.00 0.00 0.00 0.00 0.00 
 0.00 0.00 0.01 0.67 1.00 1.00 0.99 0.97 1.00 1.00 0.76 0.09 0.00 0.00 0.00 0.00 0.00 0.00 0.00 0.00 
 0.00 0.00 0.00 0.01 0.44 0.85 1.00 0.98 0.77 0.37 0.01 0.00 0.00 0.00 0.00 0.00 0.00 0.00 0.00 0.00 
 