-1.00 -1.00 -1.00 -1.00 -1.00 -1.00 -1.00 -1.00 -1.00 -1.00 -1.00 -1.00 -1.00 -1.00 -1.00 -1.00 -1.00 -1.00 -1.00 -1.00 
 -0.87 -0.73 -0.55 -0.30 0.04 0.42 0.22 -1.00 -1.00 -1.00 -1.00 -1.00 -0.99 -0.83 -0.67 -0.48 -0.23 0.11 0.47 -0.10 
 0.83 1.00 1.00 1.00 1.00 1.00 0.32 -1.00 -1.00 -1.00 -1.00 -1.00 -0.76 1.00 1.00 1.00 1.00 1.00 1.00 -0.11 
 -0.85 -0.58 0.47 1.00 1.00 1.00 -0.02 -1.00 -1.00 -1.00 -1.00 -1.00 -0.98 -0.81 -0.47 0.72 1.00 1.00 1.00 -0.44 
 -1.00 -1.00 -0.53 1.00 1.00 1.00 -0.36 -1.00 -1.00 -1.00 -1.00 -1.00 -1.00 -1.00 -1.00 -0.11 1.00 1.00 1.00 -0.77 
 -1.00 -1.00 -0.51 1.00 1.00 1.00 -0.69 -1.00 -1.00 -1.00 -1.00 -1.00 -1.00 -1.00 -1.00 -0.09 1.00 1.00 0.88 -0.99 
 -1.00 -1.00 -0.22 1.00 1.00 0.95 -0.97 -1.00 -1.00 -1.00 -1.00 -1.00 -1.00 -1.00 -1.00 0.20 1.00 1.00 0.56 -1.00 
 -1.00 -1.00 0.12 1.00 1.00 0.65 -1.00 -1.00 -1.00 -1.00 -1.00 -1.00 -1.00 -1.00 -1.00 0.54 1.00 1.00 0.22 -1.00 
 -1.00 -1.00 0.45 1.00 1.00 0.31 -1.00 -1.00 -1.00 -1.00 -1.00 -1.00 -1.00 -1.00 -0.99 0.87 1.00 1.00 -0.11 -1.00 
 -1.00 -1.00 0.79 1.00 1.00 -0.03 -1.00 -1.00 -1.00 -1.00 -1.00 -1.00 -1.00 -1.00 -0.80 1.00 1.00 1.00 -0.44 -1.00 
 -1.00 -0.87 1.00 1.00 1.00 -0.36 -1.00 -1.00 -1.00 -1.00 -1.00 -1.00 -1.00 -1.00 -0.46 1.00 1.00 1.00 -0.78 -1.00 
 -1.00 -0.55 1.00 1.00 1.00 -0.69 -1.00 -1.00 -1.00 -1.00 -1.00 -1.00 -1.00 -1.00 -0.12 1.00 1.00 0.88 -0.99 -1.00 
 -1.00 -0.21 1.00 1.00 0.95 -0.97 -1.00 -1.00 -1.00 -1.00 -1.00 -1.00 -1.00 -1.00 0.21 1.00 1.00 0.55 -1.00 -1.00 
 -1.00 0.12 1.00 1.00 0.65 -1.00 -1.00 -1.00 -1.00 -1.00 -1.00 -1.00 -1.00 -1.00 0.55 1.00 1.00 0.22 -1.00 -1.00 
 -1.00 0.36 1.00 1.00 0.52 -1.00 -1.00 -1.00 -1.00 -1.00 -1.00 -1.00 -0.93 0.13 1.00 1.00 1.00 -0.11 -1.00 -1.00 
 -1.00 0.32 1.00 1.00 0.77 -0.98 -1.00 -1.00 -1.00 -1.00 -1.00 -0.47 0.69 0.69 1.00 1.00 1.00 -0.24 -1.00 -1.00 
 -1.00 -0.21 1.00 1.00 1.00 0.06 -0.91 -1.00 -0.88 -0.33 0.49 0.91 -0.10 -0.44 1.00 1.00 1.00 0.31 -0.99 -1.00 
 -1.00 -0.97 0.44 1.00 1.00 1.00 0.98 0.87 0.99 0.96 0.24 -0.77 -1.00 -0.12 1.00 1.00 1.00 1.00 0.68 0.29 
 -1.00 -1.00 -0.97 -0.25 0.34 0.55 0.53 0.29 -0.16 -0.81 -1.00 -1.00 -1.00 -0.48 -0.07 -0.07 -0.07 -0.07 -0.07 -0.17 
 -1.00 -1.00 -1.00 -1.00 -1.00 -1.00 -1.00 -1.00 -1.00 -1.00 -1.00 -1.00 -1.00 -1.00 -1.00 -1.00 -1.00 -1.00 -1.00 -1.00 
 