-1.00 -1.00 0.11 1.00 1.00 -0.77 -1.00 -1.00 -1.00 -1.00 -1.00 -1.00 -1.00 -1.00 -1.00 -1.00 -1.00 0.73 1.00 0.62 
 -1.00 -1.00 0.49 1.00 0.86 -0.99 -1.00 -1.00 -1.00 -1.00 -1.00 -1.00 -1.00 -1.00 -1.00 -1.00 -0.87 0.99 1.00 0.24 
 -1.00 -0.99 0.86 1.00 0.48 -1.00 -1.00 -1.00 -1.00 -1.00 -1.00 -1.00 -1.00 -1.00 -1.00 -1.00 -0.51 1.00 1.00 -0.13 
 -1.00 -0.76 1.00 1.00 0.11 -1.00 -1.00 -1.00 -1.00 -1.00 -1.00 -1.00 -1.00 -1.00 -1.00 -1.00 -0.13 1.00 1.00 -0.51 
 -1.00 -0.40 1.00 1.00 -0.26 -1.00 -1.00 -1.00 -1.00 -1.00 -1.00 -1.00 -1.00 -1.00 -1.00 -1.00 0.25 1.00 0.99 -0.87 
 -1.00 -0.02 1.00 1.00 -0.63 -1.00 -1.00 -1.00 -1.00 -1.00 -1.00 -1.00 -1.00 -1.00 -1.00 -1.00 0.62 1.00 0.75 -1.00 
 -1.00 0.35 1.00 0.95 -0.95 -1.00 -1.00 -1.00 -1.00 -1.00 -1.00 -1.00 -1.00 -1.00 -1.00 -0.95 0.95 1.00 0.38 -1.00 
 -1.00 0.73 1.00 0.62 -1.00 -1.00 -1.00 -1.00 -1.00 -1.00 -1.00 -1.00 -1.00 -1.00 -1.00 -0.62 1.00 1.00 0.00 -1.00 
 -0.89 0.99 1.00 0.25 -1.00 -1.00 -1.00 -1.00 -1.00 -1.00 -1.00 -1.00 -1.00 -1.00 -1.00 -0.25 1.00 1.00 -0.36 -1.00 
 -0.53 1.00 1.00 -0.12 -1.00 -1.00 -1.00 -1.00 -1.00 -1.00 -1.00 -1.00 -1.00 -1.00 -1.00 0.13 1.00 1.00 -0.74 -1.00 
 -0.16 1.00 1.00 -0.49 -1.00 -1.00 -1.00 -1.00 -1.00 -1.00 -1.00 -1.00 -1.00 -1.00 -1.00 0.52 1.00 0.88 -0.99 -1.00 
 0.15 1.00 1.00 -0.75 -1.00 -1.00 -1.00 -1.00 -1.00 -1.00 -1.00 -1.00 -1.00 -1.00 -0.95 0.92 1.00 0.51 -1.00 -1.00 
 0.36 1.00 1.00 -0.91 -1.00 -1.00 -1.00 -1.00 -1.00 -1.00 -1.00 -1.00 -1.00 -1.00 -0.44 1.00 1.00 0.15 -1.00 -1.00 
 0.49 1.00 1.00 -0.91 -1.00 -1.00 -1.00 -1.00 -1.00 -1.00 -1.00 -1.00 -1.00 -1.00 0.35 1.00 1.00 -0.23 -1.00 -1.00 
 0.49 1.00 1.00 -0.58 -1.00 -1.00 -1.00 -1.00 -1.00 -1.00 -1.00 -1.00 -1.00 -0.48 0.99 1.00 1.00 -0.60 -1.00 -1.00 
 0.22 1.00 1.00 0.09 -1.00 -1.00 -1.00 -1.00 -1.00 -1.00 -1.00 -1.00 -0.65 0.84 1.00 1.00 0.97 -0.94 -1.00 -1.00 
 -0.40 1.00 1.00 0.95 -0.36 -1.00 -1.00 -1.00 -1.00 -1.00 -0.98 -0.24 0.89 0.98 0.95 1.00 0.65 -1.00 -1.00 -1.00 
 -0.98 0.51 1.00 1.00 1.00 0.52 -0.07 -0.33 -0.28 0.07 0.72 1.00 1.00 -0.10 0.98 1.00 0.28 -1.00 -1.00 -1.00 
 -1.00 -0.84 0.56 1.00 1.00 1.00 1.00 1.00 1.00 1.00 1.00 0.92 -0.25 -0.56 1.00 1.00 -0.10 -1.00 -1.00 -1.00 
 -1.00 -1.00 -0.97 -0.22 0.55 0.97 1.00 1.00 1.00 0.76 0.15 -0.75 -1.00 -0.51 0.33 0.33 -0.61 -1.00 -1.00 -1.00 
 