-0.11 0.83 0.91 0.91 0.91 0.91 0.63 -0.91 -1.00 -1.00 -1.00 -1.00 -0.16 0.82 0.91 0.91 0.91 0.91 0.65 -0.87 
 0.91 1.00 1.00 1.00 1.00 1.00 1.00 -0.78 -1.00 -1.00 -1.00 -1.00 0.84 1.00 1.00 1.00 1.00 1.00 1.00 -0.72 
 0.24 0.73 0.73 0.81 1.00 1.00 0.91 -0.98 -1.00 -1.00 -1.00 -1.00 0.18 0.73 0.73 0.80 1.00 1.00 0.95 -0.96 
 -1.00 -1.00 -1.00 -0.23 1.00 1.00 0.60 -1.00 -1.00 -1.00 -1.00 -1.00 -1.00 -1.00 -1.00 -0.29 1.00 1.00 0.66 -1.00 
 -1.00 -1.00 -1.00 0.11 1.00 1.00 0.26 -1.00 -1.00 -1.00 -1.00 -1.00 -1.00 -1.00 -1.00 0.05 1.00 1.00 0.33 -1.00 
 -1.00 -1.00 -1.00 0.44 1.00 1.00 -0.07 -1.00 -1.00 -1.00 -1.00 -1.00 -1.00 -1.00 -1.00 0.39 1.00 1.00 -0.01 -1.00 
 -1.00 -1.00 -1.00 0.78 1.00 1.00 -0.40 -1.00 -1.00 -1.00 -1.00 -1.00 -1.00 -1.00 -1.00 0.73 1.00 1.00 -0.35 -1.00 
 -1.00 -1.00 -0.87 1.00 1.00 1.00 -0.73 -1.00 -1.00 -1.00 -1.00 -1.00 -1.00 -1.00 -0.91 0.98 1.00 1.00 -0.68 -1.00 
 -1.00 -1.00 -0.55 1.00 1.00 0.91 -0.98 -1.00 -1.00 -1.00 -1.00 -1.00 -1.00 -1.00 -0.60 1.00 1.00 0.95 -0.96 -1.00 
 -1.00 -1.00 -0.22 1.00 1.00 0.60 -1.00 -1.00 -1.00 -1.00 -1.00 -1.00 -1.00 -1.00 -0.26 1.00 1.00 0.65 -1.00 -1.00 
 -1.00 -1.00 0.12 1.00 1.00 0.26 -1.00 -1.00 -1.00 -1.00 -1.00 -1.00 -1.00 -1.00 0.07 1.00 1.00 0.32 -1.00 -1.00 
 -1.00 -1.00 0.46 1.00 1.00 -0.07 -1.00 -1.00 -1.00 -1.00 -1.00 -1.00 -1.00 -1.00 0.41 1.00 1.00 -0.01 -1.00 -1.00 
 -1.00 -1.00 0.80 1.00 1.00 -0.40 -1.00 -1.00 -1.00 -1.00 -1.00 -1.00 -1.00 -1.00 0.76 1.00 1.00 -0.35 -1.00 -1.00 
 -1.00 -0.87 1.00 1.00 1.00 -0.73 -1.00 -1.00 -1.00 -1.00 -1.00 -1.00 -1.00 -0.79 1.00 1.00 1.00 -0.69 -1.00 -1.00 
 -1.00 -0.54 1.00 1.00 0.92 -0.98 -1.00 -1.00 -1.00 -1.00 -1.00 -1.00 -1.00 0.03 1.00 1.00 0.95 -0.97 -1.00 -1.00 
 -1.00 -0.29 1.00 1.00 0.76 -1.00 -1.00 -1.00 -1.00 -1.00 -1.00 -1.00 -0.51 0.95 1.00 1.00 0.65 -1.00 -1.00 -1.00 
 -1.00 -0.32 1.00 1.00 0.98 -0.58 -1.00 -1.00 -1.00 -1.00 -0.88 -0.04 0.95 1.00 1.00 1.00 0.32 -1.00 -1.00 -1.00 
 -1.00 -0.73 0.99 1.00 1.00 0.98 0.52 0.27 0.26 0.51 0.94 1.00 1.00 1.00 1.00 1.00 0.90 0.77 0.77 0.56 
 -1.00 -1.00 0.15 1.00 1.00 1.00 1.00 1.00 1.00 1.00 1.00 1.00 0.69 0.90 1.00 1.00 1.00 1.00 1.00 1.00 
 -1.00 -1.00 -0.98 -0.17 0.69 1.00 1.00 1.00 1.00 0.96 0.50 -0.25 -0.96 0.22 0.86 0.87 0.87 0.87 0.85 0.30 
 