-0.98 -0.88 -0.76 -0.63 -0.51 -0.38 -0.25 -0.80 -1.00 -1.00 -1.00 -1.00 -0.96 -0.86 -0.74 -0.62 -0.51 -0.40 -0.28 -0.61 
 0.58 1.00 1.00 1.00 1.00 1.00 1.00 -0.73 -1.00 -1.00 -1.00 -0.86 1.00 1.00 1.00 1.00 1.00 1.00 1.00 -0.25 
 0.37 0.47 0.73 1.00 1.00 1.00 0.91 -0.98 -1.00 -1.00 -1.00 -0.69 0.46 0.46 0.60 1.00 1.00 1.00 1.00 -0.59 
 -1.00 -1.00 -0.89 1.00 1.00 1.00 0.59 -1.00 -1.00 -1.00 -1.00 -1.00 -1.00 -1.00 -1.00 0.63 1.00 1.00 0.98 -0.91 
 -1.00 -1.00 -0.80 1.00 1.00 1.00 0.26 -1.00 -1.00 -1.00 -1.00 -1.00 -1.00 -1.00 -1.00 0.73 1.00 1.00 0.74 -1.00 
 -1.00 -1.00 -0.47 1.00 1.00 1.00 -0.07 -1.00 -1.00 -1.00 -1.00 -1.00 -1.00 -1.00 -0.92 0.98 1.00 1.00 0.40 -1.00 
 -1.00 -1.00 -0.14 1.00 1.00 1.00 -0.41 -1.00 -1.00 -1.00 -1.00 -1.00 -1.00 -1.00 -0.62 1.00 1.00 1.00 0.07 -1.00 
 -1.00 -1.00 0.20 1.00 1.00 1.00 -0.74 -1.00 -1.00 -1.00 -1.00 -1.00 -1.00 -1.00 -0.28 1.00 1.00 1.00 -0.26 -1.00 
 -1.00 -1.00 0.53 1.00 1.00 0.91 -0.98 -1.00 -1.00 -1.00 -1.00 -1.00 -1.00 -1.00 0.05 1.00 1.00 1.00 -0.60 -1.00 
 -1.00 -0.99 0.87 1.00 1.00 0.59 -1.00 -1.00 -1.00 -1.00 -1.00 -1.00 -1.00 -1.00 0.39 1.00 1.00 0.98 -0.92 -1.00 
 -1.00 -0.80 1.00 1.00 1.00 0.25 -1.00 -1.00 -1.00 -1.00 -1.00 -1.00 -1.00 -1.00 0.76 1.00 1.00 0.73 -1.00 -1.00 
 -1.00 -0.47 1.00 1.00 1.00 -0.08 -1.00 -1.00 -1.00 -1.00 -1.00 -1.00 -1.00 -0.77 1.00 1.00 1.00 0.40 -1.00 -1.00 
 -1.00 -0.13 1.00 1.00 1.00 -0.41 -1.00 -1.00 -1.00 -1.00 -1.00 -1.00 -1.00 -0.16 1.00 1.00 1.00 0.07 -1.00 -1.00 
 -1.00 0.20 1.00 1.00 1.00 -0.73 -1.00 -1.00 -1.00 -1.00 -1.00 -1.00 -0.98 0.67 1.00 1.00 1.00 -0.27 -1.00 -1.00 
 -1.00 0.47 1.00 1.00 0.99 -0.96 -1.00 -1.00 -1.00 -1.00 -1.00 -1.00 -0.18 1.00 1.00 1.00 1.00 -0.60 -1.00 -1.00 
 -1.00 0.58 1.00 1.00 1.00 -0.75 -1.00 -1.00 -1.00 -1.00 -1.00 -0.47 0.94 1.00 1.00 1.00 1.00 -0.86 -1.00 -1.00 
 -1.00 0.31 1.00 1.00 1.00 0.42 -0.85 -1.00 -1.00 -0.82 0.04 0.96 0.53 0.80 1.00 1.00 1.00 -0.73 -1.00 -1.00 
 -1.00 -0.58 0.97 1.00 1.00 1.00 0.95 0.67 0.72 0.98 1.00 0.47 -0.81 0.98 1.00 1.00 1.00 0.84 0.44 0.37 
 -1.00 -1.00 -0.35 0.87 1.00 1.00 1.00 1.00 1.00 0.90 -0.05 -0.97 -0.61 1.00 1.00 1.00 1.00 1.00 1.00 0.97 
 -1.00 -1.00 -1.00 -0.88 -0.27 0.11 0.22 0.10 -0.29 -0.88 -1.00 -1.00 -0.82 -0.47 -0.55 -0.62 -0.69 -0.77 -0.85 -0.93 
 