0.00 0.15 1.00 1.00 1.00 0.57 0.00 0.00 0.00 0.00 0.00 0.00 0.00 0.00 0.00 0.00 0.29 1.00 1.00 1.00 
 0.00 0.15 1.00 1.00 1.00 0.57 0.00 0.00 0.00 0.00 0.00 0.00 0.00 0.00 0.00 0.00 0.29 1.00 1.00 1.00 
 0.00 0.15 1.00 1.00 1.00 0.57 0.00 0.00 0.00 0.00 0.00 0.00 0.00 0.00 0.00 0.00 0.29 1.00 1.00 1.00 
 0.00 0.15 1.00 1.00 1.00 0.57 0.00 0.00 0.00 0.00 0.00 0.00 0.00 0.00 0.00 0.00 0.29 1.00 1.00 1.00 
 0.00 0.15 1.00 1.00 1.00 0.57 0.00 0.00 0.00 0.00 0.00 0.00 0.00 0.00 0.00 0.00 0.29 1.00 1.00 1.00 
 0.00 0.15 1.00 1.00 1.00 0.57 0.00 0.00 0.00 0.00 0.00 0.00 0.00 0.00 0.00 0.00 0.29 1.00 1.00 1.00 
 0.00 0.15 1.00 1.00 1.00 0.57 0.00 0.00 0.00 0.00 0.00 0.00 0.00 0.00 0.00 0.00 0.29 1.00 1.00 1.00 
 0.00 0.15 1.00 1.00 1.00 0.57 0.00 0.00 0.00 0.00 0.00 0.00 0.00 0.00 0.00 0.00 0.29 1.00 1.00 1.00 
 0.00 0.15 1.00 1.00 1.00 0.57 0.00 0.00 0.00 0.00 0.00 0.00 0.00 0.00 0.00 0.00 0.29 1.00 1.00 1.00 
 0.00 0.15 1.00 1.00 1.00 0.57 0.00 0.00 0.00 0.00 0.00 0.00 0.00 0.00 0.00 0.00 0.29 1.00 1.00 1.00 
 0.00 0.15 1.00 1.00 1.00 0.57 0.00 0.00 0.00 0.00 0.00 0.00 0.00 0.00 0.00 0.00 0.29 1.00 1.00 1.00 
 0.00 0.15 1.00 1.00 1.00 0.57 0.00 0.00 0.00 0.00 0.00 0.00 0.00 0.00 0.00 0.00 0.29 1.00 1.00 1.00 
 0.00 0.15 1.00 1.00 1.00 0.57 0.00 0.00 0.00 0.00 0.00 0.00 0.00 0.00 0.00 0.00 0.29 1.00 1.00 1.00 
 0.00 0.15 1.00 1.00 1.00 0.57 0.00 0.00 0.00 0.00 0.00 0.00 0.00 0.00 0.00 0.00 0.35 1.00 1.00 1.00 
 0.00 0.13 0.98 1.00 1.00 0.64 0.00 0.00 0.00 0.00 0.00 0.00 0.00 0.00 0.00 0.00 0.51 1.00 1.00 1.00 
 0.00 0.00 0.84 1.00 1.00 0.80 0.00 0.00 0.00 0.00 0.00 0.00 0.00 0.00 0.00 0.02 0.82 1.00 1.00 1.00 
 0.00 0.00 0.67 1.00 1.00 0.94 0.11 0.00 0.00 0.00 0.00 0.00 0.00 0.00 0.00 0.33 1.00 1.00 1.00 1.00 
 0.00 0.00 0.43 1.00 1.00 1.00 0.62 0.00 0.00 0.00 0.00 0.00 0.00 0.00 0.18 0.90 1.00 1.00 1.00 1.00 
 0.00 0.00 0.13 0.94 1.00 1.00 0.98 0.53 0.11 0.00 0.00 0.00 0.11 0.41 0.94 1.00 0.94 1.00 1.00 1.00 
 0.00 0.00 0.00 0.47 1.00 1.00 1.00 1.00 0.96 0.78 0.72 0.78 0.96 1.00 1.00 0.88 0.41 1.00 1.00 1.00 
 