0.50 0.50 0.50 0.50 0.50 0.50 0.50 0.09 0.00 0.00 0.00 0.00 0.33 0.50 0.50 0.50 0.50 0.50 0.50 0.25 
 0.17 0.31 0.73 1.00 1.00 1.00 1.00 0.17 0.00 0.00 0.00 0.00 0.11 0.28 0.58 0.97 1.00 1.00 1.00 0.50 
 0.00 0.00 0.09 0.92 1.00 1.00 1.00 0.17 0.00 0.00 0.00 0.00 0.00 0.00 0.00 0.64 1.00 1.00 1.00 0.50 
 0.00 0.00 0.00 0.70 1.00 1.00 1.00 0.17 0.00 0.00 0.00 0.00 0.00 0.00 0.00 0.39 1.00 1.00 1.00 0.50 
 0.00 0.00 0.00 0.67 1.00 1.00 1.00 0.17 0.00 0.00 0.00 0.00 0.00 0.00 0.00 0.33 1.00 1.00 1.00 0.50 
 0.00 0.00 0.00 0.67 1.00 1.00 1.00 0.17 0.00 0.00 0.00 0.00 0.00 0.00 0.00 0.33 1.00 1.00 1.00 0.50 
 0.00 0.00 0.00 0.67 1.00 1.00 1.00 0.17 0.00 0.00 0.00 0.00 0.00 0.00 0.00 0.33 1.00 1.00 1.00 0.50 
 0.00 0.00 0.00 0.67 1.00 1.00 1.00 0.17 0.00 0.00 0.00 0.00 0.00 0.00 0.00 0.33 1.00 1.00 1.00 0.50 
 0.00 0.00 0.00 0.67 1.00 1.00 1.00 0.17 0.00 0.00 0.00 0.00 0.00 0.00 0.00 0.33 1.00 1.00 1.00 0.50 
 0.00 0.00 0.00 0.67 1.00 1.00 1.00 0.17 0.00 0.00 0.00 0.00 0.00 0.00 0.00 0.33 1.00 1.00 1.00 0.50 
 0.00 0.00 0.00 0.67 1.00 1.00 1.00 0.17 0.00 0.00 0.00 0.00 0.00 0.00 0.00 0.33 1.00 1.00 1.00 0.50 
 0.00 0.00 0.00 0.67 1.00 1.00 1.00 0.17 0.00 0.00 0.00 0.00 0.00 0.00 0.00 0.33 1.00 1.00 1.00 0.50 
 0.00 0.00 0.00 0.67 1.00 1.00 1.00 0.17 0.00 0.00 0.00 0.00 0.00 0.00 0.00 0.33 1.00 1.00 1.00 0.50 
 0.00 0.00 0.00 0.67 1.00 1.00 1.00 0.17 0.00 0.00 0.00 0.00 0.00 0.00 0.00 0.33 1.00 1.00 1.00 0.50 
 0.00 0.00 0.00 0.67 1.00 1.00 1.00 0.17 0.00 0.00 0.00 0.00 0.00 0.00 0.00 0.33 1.00 1.00 1.00 0.50 
 0.00 0.00 0.00 0.67 1.00 1.00 1.00 0.17 0.00 0.00 0.00 0.00 0.00 0.00 0.00 0.33 1.00 1.00 1.00 0.50 
 0.00 0.00 0.00 0.53 1.00 1.00 1.00 0.33 0.00 0.00 0.00 0.00 0.00 0.00 0.03 0.53 1.00 1.00 1.00 0.50 
 0.00 0.00 0.00 0.42 1.00 1.00 1.00 0.61 0.00 0.00 0.00 0.00 0.00 0.03 0.58 0.95 1.00 1.00 1.00 0.61 
 0.00 0.00 0.00 0.20 1.00 1.00 1.00 0.95 0.33 0.03 0.00 0.03 0.25 0.73 0.78 0.42 1.00 1.00 1.00 0.84 
 0.00 0.00 0.00 0.03 0.75 1.00 1.00 1.00 1.00 0.84 0.67 0.81 1.00 0.81 0.09 0.33 1.00 1.00 1.00 1.00 
 