0.00 0.43 1.00 1.00 0.29 0.00 0.00 0.00 0.00 0.00 0.00 0.00 0.00 0.00 0.00 0.00 0.43 1.00 1.00 0.29 
 0.00 0.43 1.00 1.00 0.29 0.00 0.00 0.00 0.00 0.00 0.00 0.00 0.00 0.00 0.00 0.00 0.43 1.00 1.00 0.29 
 0.00 0.43 1.00 1.00 0.29 0.00 0.00 0.00 0.00 0.00 0.00 0.00 0.00 0.00 0.00 0.00 0.43 1.00 1.00 0.29 
 0.00 0.43 1.00 1.00 0.29 0.00 0.00 0.00 0.00 0.00 0.00 0.00 0.00 0.00 0.00 0.00 0.43 1.00 1.00 0.29 
 0.00 0.43 1.00 1.00 0.29 0.00 0.00 0.00 0.00 0.00 0.00 0.00 0.00 0.00 0.00 0.00 0.43 1.00 1.00 0.29 
 0.00 0.43 1.00 1.00 0.29 0.00 0.00 0.00 0.00 0.00 0.00 0.00 0.00 0.00 0.00 0.00 0.43 1.00 1.00 0.29 
 0.00 0.43 1.00 1.00 0.29 0.00 0.00 0.00 0.00 0.00 0.00 0.00 0.00 0.00 0.00 0.00 0.43 1.00 1.00 0.29 
 0.00 0.43 1.00 1.00 0.29 0.00 0.00 0.00 0.00 0.00 0.00 0.00 0.00 0.00 0.00 0.00 0.43 1.00 1.00 0.29 
 0.00 0.43 1.00 1.00 0.29 0.00 0.00 0.00 0.00 0.00 0.00 0.00 0.00 0.00 0.00 0.00 0.43 1.00 1.00 0.29 
 0.00 0.43 1.00 1.00 0.29 0.00 0.00 0.00 0.00 0.00 0.00 0.00 0.00 0.00 0.00 0.00 0.43 1.00 1.00 0.29 
 0.00 0.43 1.00 1.00 0.29 0.00 0.00 0.00 0.00 0.00 0.00 0.00 0.00 0.00 0.00 0.00 0.43 1.00 1.00 0.29 
 0.00 0.43 1.00 1.00 0.29 0.00 0.00 0.00 0.00 0.00 0.00 0.00 0.00 0.00 0.00 0.00 0.43 1.00 1.00 0.29 
 0.00 0.43 1.00 1.00 0.29 0.00 0.00 0.00 0.00 0.00 0.00 0.00 0.00 0.00 0.00 0.00 0.49 1.00 1.00 0.29 
 0.00 0.43 1.00 1.00 0.37 0.00 0.00 0.00 0.00 0.00 0.00 0.00 0.00 0.00 0.00 0.00 0.67 1.00 1.00 0.29 
 0.00 0.31 1.00 1.00 0.53 0.00 0.00 0.00 0.00 0.00 0.00 0.00 0.00 0.00 0.00 0.11 0.94 1.00 1.00 0.29 
 0.00 0.16 1.00 1.00 0.80 0.00 0.00 0.00 0.00 0.00 0.00 0.00 0.00 0.00 0.00 0.49 1.00 1.00 1.00 0.29 
 0.00 0.04 0.84 1.00 0.98 0.31 0.00 0.00 0.00 0.00 0.00 0.00 0.00 0.00 0.27 0.98 0.76 1.00 1.00 0.29 
 0.00 0.00 0.39 1.00 1.00 0.92 0.25 0.00 0.00 0.00 0.00 0.00 0.02 0.33 0.94 0.78 0.29 1.00 1.00 0.29 
 0.00 0.00 0.04 0.76 1.00 1.00 0.98 0.65 0.35 0.29 0.29 0.39 0.76 1.00 0.90 0.16 0.15 1.00 1.00 0.41 
 0.00 0.00 0.00 0.08 0.72 1.00 1.00 1.00 1.00 1.00 1.00 1.00 1.00 0.78 0.15 0.00 0.15 1.00 1.00 0.43 
 