0.84 0.84 0.84 0.84 0.84 0.84 0.42 0.00 0.00 0.00 0.00 0.00 0.00 0.56 0.84 0.84 0.84 0.84 0.84 0.70 
 0.47 0.81 1.00 1.00 1.00 1.00 0.50 0.00 0.00 0.00 0.00 0.00 0.00 0.28 0.73 1.00 1.00 1.00 1.00 0.84 
 0.00 0.09 0.89 1.00 1.00 1.00 0.50 0.00 0.00 0.00 0.00 0.00 0.00 0.00 0.03 0.64 1.00 1.00 1.00 0.84 
 0.00 0.00 0.61 1.00 1.00 1.00 0.50 0.00 0.00 0.00 0.00 0.00 0.00 0.00 0.00 0.31 1.00 1.00 1.00 0.84 
 0.00 0.00 0.50 1.00 1.00 1.00 0.50 0.00 0.00 0.00 0.00 0.00 0.00 0.00 0.00 0.17 1.00 1.00 1.00 0.84 
 0.00 0.00 0.50 1.00 1.00 1.00 0.50 0.00 0.00 0.00 0.00 0.00 0.00 0.00 0.00 0.17 1.00 1.00 1.00 0.84 
 0.00 0.00 0.50 1.00 1.00 1.00 0.50 0.00 0.00 0.00 0.00 0.00 0.00 0.00 0.00 0.17 1.00 1.00 1.00 0.84 
 0.00 0.00 0.50 1.00 1.00 1.00 0.50 0.00 0.00 0.00 0.00 0.00 0.00 0.00 0.00 0.17 1.00 1.00 1.00 0.84 
 0.00 0.00 0.50 1.00 1.00 1.00 0.50 0.00 0.00 0.00 0.00 0.00 0.00 0.00 0.00 0.17 1.00 1.00 1.00 0.84 
 0.00 0.00 0.50 1.00 1.00 1.00 0.50 0.00 0.00 0.00 0.00 0.00 0.00 0.00 0.00 0.17 1.00 1.00 1.00 0.84 
 0.00 0.00 0.50 1.00 1.00 1.00 0.50 0.00 0.00 0.00 0.00 0.00 0.00 0.00 0.00 0.17 1.00 1.00 1.00 0.84 
 0.00 0.00 0.50 1.00 1.00 1.00 0.50 0.00 0.00 0.00 0.00 0.00 0.00 0.00 0.00 0.17 1.00 1.00 1.00 0.84 
 0.00 0.00 0.50 1.00 1.00 1.00 0.50 0.00 0.00 0.00 0.00 0.00 0.00 0.00 0.00 0.17 1.00 1.00 1.00 0.84 
 0.00 0.00 0.50 1.00 1.00 1.00 0.50 0.00 0.00 0.00 0.00 0.00 0.00 0.00 0.00 0.17 1.00 1.00 1.00 0.84 
 0.00 0.00 0.50 1.00 1.00 1.00 0.50 0.00 0.00 0.00 0.00 0.00 0.00 0.00 0.00 0.17 1.00 1.00 1.00 0.84 
 0.00 0.00 0.50 1.00 1.00 1.00 0.56 0.00 0.00 0.00 0.00 0.00 0.00 0.00 0.00 0.31 1.00 1.00 1.00 0.84 
 0.00 0.00 0.42 1.00 1.00 1.00 0.73 0.00 0.00 0.00 0.00 0.00 0.00 0.00 0.03 0.70 1.00 1.00 1.00 0.84 
 0.00 0.00 0.28 1.00 1.00 1.00 0.89 0.09 0.00 0.00 0.00 0.00 0.00 0.03 0.47 1.00 1.00 1.00 1.00 0.84 
 0.00 0.00 0.14 0.97 1.00 1.00 1.00 0.61 0.06 0.00 0.00 0.00 0.06 0.50 1.00 0.78 1.00 1.00 1.00 0.86 
 0.00 0.00 0.00 0.64 1.00 1.00 1.00 1.00 0.78 0.42 0.33 0.47 0.84 1.00 0.58 0.20 1.00 1.00 1.00 1.00 
 