0.00 0.00 0.00 0.00 0.00 0.00 0.00 0.00 0.02 0.00 0.00 0.00 0.00 0.00 0.00 0.00 0.00 0.00 0.00 0.00 
 0.00 0.00 0.00 0.00 0.00 0.00 0.16 0.61 0.75 0.05 0.00 0.00 0.00 0.00 0.00 0.00 0.00 0.00 0.00 0.00 
 0.00 0.00 0.00 0.09 0.20 0.52 0.94 1.00 0.75 0.00 0.00 0.00 0.00 0.00 0.00 0.00 0.00 0.00 0.08 0.20 
 0.00 0.17 0.41 0.94 1.00 1.00 1.00 0.91 0.13 0.00 0.00 0.00 0.00 0.00 0.00 0.00 0.02 0.39 0.94 1.00 
 0.33 0.97 1.00 0.99 0.94 1.00 1.00 0.86 0.00 0.00 0.00 0.00 0.00 0.00 0.00 0.00 0.47 1.00 1.00 0.88 
 0.72 0.64 0.53 0.30 0.52 1.00 1.00 0.53 0.00 0.00 0.00 0.00 0.00 0.00 0.00 0.25 0.99 1.00 1.00 0.71 
 0.00 0.00 0.00 0.00 0.69 1.00 0.94 0.09 0.00 0.00 0.00 0.00 0.00 0.00 0.35 0.99 1.00 1.00 1.00 0.25 
 0.00 0.00 0.00 0.02 0.86 1.00 0.55 0.00 0.00 0.00 0.00 0.00 0.00 0.17 0.96 1.00 1.00 1.00 0.99 0.11 
 0.00 0.00 0.00 0.13 1.00 0.99 0.19 0.00 0.00 0.00 0.00 0.00 0.24 0.89 0.89 0.91 1.00 1.00 0.91 0.03 
 0.00 0.00 0.00 0.17 1.00 0.99 0.16 0.00 0.00 0.00 0.00 0.24 0.89 0.93 0.22 0.49 1.00 1.00 0.88 0.00 
 0.00 0.00 0.00 0.28 1.00 0.97 0.11 0.00 0.00 0.00 0.05 0.82 0.96 0.28 0.00 0.17 1.00 1.00 0.80 0.00 
 0.00 0.00 0.02 0.61 1.00 1.00 0.17 0.00 0.00 0.16 0.82 0.99 0.36 0.00 0.00 0.22 1.00 1.00 0.75 0.00 
 0.00 0.00 0.17 1.00 1.00 1.00 0.35 0.00 0.06 0.82 0.99 0.52 0.00 0.00 0.00 0.16 1.00 1.00 0.75 0.00 
 0.00 0.00 0.45 1.00 1.00 1.00 0.42 0.05 0.69 1.00 0.71 0.00 0.00 0.00 0.00 0.16 1.00 1.00 0.82 0.00 
 0.00 0.00 0.72 1.00 1.00 1.00 0.52 0.71 1.00 0.83 0.08 0.00 0.00 0.00 0.00 0.30 1.00 1.00 0.99 0.75 
 0.00 0.00 0.72 1.00 1.00 1.00 1.00 1.00 0.88 0.16 0.00 0.00 0.00 0.00 0.02 0.66 1.00 1.00 0.97 0.45 
 0.00 0.00 0.63 1.00 1.00 1.00 1.00 0.93 0.19 0.00 0.00 0.00 0.00 0.00 0.09 0.97 1.00 0.94 0.36 0.00 
 0.00 0.00 0.45 1.00 1.00 1.00 0.82 0.14 0.00 0.00 0.00 0.00 0.00 0.00 0.03 0.67 0.45 0.11 0.00 0.00 
 0.00 0.00 0.02 0.67 0.93 0.67 0.02 0.00 0.00 0.00 0.00 0.00 0.00 0.00 0.00 0.00 0.00 0.00 0.00 0.00 
 0.00 0.00 0.00 0.06 0.09 0.00 0.00 0.00 0.00 0.00 0.00 0.00 0.00 0.00 0.00 0.00 0.00 0.00 0.00 0.00 
 