0.00 0.00 0.29 1.00 1.00 1.00 1.00 0.29 0.00 0.00 0.00 0.00 0.00 0.15 1.00 1.00 1.00 1.00 0.57 0.00 
 0.00 0.00 0.29 1.00 1.00 1.00 1.00 0.29 0.00 0.00 0.00 0.00 0.00 0.15 1.00 1.00 1.00 1.00 0.57 0.00 
 0.00 0.00 0.29 1.00 1.00 1.00 1.00 0.29 0.00 0.00 0.00 0.00 0.00 0.15 1.00 1.00 1.00 1.00 0.57 0.00 
 0.00 0.00 0.29 1.00 1.00 1.00 1.00 0.29 0.00 0.00 0.00 0.00 0.00 0.15 1.00 1.00 1.00 1.00 0.57 0.00 
 0.00 0.00 0.29 1.00 1.00 1.00 1.00 0.29 0.00 0.00 0.00 0.00 0.00 0.15 1.00 1.00 1.00 1.00 0.57 0.00 
 0.00 0.00 0.29 1.00 1.00 1.00 1.00 0.29 0.00 0.00 0.00 0.00 0.00 0.15 1.00 1.00 1.00 1.00 0.57 0.00 
 0.00 0.00 0.29 1.00 1.00 1.00 1.00 0.29 0.00 0.00 0.00 0.00 0.00 0.15 1.00 1.00 1.00 1.00 0.57 0.00 
 0.00 0.00 0.29 1.00 1.00 1.00 1.00 0.29 0.00 0.00 0.00 0.00 0.00 0.15 1.00 1.00 1.00 1.00 0.57 0.00 
 0.00 0.00 0.29 1.00 1.00 1.00 1.00 0.29 0.00 0.00 0.00 0.00 0.00 0.15 1.00 1.00 1.00 1.00 0.57 0.00 
 0.00 0.00 0.29 1.00 1.00 1.00 1.00 0.29 0.00 0.00 0.00 0.00 0.00 0.15 1.00 1.00 1.00 1.00 0.57 0.00 
 0.00 0.00 0.29 1.00 1.00 1.00 1.00 0.29 0.00 0.00 0.00 0.00 0.00 0.15 1.00 1.00 1.00 1.00 0.57 0.00 
 0.00 0.00 0.29 1.00 1.00 1.00 1.00 0.29 0.00 0.00 0.00 0.00 0.00 0.15 1.00 1.00 1.00 1.00 0.57 0.00 
 0.00 0.00 0.29 1.00 1.00 1.00 1.00 0.29 0.00 0.00 0.00 0.00 0.00 0.15 1.00 1.00 1.00 1.00 0.57 0.00 
 0.00 0.00 0.29 1.00 1.00 1.00 1.00 0.37 0.00 0.00 0.00 0.00 0.00 0.23 1.00 1.00 1.00 1.00 0.57 0.00 
 0.00 0.00 0.27 1.00 1.00 1.00 1.00 0.53 0.00 0.00 0.00 0.00 0.00 0.49 1.00 1.00 1.00 1.00 0.57 0.00 
 0.00 0.00 0.15 1.00 1.00 1.00 1.00 0.82 0.02 0.00 0.00 0.00 0.08 0.88 1.00 1.00 1.00 1.00 0.57 0.00 
 0.00 0.00 0.13 0.98 1.00 1.00 1.00 1.00 0.47 0.02 0.00 0.08 0.67 0.98 0.98 1.00 1.00 1.00 0.57 0.00 
 0.00 0.00 0.00 0.76 1.00 1.00 1.00 1.00 1.00 0.80 0.72 0.88 1.00 0.78 0.86 1.00 1.00 1.00 0.57 0.00 
 0.00 0.00 0.00 0.37 1.00 1.00 1.00 1.00 1.00 1.00 1.00 1.00 0.98 0.31 0.84 1.00 1.00 1.00 0.57 0.00 
 0.00 0.00 0.00 0.04 0.76 1.00 1.00 1.00 1.00 1.00 1.00 1.00 0.64 0.00 0.72 1.00 1.00 1.00 0.57 0.00 
 