0.00 0.00 0.00 0.00 0.00 0.00 0.00 0.00 0.00 0.00 0.00 0.00 0.00 0.00 0.00 0.00 0.00 0.00 0.00 0.00 
 0.00 0.00 0.00 0.02 0.16 0.35 0.00 0.00 0.00 0.00 0.00 0.00 0.00 0.00 0.00 0.09 0.31 0.16 0.00 0.00 
 0.28 0.44 0.61 0.85 1.00 0.88 0.00 0.00 0.00 0.00 0.00 0.16 0.39 0.55 0.75 0.97 1.00 0.30 0.00 0.00 
 0.74 0.75 0.91 1.00 1.00 0.88 0.00 0.00 0.00 0.00 0.00 0.45 0.75 0.83 1.00 1.00 1.00 0.25 0.00 0.00 
 0.00 0.00 0.28 1.00 1.00 0.78 0.00 0.00 0.00 0.00 0.00 0.00 0.00 0.03 0.91 1.00 1.00 0.17 0.00 0.00 
 0.00 0.00 0.24 1.00 1.00 0.75 0.00 0.00 0.00 0.00 0.00 0.00 0.00 0.00 0.86 1.00 1.00 0.13 0.00 0.00 
 0.00 0.00 0.13 1.00 1.00 0.75 0.00 0.00 0.00 0.00 0.00 0.00 0.00 0.00 0.75 1.00 1.00 0.13 0.00 0.00 
 0.00 0.00 0.13 1.00 1.00 0.75 0.00 0.00 0.00 0.00 0.00 0.00 0.00 0.00 0.75 1.00 1.00 0.13 0.00 0.00 
 0.00 0.00 0.13 1.00 1.00 0.75 0.00 0.00 0.00 0.00 0.00 0.00 0.00 0.00 0.75 1.00 1.00 0.13 0.00 0.00 
 0.00 0.00 0.13 1.00 1.00 0.75 0.00 0.00 0.00 0.00 0.00 0.00 0.00 0.00 0.75 1.00 1.00 0.13 0.00 0.00 
 0.00 0.00 0.13 1.00 1.00 0.75 0.00 0.00 0.00 0.00 0.00 0.00 0.00 0.00 0.75 1.00 1.00 0.13 0.00 0.00 
 0.00 0.00 0.13 1.00 1.00 0.75 0.00 0.00 0.00 0.00 0.00 0.00 0.00 0.00 0.80 1.00 1.00 0.13 0.00 0.00 
 0.00 0.00 0.13 1.00 1.00 0.75 0.00 0.00 0.00 0.00 0.00 0.00 0.00 0.00 0.88 1.00 1.00 0.13 0.00 0.00 
 0.00 0.00 0.13 1.00 1.00 0.86 0.00 0.00 0.00 0.00 0.00 0.00 0.00 0.20 0.99 1.00 1.00 0.16 0.00 0.00 
 0.00 0.00 0.13 1.00 1.00 0.96 0.13 0.00 0.00 0.00 0.00 0.00 0.08 0.80 0.99 1.00 1.00 0.25 0.00 0.00 
 0.00 0.00 0.03 0.88 1.00 1.00 0.77 0.16 0.00 0.00 0.03 0.27 0.77 0.42 0.88 1.00 1.00 0.25 0.00 0.00 
 0.00 0.00 0.00 0.50 1.00 1.00 1.00 0.99 0.80 0.75 0.89 0.96 0.33 0.05 0.93 1.00 1.00 0.47 0.02 0.00 
 0.00 0.00 0.00 0.03 0.63 0.97 1.00 1.00 1.00 1.00 0.88 0.31 0.00 0.11 0.97 0.88 0.88 0.88 0.83 0.85 
 0.00 0.00 0.00 0.00 0.00 0.17 0.41 0.50 0.49 0.30 0.03 0.00 0.00 0.00 0.09 0.00 0.00 0.00 0.06 0.11 
 0.00 0.00 0.00 0.00 0.00 0.00 0.00 0.00 0.00 0.00 0.00 0.00 0.00 0.00 0.00 0.00 0.00 0.00 0.00 0.00 
 