0.55 1.00 1.00 1.00 1.00 1.00 1.00 1.00 1.00 1.00 0.76 -1.00 -1.00 -0.07 1.00 1.00 1.00 1.00 1.00 0.98 
 -0.86 -0.00 1.00 1.00 1.00 1.00 1.00 1.00 0.69 -0.56 -0.86 -1.00 -1.00 -0.96 -0.76 0.07 1.00 1.00 0.27 -0.78 
 -1.00 -0.98 0.65 1.00 1.00 1.00 1.00 1.00 0.40 -1.00 -1.00 -1.00 -1.00 -1.00 -1.00 -0.73 1.00 0.78 -0.94 -1.00 
 -1.00 -1.00 -0.29 1.00 1.00 1.00 1.00 1.00 0.94 -0.87 -1.00 -1.00 -1.00 -1.00 -1.00 -0.38 1.00 -0.07 -1.00 -1.00 
 -1.00 -1.00 -0.97 0.74 1.00 1.00 1.00 1.00 1.00 -0.17 -1.00 -1.00 -1.00 -1.00 -1.00 0.30 0.95 -0.83 -1.00 -1.00 
 -1.00 -1.00 -1.00 -0.14 1.00 1.00 1.00 1.00 1.00 0.61 -1.00 -1.00 -1.00 -1.00 -0.85 0.95 0.31 -1.00 -1.00 -1.00 
 -1.00 -1.00 -1.00 -0.90 0.88 1.00 1.00 1.00 1.00 1.00 -0.62 -1.00 -1.00 -1.00 -0.12 1.00 -0.50 -1.00 -1.00 -1.00 
 -1.00 -1.00 -1.00 -1.00 0.15 1.00 1.00 1.00 1.00 1.00 0.17 -1.00 -1.00 -0.99 0.67 0.69 -0.99 -1.00 -1.00 -1.00 
 -1.00 -1.00 -1.00 -1.00 -0.66 1.00 1.00 1.00 1.00 1.00 0.87 -0.93 -1.00 -0.54 1.00 -0.11 -1.00 -1.00 -1.00 -1.00 
 -1.00 -1.00 -1.00 -1.00 -1.00 0.52 1.00 1.00 1.00 1.00 1.00 -0.28 -1.00 0.25 0.94 -0.85 -1.00 -1.00 -1.00 -1.00 
 -1.00 -1.00 -1.00 -1.00 -1.00 -0.29 1.00 1.00 1.00 1.00 1.00 0.50 -0.87 0.92 0.27 -1.00 -1.00 -1.00 -1.00 -1.00 
 -1.00 -1.00 -1.00 -1.00 -1.00 -0.94 0.84 1.00 1.00 1.00 1.00 0.99 0.11 1.00 -0.54 -1.00 -1.00 -1.00 -1.00 -1.00 
 -1.00 -1.00 -1.00 -1.00 -1.00 -1.00 0.09 1.00 1.00 1.00 1.00 1.00 1.00 0.65 -0.99 -1.00 -1.00 -1.00 -1.00 -1.00 
 -1.00 -1.00 -1.00 -1.00 -1.00 -1.00 -0.70 0.99 1.00 1.00 1.00 1.00 1.00 -0.15 -1.00 -1.00 -1.00 -1.00 -1.00 -1.00 
 -1.00 -1.00 -1.00 -1.00 -1.00 -1.00 -1.00 0.47 1.00 1.00 1.00 1.00 0.92 -0.87 -1.00 -1.00 -1.00 -1.00 -1.00 -1.00 
 -1.00 -1.00 -1.00 -1.00 -1.00 -1.00 -1.00 -0.33 1.00 1.00 1.00 1.00 0.24 -1.00 -1.00 -1.00 -1.00 -1.00 -1.00 -1.00 
 -1.00 -1.00 -1.00 -1.00 -1.00 -1.00 -1.00 -0.95 0.81 1.00 1.00 1.00 -0.57 -1.00 -1.00 -1.00 -1.00 -1.00 -1.00 -1.00 
 -1.00 -1.00 -1.00 -1.00 -1.00 -1.00 -1.00 -1.00 0.04 1.00 1.00 0.62 -1.00 -1.00 -1.00 -1.00 -1.00 -1.00 -1.00 -1.00 
 -1.00 -1.00 -1.00 -1.00 -1.00 -1.00 -1.00 -1.00 -0.75 0.98 1.00 -0.18 -1.00 -1.00 -1.00 -1.00 -1.00 -1.00 -1.00 -1.00 
 -1.00 -1.00 -1.00 -1.00 -1.00 -1.00 -1.00 -1.00 -1.00 0.42 0.91 -0.89 -1.00 -1.00 -1.00 -1.00 -1.00 -1.00 -1.00 -1.00 
 