-1.00 -1.00 -1.00 -1.00 -1.00 -1.00 -1.00 -1.00 -1.00 -1.00 -1.00 -1.00 -1.00 -1.00 -1.00 -1.00 -1.00 -1.00 -1.00 -1.00 
 -0.26 -0.26 -0.26 -0.26 -0.26 -0.26 -0.26 -0.26 -0.26 -0.26 -0.80 -0.69 -0.26 -0.26 -0.26 -0.26 -0.26 -0.26 -0.26 -0.26 
 1.00 1.00 1.00 1.00 1.00 1.00 1.00 1.00 1.00 1.00 -0.46 -0.15 1.00 1.00 1.00 1.00 1.00 1.00 1.00 1.00 
 1.00 1.00 1.00 1.00 1.00 1.00 1.00 1.00 1.00 1.00 -0.46 -0.15 1.00 1.00 1.00 1.00 1.00 1.00 1.00 1.00 
 0.07 0.84 1.00 1.00 1.00 1.00 1.00 1.00 0.80 0.00 -0.79 -0.62 0.33 0.99 1.00 1.00 1.00 1.00 1.00 0.45 
 -1.00 -0.78 0.86 1.00 1.00 1.00 1.00 1.00 -0.21 -1.00 -1.00 -1.00 -1.00 0.40 1.00 1.00 1.00 0.91 -0.40 -1.00 
 -1.00 -1.00 -0.06 1.00 1.00 1.00 1.00 1.00 0.34 -1.00 -1.00 -1.00 -0.97 0.81 1.00 1.00 1.00 -0.28 -1.00 -1.00 
 -1.00 -1.00 -0.88 0.88 1.00 1.00 1.00 1.00 0.95 -0.84 -1.00 -1.00 -0.42 1.00 1.00 1.00 0.61 -0.99 -1.00 -1.00 
 -1.00 -1.00 -1.00 0.07 1.00 1.00 1.00 1.00 1.00 -0.12 -1.00 -1.00 0.34 1.00 1.00 1.00 -0.35 -1.00 -1.00 -1.00 
 -1.00 -1.00 -1.00 -0.80 0.95 1.00 1.00 1.00 1.00 0.65 -0.99 -0.84 0.95 1.00 1.00 0.69 -0.98 -1.00 -1.00 -1.00 
 -1.00 -1.00 -1.00 -1.00 0.20 1.00 1.00 1.00 1.00 1.00 -0.56 -0.13 1.00 1.00 1.00 -0.23 -1.00 -1.00 -1.00 -1.00 
 -1.00 -1.00 -1.00 -1.00 -0.70 0.98 1.00 1.00 1.00 1.00 0.22 0.63 1.00 1.00 0.78 -0.95 -1.00 -1.00 -1.00 -1.00 
 -1.00 -1.00 -1.00 -1.00 -1.00 0.34 1.00 1.00 1.00 1.00 0.95 1.00 1.00 1.00 -0.11 -1.00 -1.00 -1.00 -1.00 -1.00 
 -1.00 -1.00 -1.00 -1.00 -1.00 -0.58 1.00 1.00 1.00 1.00 1.00 1.00 1.00 0.86 -0.91 -1.00 -1.00 -1.00 -1.00 -1.00 
 -1.00 -1.00 -1.00 -1.00 -1.00 -1.00 0.48 1.00 1.00 1.00 1.00 1.00 1.00 0.00 -1.00 -1.00 -1.00 -1.00 -1.00 -1.00 
 -1.00 -1.00 -1.00 -1.00 -1.00 -1.00 -0.45 1.00 1.00 1.00 1.00 1.00 0.91 -0.84 -1.00 -1.00 -1.00 -1.00 -1.00 -1.00 
 -1.00 -1.00 -1.00 -1.00 -1.00 -1.00 -0.99 0.62 1.00 1.00 1.00 1.00 0.13 -1.00 -1.00 -1.00 -1.00 -1.00 -1.00 -1.00 
 -1.00 -1.00 -1.00 -1.00 -1.00 -1.00 -1.00 -0.31 1.00 1.00 1.00 0.96 -0.77 -1.00 -1.00 -1.00 -1.00 -1.00 -1.00 -1.00 
 -1.00 -1.00 -1.00 -1.00 -1.00 -1.00 -1.00 -0.97 0.12 0.18 0.18 -0.15 -1.00 -1.00 -1.00 -1.00 -1.00 -1.00 -1.00 -1.00 
 -1.00 -1.00 -1.00 -1.00 -1.00 -1.00 -1.00 -1.00 -1.00 -1.00 -1.00 -1.00 -1.00 -1.00 -1.00 -1.00 -1.00 -1.00 -1.00 -1.00 
 