-1.00 -1.00 -1.00 -1.00 -1.00 -1.00 -1.00 -1.00 -1.00 -1.00 -1.00 -1.00 -1.00 -1.00 -1.00 -1.00 -1.00 -1.00 -1.00 -1.00 
 -0.36 -0.36 -0.36 -0.36 -0.36 -0.36 -0.36 -0.36 -0.36 -0.58 -1.00 -1.00 -0.52 -0.36 -0.36 -0.36 -0.36 -0.36 -0.36 -0.36 
 1.00 1.00 1.00 1.00 1.00 1.00 1.00 1.00 1.00 0.29 -1.00 -1.00 0.48 1.00 1.00 1.00 1.00 1.00 1.00 1.00 
 -0.07 0.69 1.00 1.00 1.00 1.00 1.00 0.97 0.06 -0.47 -1.00 -1.00 -0.39 -0.01 0.69 1.00 1.00 1.00 0.59 -0.12 
 -1.00 -0.78 0.91 1.00 1.00 1.00 1.00 0.85 -0.98 -1.00 -1.00 -1.00 -1.00 -1.00 -0.66 1.00 1.00 0.58 -0.95 -1.00 
 -1.00 -1.00 0.09 1.00 1.00 1.00 1.00 1.00 -0.33 -1.00 -1.00 -1.00 -1.00 -1.00 -0.49 1.00 1.00 -0.59 -1.00 -1.00 
 -1.00 -1.00 -0.80 0.94 1.00 1.00 1.00 1.00 0.58 -0.99 -1.00 -1.00 -1.00 -1.00 0.24 1.00 0.47 -1.00 -1.00 -1.00 
 -1.00 -1.00 -1.00 0.18 1.00 1.00 1.00 1.00 1.00 -0.51 -1.00 -1.00 -1.00 -0.88 0.92 1.00 -0.41 -1.00 -1.00 -1.00 
 -1.00 -1.00 -1.00 -0.75 0.97 1.00 1.00 1.00 1.00 0.41 -1.00 -1.00 -1.00 -0.17 1.00 0.69 -0.98 -1.00 -1.00 -1.00 
 -1.00 -1.00 -1.00 -1.00 0.26 1.00 1.00 1.00 1.00 0.99 -0.67 -1.00 -0.99 0.62 1.00 -0.18 -1.00 -1.00 -1.00 -1.00 
 -1.00 -1.00 -1.00 -1.00 -0.68 0.98 1.00 1.00 1.00 1.00 0.24 -1.00 -0.58 1.00 0.86 -0.91 -1.00 -1.00 -1.00 -1.00 
 -1.00 -1.00 -1.00 -1.00 -1.00 0.34 1.00 1.00 1.00 1.00 0.95 -0.80 0.21 1.00 0.06 -1.00 -1.00 -1.00 -1.00 -1.00 
 -1.00 -1.00 -1.00 -1.00 -1.00 -0.61 1.00 1.00 1.00 1.00 1.00 0.16 0.91 0.96 -0.78 -1.00 -1.00 -1.00 -1.00 -1.00 
 -1.00 -1.00 -1.00 -1.00 -1.00 -1.00 0.43 1.00 1.00 1.00 1.00 1.00 1.00 0.29 -1.00 -1.00 -1.00 -1.00 -1.00 -1.00 
 -1.00 -1.00 -1.00 -1.00 -1.00 -1.00 -0.53 1.00 1.00 1.00 1.00 1.00 1.00 -0.58 -1.00 -1.00 -1.00 -1.00 -1.00 -1.00 
 -1.00 -1.00 -1.00 -1.00 -1.00 -1.00 -1.00 0.51 1.00 1.00 1.00 1.00 0.53 -1.00 -1.00 -1.00 -1.00 -1.00 -1.00 -1.00 
 -1.00 -1.00 -1.00 -1.00 -1.00 -1.00 -1.00 -0.44 1.00 1.00 1.00 1.00 -0.35 -1.00 -1.00 -1.00 -1.00 -1.00 -1.00 -1.00 
 -1.00 -1.00 -1.00 -1.00 -1.00 -1.00 -1.00 -0.99 0.59 1.00 1.00 0.74 -0.97 -1.00 -1.00 -1.00 -1.00 -1.00 -1.00 -1.00 
 -1.00 -1.00 -1.00 -1.00 -1.00 -1.00 -1.00 -1.00 -0.68 -0.33 -0.33 -0.61 -1.00 -1.00 -1.00 -1.00 -1.00 -1.00 -1.00 -1.00 
 -1.00 -1.00 -1.00 -1.00 -1.00 -1.00 -1.00 -1.00 -1.00 -1.00 -1.00 -1.00 -1.00 -1.00 -1.00 -1.00 -1.00 -1.00 -1.00 -1.00 
 