0.27 0.80 0.85 0.84 0.70 0.22 0.00 0.00 0.00 0.00 0.00 0.00 0.00 0.00 0.00 0.05 0.54 0.81 0.85 0.84 
 0.60 1.00 1.00 1.00 1.00 0.87 0.04 0.00 0.00 0.00 0.00 0.00 0.00 0.00 0.00 0.46 1.00 1.00 1.00 1.00 
 0.36 1.00 1.00 1.00 1.00 1.00 0.31 0.00 0.00 0.00 0.00 0.00 0.00 0.00 0.03 0.83 1.00 1.00 1.00 1.00 
 0.11 0.97 1.00 1.00 1.00 1.00 0.64 0.00 0.00 0.00 0.00 0.00 0.00 0.00 0.19 1.00 1.00 1.00 1.00 1.00 
 0.00 0.71 1.00 1.00 1.00 1.00 0.89 0.03 0.00 0.00 0.00 0.00 0.00 0.00 0.49 1.00 1.00 1.00 1.00 0.97 
 0.00 0.38 1.00 1.00 1.00 1.00 1.00 0.29 0.00 0.00 0.00 0.00 0.00 0.02 0.82 1.00 1.00 1.00 1.00 0.72 
 0.00 0.13 0.98 1.00 1.00 1.00 1.00 0.62 0.00 0.00 0.00 0.00 0.00 0.18 1.00 1.00 1.00 1.00 1.00 0.40 
 0.00 0.00 0.74 1.00 1.00 1.00 1.00 0.88 0.02 0.00 0.00 0.00 0.00 0.47 1.00 1.00 1.00 1.00 0.95 0.09 
 0.00 0.00 0.42 1.00 1.00 1.00 1.00 1.00 0.27 0.00 0.00 0.00 0.02 0.80 1.00 1.00 1.00 1.00 0.75 0.00 
 0.00 0.00 0.15 0.99 1.00 1.00 1.00 1.00 0.60 0.00 0.00 0.00 0.17 1.00 1.00 1.00 1.00 1.00 0.43 0.00 
 0.00 0.00 0.01 0.78 1.00 1.00 1.00 1.00 0.87 0.02 0.00 0.00 0.45 1.00 1.00 1.00 1.00 0.96 0.12 0.00 
 0.00 0.00 0.00 0.45 1.00 1.00 1.00 1.00 1.00 0.25 0.00 0.02 0.78 1.00 1.00 1.00 1.00 0.78 0.00 0.00 
 0.00 0.00 0.00 0.17 1.00 1.00 1.00 1.00 1.00 0.58 0.00 0.16 0.99 1.00 1.00 1.00 1.00 0.47 0.00 0.00 
 0.00 0.00 0.00 0.02 0.81 1.00 1.00 1.00 1.00 0.86 0.02 0.44 1.00 1.00 1.00 1.00 0.97 0.15 0.00 0.00 
 0.00 0.00 0.00 0.00 0.49 1.00 1.00 1.00 1.00 1.00 0.25 0.76 1.00 1.00 1.00 1.00 0.80 0.00 0.00 0.00 
 0.00 0.00 0.00 0.00 0.19 1.00 1.00 1.00 1.00 1.00 0.71 0.99 1.00 1.00 1.00 1.00 0.50 0.00 0.00 0.00 
 0.00 0.00 0.00 0.00 0.03 0.84 1.00 1.00 1.00 1.00 1.00 1.00 1.00 1.00 1.00 0.98 0.18 0.00 0.00 0.00 
 0.00 0.00 0.00 0.00 0.00 0.52 1.00 1.00 1.00 1.00 1.00 1.00 1.00 1.00 1.00 0.82 0.00 0.00 0.00 0.00 
 0.00 0.00 0.00 0.00 0.00 0.22 1.00 1.00 1.00 1.00 1.00 1.00 1.00 1.00 1.00 0.53 0.00 0.00 0.00 0.00 
 0.00 0.00 0.00 0.00 0.00 0.04 0.86 1.00 1.00 1.00 1.00 1.00 1.00 1.00 0.98 0.20 0.00 0.00 0.00 0.00 
 