-1.00 -1.00 -1.00 -1.00 -1.00 -1.00 -1.00 -1.00 -1.00 -1.00 -1.00 -1.00 -1.00 -1.00 -1.00 -1.00 -1.00 -1.00 -1.00 -1.00 
 0.26 0.20 0.15 0.10 0.07 0.09 0.14 0.18 0.22 0.04 -1.00 -1.00 -0.89 0.23 0.15 0.11 0.07 0.11 0.18 0.24 
 0.70 0.96 1.00 1.00 1.00 1.00 1.00 0.98 0.76 0.36 -1.00 -1.00 -0.87 0.69 0.84 1.00 1.00 1.00 1.00 0.87 
 -1.00 -0.59 0.95 1.00 1.00 1.00 1.00 -0.07 -1.00 -1.00 -1.00 -1.00 -1.00 -1.00 -0.98 0.66 1.00 0.97 -0.44 -0.99 
 -1.00 -1.00 0.14 1.00 1.00 1.00 1.00 0.18 -1.00 -1.00 -1.00 -1.00 -1.00 -1.00 -0.98 0.84 1.00 0.30 -1.00 -1.00 
 -1.00 -1.00 -0.73 0.99 1.00 1.00 1.00 0.84 -0.95 -1.00 -1.00 -1.00 -1.00 -1.00 -0.44 1.00 1.00 -0.58 -1.00 -1.00 
 -1.00 -1.00 -1.00 0.47 1.00 1.00 1.00 1.00 -0.30 -1.00 -1.00 -1.00 -1.00 -1.00 0.37 1.00 0.52 -1.00 -1.00 -1.00 
 -1.00 -1.00 -1.00 -0.33 1.00 1.00 1.00 1.00 0.49 -1.00 -1.00 -1.00 -1.00 -0.79 0.97 1.00 -0.36 -1.00 -1.00 -1.00 
 -1.00 -1.00 -1.00 -0.95 0.84 1.00 1.00 1.00 0.99 -0.70 -1.00 -1.00 -1.00 -0.01 1.00 0.73 -0.98 -1.00 -1.00 -1.00 
 -1.00 -1.00 -1.00 -1.00 0.08 1.00 1.00 1.00 1.00 0.08 -1.00 -1.00 -0.97 0.77 1.00 -0.14 -1.00 -1.00 -1.00 -1.00 
 -1.00 -1.00 -1.00 -1.00 -0.70 1.00 1.00 1.00 1.00 0.83 -0.95 -1.00 -0.40 1.00 0.87 -0.90 -1.00 -1.00 -1.00 -1.00 
 -1.00 -1.00 -1.00 -1.00 -1.00 0.50 1.00 1.00 1.00 1.00 -0.33 -1.00 0.43 1.00 0.08 -1.00 -1.00 -1.00 -1.00 -1.00 
 -1.00 -1.00 -1.00 -1.00 -1.00 -0.29 1.00 1.00 1.00 1.00 0.47 -0.69 0.99 0.97 -0.76 -1.00 -1.00 -1.00 -1.00 -1.00 
 -1.00 -1.00 -1.00 -1.00 -1.00 -0.94 0.85 1.00 1.00 1.00 0.99 0.44 1.00 0.31 -1.00 -1.00 -1.00 -1.00 -1.00 -1.00 
 -1.00 -1.00 -1.00 -1.00 -1.00 -1.00 0.11 1.00 1.00 1.00 1.00 1.00 1.00 -0.58 -1.00 -1.00 -1.00 -1.00 -1.00 -1.00 
 -1.00 -1.00 -1.00 -1.00 -1.00 -1.00 -0.67 1.00 1.00 1.00 1.00 1.00 0.54 -1.00 -1.00 -1.00 -1.00 -1.00 -1.00 -1.00 
 -1.00 -1.00 -1.00 -1.00 -1.00 -1.00 -1.00 0.53 1.00 1.00 1.00 1.00 -0.30 -1.00 -1.00 -1.00 -1.00 -1.00 -1.00 -1.00 
 -1.00 -1.00 -1.00 -1.00 -1.00 -1.00 -1.00 -0.26 1.00 1.00 1.00 0.87 -0.94 -1.00 -1.00 -1.00 -1.00 -1.00 -1.00 -1.00 
 -1.00 -1.00 -1.00 -1.00 -1.00 -1.00 -1.00 -0.92 0.70 0.79 0.79 0.09 -1.00 -1.00 -1.00 -1.00 -1.00 -1.00 -1.00 -1.00 
 -1.00 -1.00 -1.00 -1.00 -1.00 -1.00 -1.00 -1.00 -1.00 -1.00 -1.00 -1.00 -1.00 -1.00 -1.00 -1.00 -1.00 -1.00 -1.00 -1.00 
 