-0.03 1.00 1.00 1.00 1.00 0.96 -0.88 -1.00 -1.00 -1.00 -1.00 -1.00 -1.00 -1.00 0.64 1.00 1.00 1.00 1.00 0.39 
 -0.72 1.00 1.00 1.00 1.00 1.00 -0.34 -1.00 -1.00 -1.00 -1.00 -1.00 -1.00 -0.80 1.00 1.00 1.00 1.00 1.00 -0.29 
 -1.00 0.58 1.00 1.00 1.00 1.00 0.25 -1.00 -1.00 -1.00 -1.00 -1.00 -1.00 -0.25 1.00 1.00 1.00 1.00 0.92 -0.91 
 -1.00 -0.12 1.00 1.00 1.00 1.00 0.83 -0.98 -1.00 -1.00 -1.00 -1.00 -1.00 0.29 1.00 1.00 1.00 1.00 0.33 -1.00 
 -1.00 -0.80 0.98 1.00 1.00 1.00 1.00 -0.56 -1.00 -1.00 -1.00 -1.00 -0.98 0.84 1.00 1.00 1.00 1.00 -0.36 -1.00 
 -1.00 -1.00 0.47 1.00 1.00 1.00 1.00 0.03 -1.00 -1.00 -1.00 -1.00 -0.61 1.00 1.00 1.00 1.00 0.89 -0.94 -1.00 
 -1.00 -1.00 -0.22 1.00 1.00 1.00 1.00 0.62 -1.00 -1.00 -1.00 -1.00 -0.05 1.00 1.00 1.00 1.00 0.26 -1.00 -1.00 
 -1.00 -1.00 -0.87 0.95 1.00 1.00 1.00 1.00 -0.78 -1.00 -1.00 -1.00 0.50 1.00 1.00 1.00 1.00 -0.43 -1.00 -1.00 
 -1.00 -1.00 -1.00 0.38 1.00 1.00 1.00 1.00 -0.19 -1.00 -1.00 -0.90 0.95 1.00 1.00 1.00 0.84 -0.96 -1.00 -1.00 
 -1.00 -1.00 -1.00 -0.32 1.00 1.00 1.00 1.00 0.40 -1.00 -1.00 -0.40 1.00 1.00 1.00 1.00 0.20 -1.00 -1.00 -1.00 
 -1.00 -1.00 -1.00 -0.92 0.91 1.00 1.00 1.00 0.92 -0.93 -1.00 0.15 1.00 1.00 1.00 1.00 -0.49 -1.00 -1.00 -1.00 
 -1.00 -1.00 -1.00 -1.00 0.28 1.00 1.00 1.00 1.00 -0.42 -1.00 0.70 1.00 1.00 1.00 0.80 -0.98 -1.00 -1.00 -1.00 
 -1.00 -1.00 -1.00 -1.00 -0.42 1.00 1.00 1.00 1.00 0.17 -0.74 1.00 1.00 1.00 1.00 0.13 -1.00 -1.00 -1.00 -1.00 
 -1.00 -1.00 -1.00 -1.00 -0.96 0.84 1.00 1.00 1.00 0.76 -0.19 1.00 1.00 1.00 1.00 -0.56 -1.00 -1.00 -1.00 -1.00 
 -1.00 -1.00 -1.00 -1.00 -1.00 0.18 1.00 1.00 1.00 1.00 0.68 1.00 1.00 1.00 0.75 -0.99 -1.00 -1.00 -1.00 -1.00 
 -1.00 -1.00 -1.00 -1.00 -1.00 -0.51 1.00 1.00 1.00 1.00 1.00 1.00 1.00 1.00 0.07 -1.00 -1.00 -1.00 -1.00 -1.00 
 -1.00 -1.00 -1.00 -1.00 -1.00 -0.98 0.77 1.00 1.00 1.00 1.00 1.00 1.00 1.00 -0.62 -1.00 -1.00 -1.00 -1.00 -1.00 
 -1.00 -1.00 -1.00 -1.00 -1.00 -1.00 0.08 1.00 1.00 1.00 1.00 1.00 1.00 0.69 -0.99 -1.00 -1.00 -1.00 -1.00 -1.00 
 -1.00 -1.00 -1.00 -1.00 -1.00 -1.00 -0.62 1.00 1.00 1.00 1.00 1.00 1.00 0.00 -1.00 -1.00 -1.00 -1.00 -1.00 -1.00 
 -1.00 -1.00 -1.00 -1.00 -1.00 -1.00 -0.99 0.69 1.00 1.00 1.00 1.00 1.00 -0.69 -1.00 -1.00 -1.00 -1.00 -1.00 -1.00 
 