-1.00 -1.00 -1.00 -0.98 -0.37 0.25 0.44 0.19 -0.59 -1.00 -1.00 -1.00 -1.00 -1.00 -1.00 -1.00 -0.98 0.00 0.36 -0.68 
 -1.00 -1.00 -0.84 0.50 1.00 1.00 1.00 1.00 0.98 -0.28 -1.00 -1.00 -1.00 -1.00 -1.00 -1.00 -0.42 1.00 1.00 0.47 
 -1.00 -0.89 0.65 1.00 1.00 1.00 0.97 1.00 1.00 0.90 -0.88 -1.00 -1.00 -1.00 -1.00 -1.00 -0.57 1.00 1.00 0.92 
 -1.00 0.26 1.00 1.00 0.79 -0.52 -0.95 0.65 1.00 1.00 -0.44 -1.00 -1.00 -1.00 -1.00 -1.00 -0.93 1.00 1.00 1.00 
 -0.56 1.00 1.00 0.97 -0.61 -1.00 -1.00 0.59 1.00 1.00 -0.40 -1.00 -1.00 -1.00 -1.00 -1.00 -0.82 1.00 1.00 0.95 
 0.33 1.00 1.00 0.22 -1.00 -1.00 -0.73 1.00 1.00 0.98 -0.81 -1.00 -1.00 -1.00 -1.00 -1.00 -0.52 1.00 1.00 0.70 
 0.90 1.00 1.00 -0.58 -1.00 -1.00 0.01 1.00 1.00 0.44 -1.00 -1.00 -1.00 -1.00 -1.00 -1.00 -0.16 1.00 1.00 0.37 
 0.53 1.00 0.58 -0.99 -1.00 -0.99 0.73 1.00 1.00 -0.31 -1.00 -1.00 -1.00 -1.00 -1.00 -1.00 0.25 1.00 1.00 -0.01 
 -0.98 -0.82 -0.98 -1.00 -1.00 -0.55 1.00 1.00 0.89 -0.93 -1.00 -1.00 -1.00 -1.00 -1.00 -1.00 0.71 1.00 1.00 -0.45 
 -1.00 -1.00 -1.00 -1.00 -1.00 0.12 1.00 1.00 0.25 -1.00 -1.00 -1.00 -1.00 -1.00 -1.00 -0.77 1.00 1.00 0.95 -0.91 
 -1.00 -1.00 -1.00 -1.00 -0.99 0.75 1.00 1.00 -0.42 -1.00 -1.00 -1.00 -1.00 -1.00 -1.00 -0.19 1.00 1.00 0.47 -1.00 
 -1.00 -1.00 -1.00 -1.00 -0.72 1.00 1.00 0.92 -0.94 -1.00 -1.00 -1.00 -1.00 -1.00 -1.00 0.46 1.00 1.00 -0.17 -1.00 
 -1.00 -1.00 -1.00 -1.00 -0.31 1.00 1.00 0.49 -1.00 -1.00 -1.00 -1.00 -1.00 -1.00 -0.76 0.98 1.00 0.95 -0.84 -1.00 
 -1.00 -1.00 -1.00 -1.00 -0.08 1.00 1.00 0.19 -1.00 -1.00 -1.00 -1.00 -1.00 -1.00 0.09 1.00 1.00 0.29 -1.00 -1.00 
 -1.00 -1.00 -1.00 -1.00 -0.07 1.00 1.00 0.18 -1.00 -1.00 -1.00 -1.00 -1.00 -0.77 0.92 1.00 0.99 -0.63 -1.00 -1.00 
 -1.00 -1.00 -1.00 -1.00 -0.35 1.00 1.00 0.66 -0.98 -1.00 -1.00 -1.00 -0.96 0.47 1.00 1.00 0.26 -1.00 -1.00 -1.00 
 -1.00 -1.00 -1.00 -1.00 -0.88 0.91 1.00 1.00 0.21 -0.80 -1.00 -0.75 0.42 1.00 1.00 0.80 -0.84 -1.00 -1.00 -1.00 
 -1.00 -1.00 -1.00 -1.00 -1.00 -0.11 1.00 1.00 1.00 1.00 0.92 1.00 1.00 1.00 0.91 -0.55 -1.00 -1.00 -1.00 -1.00 
 -1.00 -1.00 -1.00 -1.00 -1.00 -0.99 -0.05 0.95 1.00 1.00 1.00 1.00 1.00 0.75 -0.58 -1.00 -1.00 -1.00 -1.00 -1.00 
 -1.00 -1.00 -1.00 -1.00 -1.00 -1.00 -1.00 -0.76 -0.06 0.35 0.48 0.33 -0.21 -0.92 -1.00 -1.00 -1.00 -1.00 -1.00 -1.00 
 