-1.00 -0.98 -0.76 -0.40 -0.03 0.39 0.87 -0.29 -1.00 -1.00 -1.00 -1.00 -1.00 -1.00 -0.99 0.34 0.97 0.51 -0.78 -1.00 
 -1.00 0.00 0.29 0.63 1.00 1.00 1.00 0.22 -1.00 -1.00 -1.00 -1.00 -1.00 -1.00 -0.80 1.00 1.00 1.00 0.44 -1.00 
 -1.00 -1.00 -1.00 -0.98 0.47 1.00 1.00 0.64 -1.00 -1.00 -1.00 -1.00 -1.00 -1.00 -0.98 0.67 1.00 1.00 0.93 -1.00 
 -1.00 -1.00 -1.00 -1.00 -0.37 1.00 1.00 0.96 -0.93 -1.00 -1.00 -1.00 -1.00 -1.00 -1.00 -0.73 0.76 1.00 0.76 -1.00 
 -1.00 -1.00 -1.00 -1.00 -0.85 1.00 1.00 1.00 -0.58 -1.00 -1.00 -1.00 -1.00 -1.00 -1.00 -1.00 -0.32 1.00 0.29 -1.00 
 -1.00 -1.00 -1.00 -1.00 -1.00 0.76 1.00 1.00 -0.24 -1.00 -1.00 -1.00 -1.00 -1.00 -1.00 -1.00 -0.23 1.00 -0.40 -1.00 
 -1.00 -1.00 -1.00 -1.00 -1.00 0.45 1.00 1.00 0.08 -1.00 -1.00 -1.00 -1.00 -1.00 -1.00 -1.00 0.39 0.74 -0.97 -1.00 
 -1.00 -1.00 -1.00 -1.00 -1.00 0.18 1.00 1.00 0.36 -1.00 -1.00 -1.00 -1.00 -1.00 -1.00 -0.73 0.98 -0.23 -1.00 -1.00 
 -1.00 -1.00 -1.00 -1.00 -1.00 -0.04 1.00 1.00 0.61 -1.00 -1.00 -1.00 -1.00 -1.00 -1.00 0.25 0.60 -0.98 -1.00 -1.00 
 -1.00 -1.00 -1.00 -1.00 -1.00 -0.25 1.00 1.00 0.82 -1.00 -1.00 -1.00 -1.00 -1.00 -0.58 0.92 -0.65 -1.00 -1.00 -1.00 
 -1.00 -1.00 -1.00 -1.00 -1.00 -0.44 1.00 1.00 0.98 -0.98 -1.00 -1.00 -1.00 -0.96 0.62 -0.17 -1.00 -1.00 -1.00 -1.00 
 -1.00 -1.00 -1.00 -1.00 -1.00 -0.62 1.00 1.00 1.00 -0.84 -1.00 -1.00 -1.00 0.02 0.35 -0.99 -1.00 -1.00 -1.00 -1.00 
 -1.00 -1.00 -1.00 -1.00 -1.00 -0.80 1.00 1.00 1.00 -0.70 -1.00 -1.00 -0.47 0.70 -0.87 -1.00 -1.00 -1.00 -1.00 -1.00 
 -1.00 -1.00 -1.00 -1.00 -1.00 -0.94 1.00 1.00 1.00 -0.58 -1.00 -0.73 0.76 -0.63 -1.00 -1.00 -1.00 -1.00 -1.00 -1.00 
 -1.00 -1.00 -1.00 -1.00 -1.00 -1.00 0.91 1.00 1.00 -0.46 -0.84 0.69 -0.29 -1.00 -1.00 -1.00 -1.00 -1.00 -1.00 -1.00 
 -1.00 -1.00 -1.00 -1.00 -1.00 -1.00 0.78 1.00 1.00 -0.22 0.62 0.08 -1.00 -1.00 -1.00 -1.00 -1.00 -1.00 -1.00 -1.00 
 -1.00 -1.00 -1.00 -1.00 -1.00 -1.00 0.67 1.00 1.00 0.92 0.38 -0.98 -1.00 -1.00 -1.00 -1.00 -1.00 -1.00 -1.00 -1.00 
 -1.00 -1.00 -1.00 -1.00 -1.00 -1.00 0.58 1.00 1.00 0.55 -0.91 -1.00 -1.00 -1.00 -1.00 -1.00 -1.00 -1.00 -1.00 -1.00 
 -1.00 -1.00 -1.00 -1.00 -1.00 -1.00 0.54 1.00 0.61 -0.86 -1.00 -1.00 -1.00 -1.00 -1.00 -1.00 -1.00 -1.00 -1.00 -1.00 
 -1.00 -1.00 -1.00 -1.00 -1.00 -1.00 0.46 0.47 -0.87 -1.00 -1.00 -1.00 -1.00 -1.00 -1.00 -1.00 -1.00 -1.00 -1.00 -1.00 
 