0.59 0.55 0.55 0.55 0.55 0.56 -0.13 -1.00 -1.00 -1.00 -1.00 -1.00 -1.00 -1.00 -0.79 0.58 0.55 0.55 0.55 0.57 
 -0.56 -0.37 0.63 1.00 0.88 -0.30 -0.76 -1.00 -1.00 -1.00 -1.00 -1.00 -1.00 -1.00 -0.94 -0.18 0.98 1.00 0.30 -0.44 
 -1.00 -1.00 -0.64 1.00 0.64 -1.00 -1.00 -1.00 -1.00 -1.00 -1.00 -1.00 -1.00 -1.00 -1.00 -1.00 0.51 0.06 -1.00 -1.00 
 -1.00 -1.00 -1.00 0.54 1.00 -0.65 -1.00 -1.00 -1.00 -1.00 -1.00 -1.00 -1.00 -1.00 -1.00 -1.00 0.36 -0.95 -1.00 -1.00 
 -1.00 -1.00 -1.00 -0.25 1.00 0.14 -1.00 -1.00 -1.00 -1.00 -1.00 -1.00 -1.00 -1.00 -1.00 -0.69 -0.05 -1.00 -1.00 -1.00 
 -1.00 -1.00 -1.00 -0.91 0.87 0.86 -0.93 -1.00 -1.00 -1.00 -1.00 -1.00 -1.00 -1.00 -1.00 0.07 -0.80 -1.00 -1.00 -1.00 
 -1.00 -1.00 -1.00 -1.00 0.16 1.00 -0.28 -1.00 -1.00 -1.00 -1.00 -1.00 -1.00 -1.00 -0.95 0.22 -1.00 -1.00 -1.00 -1.00 
 -1.00 -1.00 -1.00 -1.00 -0.64 1.00 0.52 -1.00 -1.00 -1.00 -1.00 -1.00 -1.00 -1.00 -0.31 -0.43 -1.00 -1.00 -1.00 -1.00 
 -1.00 -1.00 -1.00 -1.00 -1.00 0.58 1.00 -0.69 -1.00 -1.00 -1.00 -1.00 -1.00 -1.00 0.24 -0.98 -1.00 -1.00 -1.00 -1.00 
 -1.00 -1.00 -1.00 -1.00 -1.00 -0.23 1.00 0.11 -1.00 -1.00 -1.00 -1.00 -1.00 -0.71 -0.03 -1.00 -1.00 -1.00 -1.00 -1.00 
 -1.00 -1.00 -1.00 -1.00 -1.00 -0.91 0.89 0.84 -0.94 -1.00 -1.00 -1.00 -1.00 0.04 -0.78 -1.00 -1.00 -1.00 -1.00 -1.00 
 -1.00 -1.00 -1.00 -1.00 -1.00 -1.00 0.18 1.00 -0.30 -1.00 -1.00 -1.00 -0.95 0.21 -1.00 -1.00 -1.00 -1.00 -1.00 -1.00 
 -1.00 -1.00 -1.00 -1.00 -1.00 -1.00 -0.61 1.00 0.49 -1.00 -1.00 -1.00 -0.34 -0.40 -1.00 -1.00 -1.00 -1.00 -1.00 -1.00 
 -1.00 -1.00 -1.00 -1.00 -1.00 -1.00 -0.99 0.59 0.99 -0.71 -1.00 -1.00 0.23 -0.97 -1.00 -1.00 -1.00 -1.00 -1.00 -1.00 
 -1.00 -1.00 -1.00 -1.00 -1.00 -1.00 -1.00 -0.20 1.00 0.08 -1.00 -0.74 0.00 -1.00 -1.00 -1.00 -1.00 -1.00 -1.00 -1.00 
 -1.00 -1.00 -1.00 -1.00 -1.00 -1.00 -1.00 -0.89 0.91 0.83 -0.95 0.02 -0.76 -1.00 -1.00 -1.00 -1.00 -1.00 -1.00 -1.00 
 -1.00 -1.00 -1.00 -1.00 -1.00 -1.00 -1.00 -1.00 0.22 1.00 -0.29 0.22 -1.00 -1.00 -1.00 -1.00 -1.00 -1.00 -1.00 -1.00 
 -1.00 -1.00 -1.00 -1.00 -1.00 -1.00 -1.00 -1.00 -0.58 1.00 0.84 -0.37 -1.00 -1.00 -1.00 -1.00 -1.00 -1.00 -1.00 -1.00 
 -1.00 -1.00 -1.00 -1.00 -1.00 -1.00 -1.00 -1.00 -0.99 0.62 0.80 -0.96 -1.00 -1.00 -1.00 -1.00 -1.00 -1.00 -1.00 -1.00 
 -1.00 -1.00 -1.00 -1.00 -1.00 -1.00 -1.00 -1.00 -1.00 -0.23 -0.04 -1.00 -1.00 -1.00 -1.00 -1.00 -1.00 -1.00 -1.00 -1.00 
 