-0.96 0.97 1.00 1.00 0.07 -1.00 -1.00 -1.00 -1.00 -1.00 -1.00 -1.00 -1.00 -1.00 -1.00 0.14 1.00 1.00 0.79 -0.91 
 -1.00 0.73 1.00 1.00 0.30 -1.00 -1.00 -1.00 -1.00 -1.00 -1.00 -1.00 -1.00 -1.00 -0.67 0.97 1.00 1.00 -0.30 -1.00 
 -1.00 0.44 1.00 1.00 0.54 -1.00 -1.00 -1.00 -1.00 -1.00 -1.00 -1.00 -1.00 -0.99 0.45 1.00 1.00 0.51 -0.99 -1.00 
 -1.00 0.16 1.00 1.00 0.76 -1.00 -1.00 -1.00 -1.00 -1.00 -1.00 -1.00 -1.00 -0.40 1.00 1.00 0.97 -0.65 -1.00 -1.00 
 -1.00 -0.12 1.00 1.00 0.97 -0.97 -1.00 -1.00 -1.00 -1.00 -1.00 -1.00 -0.95 0.71 1.00 1.00 0.14 -1.00 -1.00 -1.00 
 -1.00 -0.40 1.00 1.00 1.00 -0.77 -1.00 -1.00 -1.00 -1.00 -1.00 -1.00 -0.08 1.00 1.00 0.83 -0.87 -1.00 -1.00 -1.00 
 -1.00 -0.69 1.00 1.00 1.00 -0.54 -1.00 -1.00 -1.00 -1.00 -1.00 -0.82 0.89 1.00 1.00 -0.24 -1.00 -1.00 -1.00 -1.00 
 -1.00 -0.95 0.98 1.00 1.00 -0.30 -1.00 -1.00 -1.00 -1.00 -1.00 0.22 1.00 1.00 0.57 -0.98 -1.00 -1.00 -1.00 -1.00 
 -1.00 -1.00 0.75 1.00 1.00 -0.07 -1.00 -1.00 -1.00 -1.00 -0.60 0.98 1.00 0.98 -0.59 -1.00 -1.00 -1.00 -1.00 -1.00 
 -1.00 -1.00 0.47 1.00 1.00 0.16 -1.00 -1.00 -1.00 -0.99 0.53 1.00 1.00 0.21 -1.00 -1.00 -1.00 -1.00 -1.00 -1.00 
 -1.00 -1.00 0.18 1.00 1.00 0.39 -1.00 -1.00 -1.00 -0.31 1.00 1.00 0.86 -0.84 -1.00 -1.00 -1.00 -1.00 -1.00 -1.00 
 -1.00 -1.00 -0.10 1.00 1.00 0.62 -1.00 -1.00 -0.92 0.77 1.00 1.00 -0.17 -1.00 -1.00 -1.00 -1.00 -1.00 -1.00 -1.00 
 -1.00 -1.00 -0.38 1.00 1.00 0.86 -1.00 -1.00 0.00 1.00 1.00 0.62 -0.98 -1.00 -1.00 -1.00 -1.00 -1.00 -1.00 -1.00 
 -1.00 -1.00 -0.66 1.00 1.00 1.00 -0.91 -0.76 0.93 1.00 0.99 -0.53 -1.00 -1.00 -1.00 -1.00 -1.00 -1.00 -1.00 -1.00 
 -1.00 -1.00 -0.93 0.99 1.00 1.00 -0.68 0.32 1.00 1.00 0.27 -1.00 -1.00 -1.00 -1.00 -1.00 -1.00 -1.00 -1.00 -1.00 
 -1.00 -1.00 -1.00 0.77 1.00 1.00 0.03 1.00 1.00 0.89 -0.80 -1.00 -1.00 -1.00 -1.00 -1.00 -1.00 -1.00 -1.00 -1.00 
 -1.00 -1.00 -1.00 0.49 1.00 1.00 0.98 1.00 1.00 -0.10 -1.00 -1.00 -1.00 -1.00 -1.00 -1.00 -1.00 -1.00 -1.00 -1.00 
 -1.00 -1.00 -1.00 0.21 1.00 1.00 1.00 1.00 0.68 -0.95 -1.00 -1.00 -1.00 -1.00 -1.00 -1.00 -1.00 -1.00 -1.00 -1.00 
 -1.00 -1.00 -1.00 -0.07 1.00 1.00 1.00 1.00 -0.47 -1.00 -1.00 -1.00 -1.00 -1.00 -1.00 -1.00 -1.00 -1.00 -1.00 -1.00 
 -1.00 -1.00 -1.00 -0.36 1.00 1.00 1.00 0.34 -1.00 -1.00 -1.00 -1.00 -1.00 -1.00 -1.00 -1.00 -1.00 -1.00 -1.00 -1.00 
 