0.00 0.00 0.00 0.00 0.00 0.00 0.04 0.11 0.00 0.00 0.00 0.00 0.00 0.00 0.00 0.00 0.00 0.05 0.58 0.80 
 0.00 0.00 0.00 0.00 0.05 0.32 0.85 0.84 0.00 0.00 0.00 0.00 0.00 0.00 0.00 0.00 0.05 0.69 1.00 1.00 
 0.00 0.00 0.06 0.49 0.89 1.00 1.00 0.73 0.00 0.00 0.00 0.00 0.00 0.00 0.00 0.00 0.19 0.98 1.00 1.00 
 0.02 0.38 0.89 1.00 1.00 1.00 1.00 0.72 0.00 0.00 0.00 0.00 0.00 0.00 0.00 0.00 0.00 0.24 1.00 1.00 
 0.40 1.00 1.00 0.80 0.85 1.00 1.00 0.72 0.00 0.00 0.00 0.00 0.00 0.00 0.00 0.00 0.00 0.30 1.00 0.91 
 0.24 0.71 0.55 0.16 0.60 1.00 1.00 0.71 0.00 0.00 0.00 0.00 0.00 0.00 0.00 0.00 0.02 0.69 1.00 0.51 
 0.00 0.00 0.00 0.00 0.64 1.00 1.00 0.56 0.00 0.00 0.00 0.00 0.00 0.00 0.00 0.00 0.11 1.00 0.90 0.07 
 0.00 0.00 0.00 0.00 0.49 1.00 1.00 0.84 0.00 0.00 0.00 0.00 0.00 0.00 0.00 0.00 0.22 0.96 0.25 0.00 
 0.00 0.00 0.00 0.00 0.20 0.93 1.00 0.87 0.00 0.00 0.00 0.00 0.00 0.00 0.00 0.21 0.96 0.65 0.00 0.00 
 0.00 0.00 0.00 0.00 0.00 0.60 1.00 0.99 0.11 0.00 0.00 0.00 0.00 0.00 0.07 0.82 0.95 0.19 0.00 0.00 
 0.00 0.00 0.00 0.00 0.00 0.46 1.00 1.00 0.30 0.00 0.00 0.00 0.00 0.00 0.60 0.96 0.36 0.00 0.00 0.00 
 0.00 0.00 0.00 0.00 0.00 0.36 1.00 1.00 0.77 0.00 0.00 0.00 0.00 0.37 0.98 0.56 0.00 0.00 0.00 0.00 
 0.00 0.00 0.00 0.00 0.00 0.21 1.00 1.00 0.94 0.11 0.00 0.00 0.29 0.99 0.74 0.02 0.00 0.00 0.00 0.00 
 0.00 0.00 0.00 0.00 0.00 0.05 0.93 1.00 1.00 0.49 0.00 0.19 0.96 0.60 0.04 0.00 0.00 0.00 0.00 0.00 
 0.00 0.00 0.00 0.00 0.00 0.02 0.80 1.00 1.00 0.63 0.10 0.82 0.73 0.02 0.00 0.00 0.00 0.00 0.00 0.00 
 0.00 0.00 0.00 0.00 0.00 0.11 1.00 1.00 1.00 0.85 0.93 0.88 0.14 0.00 0.00 0.00 0.00 0.00 0.00 0.00 
 0.00 0.00 0.00 0.00 0.00 0.09 0.95 1.00 1.00 1.00 0.99 0.27 0.00 0.00 0.00 0.00 0.00 0.00 0.00 0.00 
 0.00 0.00 0.00 0.00 0.00 0.00 0.76 1.00 1.00 1.00 0.49 0.00 0.00 0.00 0.00 0.00 0.00 0.00 0.00 0.00 
 0.00 0.00 0.00 0.00 0.00 0.00 0.42 1.00 1.00 1.00 0.42 0.00 0.00 0.00 0.00 0.00 0.00 0.00 0.00 0.00 
 0.00 0.00 0.00 0.00 0.00 0.00 0.29 1.00 1.00 0.64 0.13 0.00 0.00 0.00 0.00 0.00 0.00 0.00 0.00 0.00 
 