0.00 0.00 0.05 0.67 0.67 0.04 0.00 0.00 0.00 0.00 0.00 0.00 0.00 0.00 0.06 0.78 0.89 0.13 0.00 0.00 
 0.00 0.00 0.26 1.00 1.00 0.29 0.00 0.00 0.00 0.00 0.00 0.00 0.00 0.00 0.55 1.00 1.00 0.31 0.00 0.00 
 0.00 0.00 0.13 1.00 1.00 0.51 0.00 0.00 0.00 0.00 0.00 0.00 0.00 0.09 0.96 1.00 0.81 0.02 0.00 0.00 
 0.00 0.00 0.03 0.89 1.00 0.74 0.00 0.00 0.00 0.00 0.00 0.00 0.00 0.43 1.00 0.99 0.29 0.00 0.00 0.00 
 0.00 0.00 0.00 0.62 1.00 0.95 0.04 0.00 0.00 0.00 0.00 0.00 0.01 0.79 1.00 0.83 0.00 0.00 0.00 0.00 
 0.00 0.00 0.00 0.34 1.00 1.00 0.30 0.00 0.00 0.00 0.00 0.00 0.15 1.00 1.00 0.51 0.00 0.00 0.00 0.00 
 0.00 0.00 0.00 0.09 0.98 1.00 0.59 0.00 0.00 0.00 0.00 0.00 0.47 1.00 0.99 0.18 0.00 0.00 0.00 0.00 
 0.00 0.00 0.00 0.00 0.76 1.00 0.85 0.00 0.00 0.00 0.00 0.02 0.84 1.00 0.81 0.00 0.00 0.00 0.00 0.00 
 0.00 0.00 0.00 0.00 0.48 1.00 0.98 0.13 0.00 0.00 0.00 0.21 1.00 1.00 0.45 0.00 0.00 0.00 0.00 0.00 
 0.00 0.00 0.00 0.00 0.22 1.00 1.00 0.40 0.00 0.00 0.00 0.56 1.00 0.97 0.10 0.00 0.00 0.00 0.00 0.00 
 0.00 0.00 0.00 0.00 0.04 0.94 1.00 0.68 0.00 0.00 0.04 0.91 1.00 0.72 0.00 0.00 0.00 0.00 0.00 0.00 
 0.00 0.00 0.00 0.00 0.00 0.66 1.00 0.91 0.02 0.00 0.30 1.00 1.00 0.36 0.00 0.00 0.00 0.00 0.00 0.00 
 0.00 0.00 0.00 0.00 0.00 0.38 1.00 1.00 0.26 0.00 0.66 1.00 0.93 0.04 0.00 0.00 0.00 0.00 0.00 0.00 
 0.00 0.00 0.00 0.00 0.00 0.12 0.99 1.00 0.56 0.09 0.97 1.00 0.62 0.00 0.00 0.00 0.00 0.00 0.00 0.00 
 0.00 0.00 0.00 0.00 0.00 0.00 0.79 1.00 0.86 0.41 1.00 1.00 0.26 0.00 0.00 0.00 0.00 0.00 0.00 0.00 
 0.00 0.00 0.00 0.00 0.00 0.00 0.45 1.00 1.00 0.90 1.00 0.86 0.01 0.00 0.00 0.00 0.00 0.00 0.00 0.00 
 0.00 0.00 0.00 0.00 0.00 0.00 0.16 0.99 1.00 1.00 1.00 0.51 0.00 0.00 0.00 0.00 0.00 0.00 0.00 0.00 
 0.00 0.00 0.00 0.00 0.00 0.00 0.00 0.78 1.00 1.00 0.97 0.13 0.00 0.00 0.00 0.00 0.00 0.00 0.00 0.00 
 0.00 0.00 0.00 0.00 0.00 0.00 0.00 0.41 1.00 1.00 0.66 0.00 0.00 0.00 0.00 0.00 0.00 0.00 0.00 0.00 
 0.00 0.00 0.00 0.00 0.00 0.00 0.00 0.07 0.87 0.95 0.18 0.00 0.00 0.00 0.00 0.00 0.00 0.00 0.00 0.00 
 