0.90 0.94 0.89 0.89 0.89 0.89 0.85 0.89 0.19 0.00 0.00 0.00 0.00 0.00 0.19 0.94 0.93 0.89 0.89 0.89 
 0.03 0.24 0.95 1.00 1.00 0.64 0.04 0.00 0.00 0.00 0.00 0.00 0.00 0.00 0.00 0.05 0.15 0.62 1.00 0.79 
 0.00 0.00 0.56 1.00 1.00 0.76 0.00 0.00 0.00 0.00 0.00 0.00 0.00 0.00 0.00 0.00 0.00 0.61 0.99 0.30 
 0.00 0.00 0.16 0.99 1.00 0.95 0.09 0.00 0.00 0.00 0.00 0.00 0.00 0.00 0.00 0.00 0.04 0.89 0.80 0.00 
 0.00 0.00 0.00 0.73 1.00 1.00 0.44 0.00 0.00 0.00 0.00 0.00 0.00 0.00 0.00 0.00 0.26 1.00 0.42 0.00 
 0.00 0.00 0.00 0.33 1.00 1.00 0.78 0.00 0.00 0.00 0.00 0.00 0.00 0.00 0.00 0.00 0.60 0.93 0.06 0.00 
 0.00 0.00 0.00 0.05 0.89 1.00 0.98 0.19 0.00 0.00 0.00 0.00 0.00 0.00 0.00 0.07 0.94 0.60 0.00 0.00 
 0.00 0.00 0.00 0.00 0.51 1.00 1.00 0.58 0.00 0.00 0.00 0.00 0.00 0.00 0.00 0.35 0.99 0.20 0.00 0.00 
 0.00 0.00 0.00 0.00 0.15 0.99 1.00 0.91 0.05 0.00 0.00 0.00 0.00 0.00 0.02 0.74 0.78 0.00 0.00 0.00 
 0.00 0.00 0.00 0.00 0.00 0.71 1.00 1.00 0.38 0.00 0.00 0.00 0.00 0.00 0.18 1.00 0.37 0.00 0.00 0.00 
 0.00 0.00 0.00 0.00 0.00 0.29 1.00 1.00 0.77 0.00 0.00 0.00 0.00 0.00 0.55 0.91 0.04 0.00 0.00 0.00 
 0.00 0.00 0.00 0.00 0.00 0.04 0.88 1.00 0.98 0.19 0.00 0.00 0.00 0.05 0.91 0.56 0.00 0.00 0.00 0.00 
 0.00 0.00 0.00 0.00 0.00 0.00 0.48 1.00 1.00 0.58 0.00 0.00 0.00 0.33 0.98 0.16 0.00 0.00 0.00 0.00 
 0.00 0.00 0.00 0.00 0.00 0.00 0.13 0.98 1.00 0.91 0.05 0.00 0.02 0.74 0.76 0.00 0.00 0.00 0.00 0.00 
 0.00 0.00 0.00 0.00 0.00 0.00 0.00 0.67 1.00 1.00 0.37 0.00 0.18 1.00 0.33 0.00 0.00 0.00 0.00 0.00 
 0.00 0.00 0.00 0.00 0.00 0.00 0.00 0.27 1.00 1.00 0.76 0.00 0.55 0.88 0.03 0.00 0.00 0.00 0.00 0.00 
 0.00 0.00 0.00 0.00 0.00 0.00 0.00 0.04 0.87 1.00 0.98 0.21 0.91 0.52 0.00 0.00 0.00 0.00 0.00 0.00 
 0.00 0.00 0.00 0.00 0.00 0.00 0.00 0.00 0.47 1.00 1.00 0.83 0.96 0.14 0.00 0.00 0.00 0.00 0.00 0.00 
 0.00 0.00 0.00 0.00 0.00 0.00 0.00 0.00 0.14 0.99 1.00 1.00 0.73 0.00 0.00 0.00 0.00 0.00 0.00 0.00 
 0.00 0.00 0.00 0.00 0.00 0.00 0.00 0.00 0.00 0.73 1.00 1.00 0.36 0.00 0.00 0.00 0.00 0.00 0.00 0.00 
 