0.66 0.75 0.75 0.75 0.75 0.75 0.71 0.11 0.00 0.00 0.00 0.00 0.00 0.47 0.75 0.75 0.75 0.75 0.75 0.75 
 0.52 0.63 0.94 0.88 0.63 0.63 0.58 0.08 0.00 0.00 0.00 0.00 0.00 0.36 0.63 0.63 0.69 1.00 0.75 0.63 
 0.00 0.00 0.60 0.86 0.02 0.00 0.00 0.00 0.00 0.00 0.00 0.00 0.00 0.00 0.00 0.00 0.41 0.96 0.11 0.00 
 0.00 0.00 0.22 1.00 0.28 0.00 0.00 0.00 0.00 0.00 0.00 0.00 0.00 0.00 0.00 0.02 0.78 0.72 0.00 0.00 
 0.00 0.00 0.02 0.82 0.66 0.00 0.00 0.00 0.00 0.00 0.00 0.00 0.00 0.00 0.00 0.19 1.00 0.33 0.00 0.00 
 0.00 0.00 0.00 0.42 0.94 0.08 0.00 0.00 0.00 0.00 0.00 0.00 0.00 0.00 0.00 0.55 0.89 0.03 0.00 0.00 
 0.00 0.00 0.00 0.11 0.97 0.44 0.00 0.00 0.00 0.00 0.00 0.00 0.00 0.00 0.06 0.91 0.58 0.00 0.00 0.00 
 0.00 0.00 0.00 0.00 0.64 0.80 0.00 0.00 0.00 0.00 0.00 0.00 0.00 0.00 0.31 0.99 0.19 0.00 0.00 0.00 
 0.00 0.00 0.00 0.00 0.25 0.99 0.22 0.00 0.00 0.00 0.00 0.00 0.00 0.00 0.69 0.78 0.00 0.00 0.00 0.00 
 0.00 0.00 0.00 0.00 0.05 0.86 0.61 0.00 0.00 0.00 0.00 0.00 0.00 0.14 0.99 0.42 0.00 0.00 0.00 0.00 
 0.00 0.00 0.00 0.00 0.00 0.47 0.91 0.05 0.00 0.00 0.00 0.00 0.00 0.45 0.94 0.08 0.00 0.00 0.00 0.00 
 0.00 0.00 0.00 0.00 0.00 0.14 0.99 0.39 0.00 0.00 0.00 0.00 0.03 0.85 0.66 0.00 0.00 0.00 0.00 0.00 
 0.00 0.00 0.00 0.00 0.00 0.00 0.71 0.77 0.00 0.00 0.00 0.00 0.24 0.99 0.27 0.00 0.00 0.00 0.00 0.00 
 0.00 0.00 0.00 0.00 0.00 0.00 0.31 0.97 0.16 0.00 0.00 0.00 0.61 0.83 0.00 0.00 0.00 0.00 0.00 0.00 
 0.00 0.00 0.00 0.00 0.00 0.00 0.06 0.91 0.55 0.00 0.00 0.09 0.96 0.50 0.00 0.00 0.00 0.00 0.00 0.00 
 0.00 0.00 0.00 0.00 0.00 0.00 0.00 0.53 0.86 0.02 0.00 0.39 0.96 0.13 0.00 0.00 0.00 0.00 0.00 0.00 
 0.00 0.00 0.00 0.00 0.00 0.00 0.00 0.17 0.99 0.33 0.02 0.77 0.74 0.00 0.00 0.00 0.00 0.00 0.00 0.00 
 0.00 0.00 0.00 0.00 0.00 0.00 0.00 0.00 0.74 0.71 0.19 1.00 0.35 0.00 0.00 0.00 0.00 0.00 0.00 0.00 
 0.00 0.00 0.00 0.00 0.00 0.00 0.00 0.00 0.36 0.96 0.64 0.89 0.03 0.00 0.00 0.00 0.00 0.00 0.00 0.00 
 0.00 0.00 0.00 0.00 0.00 0.00 0.00 0.00 0.08 0.94 1.00 0.60 0.00 0.00 0.00 0.00 0.00 0.00 0.00 0.00 
 