0.00 0.53 1.00 0.94 0.06 0.00 0.00 0.00 0.00 0.00 0.00 0.00 0.00 0.00 0.00 0.02 0.82 1.00 0.76 0.00 
 0.00 0.18 0.99 1.00 0.40 0.00 0.00 0.00 0.00 0.00 0.00 0.00 0.00 0.00 0.00 0.20 1.00 1.00 0.37 0.00 
 0.00 0.00 0.77 1.00 0.77 0.00 0.00 0.00 0.00 0.00 0.00 0.00 0.00 0.00 0.00 0.56 1.00 0.91 0.04 0.00 
 0.00 0.00 0.40 1.00 0.96 0.14 0.00 0.00 0.00 0.00 0.00 0.00 0.00 0.00 0.05 0.91 1.00 0.61 0.00 0.00 
 0.00 0.00 0.09 0.95 1.00 0.51 0.00 0.00 0.00 0.00 0.00 0.00 0.00 0.00 0.30 1.00 0.99 0.22 0.00 0.00 
 0.00 0.00 0.00 0.63 1.00 0.85 0.02 0.00 0.00 0.00 0.00 0.00 0.00 0.00 0.67 1.00 0.82 0.00 0.00 0.00 
 0.00 0.00 0.00 0.25 1.00 1.00 0.25 0.00 0.00 0.00 0.00 0.00 0.00 0.10 0.98 1.00 0.46 0.00 0.00 0.00 
 0.00 0.00 0.00 0.04 0.87 1.00 0.62 0.00 0.00 0.00 0.00 0.00 0.00 0.41 1.00 0.95 0.10 0.00 0.00 0.00 
 0.00 0.00 0.00 0.00 0.48 1.00 0.91 0.05 0.00 0.00 0.00 0.00 0.02 0.78 1.00 0.69 0.00 0.00 0.00 0.00 
 0.00 0.00 0.00 0.00 0.14 0.99 1.00 0.36 0.00 0.00 0.00 0.00 0.18 1.00 1.00 0.32 0.00 0.00 0.00 0.00 
 0.00 0.00 0.00 0.00 0.00 0.73 1.00 0.73 0.00 0.00 0.00 0.00 0.53 1.00 0.89 0.03 0.00 0.00 0.00 0.00 
 0.00 0.00 0.00 0.00 0.00 0.33 1.00 0.96 0.13 0.00 0.00 0.04 0.89 1.00 0.56 0.00 0.00 0.00 0.00 0.00 
 0.00 0.00 0.00 0.00 0.00 0.06 0.94 1.00 0.47 0.00 0.00 0.26 1.00 0.98 0.18 0.00 0.00 0.00 0.00 0.00 
 0.00 0.00 0.00 0.00 0.00 0.00 0.57 1.00 0.80 0.00 0.00 0.60 1.00 0.78 0.00 0.00 0.00 0.00 0.00 0.00 
 0.00 0.00 0.00 0.00 0.00 0.00 0.21 1.00 0.99 0.19 0.06 0.94 1.00 0.42 0.00 0.00 0.00 0.00 0.00 0.00 
 0.00 0.00 0.00 0.00 0.00 0.00 0.03 0.82 1.00 0.52 0.30 1.00 0.93 0.06 0.00 0.00 0.00 0.00 0.00 0.00 
 0.00 0.00 0.00 0.00 0.00 0.00 0.00 0.44 1.00 0.83 0.63 1.00 0.65 0.00 0.00 0.00 0.00 0.00 0.00 0.00 
 0.00 0.00 0.00 0.00 0.00 0.00 0.00 0.11 0.98 0.99 0.98 1.00 0.27 0.00 0.00 0.00 0.00 0.00 0.00 0.00 
 0.00 0.00 0.00 0.00 0.00 0.00 0.00 0.00 0.67 1.00 1.00 0.85 0.02 0.00 0.00 0.00 0.00 0.00 0.00 0.00 
 0.00 0.00 0.00 0.00 0.00 0.00 0.00 0.00 0.30 1.00 1.00 0.51 0.00 0.00 0.00 0.00 0.00 0.00 0.00 0.00 
 