0.00 0.26 1.00 0.99 0.19 0.00 0.00 0.00 0.00 0.00 0.00 0.00 0.00 0.00 0.00 0.00 0.00 0.13 0.99 1.00 
 0.00 0.04 0.88 1.00 0.55 0.00 0.00 0.00 0.00 0.00 0.00 0.00 0.00 0.00 0.00 0.00 0.00 0.42 1.00 0.95 
 0.00 0.00 0.51 1.00 0.87 0.02 0.00 0.00 0.00 0.00 0.00 0.00 0.00 0.00 0.00 0.00 0.02 0.79 1.00 0.63 
 0.00 0.00 0.16 0.99 1.00 0.26 0.00 0.00 0.00 0.00 0.00 0.00 0.00 0.00 0.00 0.00 0.16 1.00 0.99 0.25 
 0.00 0.00 0.00 0.74 1.00 0.62 0.00 0.00 0.00 0.00 0.00 0.00 0.00 0.00 0.00 0.00 0.48 1.00 0.84 0.00 
 0.00 0.00 0.00 0.36 1.00 0.90 0.04 0.00 0.00 0.00 0.00 0.00 0.00 0.00 0.00 0.03 0.83 1.00 0.51 0.00 
 0.00 0.00 0.00 0.07 0.95 1.00 0.35 0.00 0.00 0.00 0.00 0.00 0.00 0.00 0.00 0.20 1.00 0.98 0.15 0.00 
 0.00 0.00 0.00 0.00 0.62 1.00 0.69 0.00 0.00 0.00 0.00 0.00 0.00 0.00 0.00 0.55 1.00 0.77 0.00 0.00 
 0.00 0.00 0.00 0.00 0.25 1.00 0.94 0.07 0.00 0.00 0.00 0.00 0.00 0.00 0.04 0.89 1.00 0.40 0.00 0.00 
 0.00 0.00 0.00 0.00 0.04 0.87 1.00 0.41 0.00 0.00 0.00 0.00 0.00 0.00 0.25 1.00 0.93 0.06 0.00 0.00 
 0.00 0.00 0.00 0.00 0.00 0.48 1.00 0.77 0.00 0.00 0.00 0.00 0.00 0.00 0.60 1.00 0.65 0.00 0.00 0.00 
 0.00 0.00 0.00 0.00 0.00 0.14 0.99 0.96 0.13 0.00 0.00 0.00 0.00 0.06 0.93 1.00 0.29 0.00 0.00 0.00 
 0.00 0.00 0.00 0.00 0.00 0.00 0.73 1.00 0.48 0.00 0.00 0.00 0.00 0.30 1.00 0.85 0.02 0.00 0.00 0.00 
 0.00 0.00 0.00 0.00 0.00 0.00 0.35 1.00 0.83 0.00 0.00 0.00 0.00 0.67 1.00 0.53 0.00 0.00 0.00 0.00 
 0.00 0.00 0.00 0.00 0.00 0.00 0.06 0.94 0.99 0.21 0.00 0.00 0.09 0.96 0.98 0.16 0.00 0.00 0.00 0.00 
 0.00 0.00 0.00 0.00 0.00 0.00 0.00 0.61 1.00 0.57 0.00 0.00 0.37 1.00 0.78 0.00 0.00 0.00 0.00 0.00 
 0.00 0.00 0.00 0.00 0.00 0.00 0.00 0.24 1.00 0.88 0.02 0.00 0.71 1.00 0.42 0.00 0.00 0.00 0.00 0.00 
 0.00 0.00 0.00 0.00 0.00 0.00 0.00 0.03 0.85 1.00 0.26 0.10 0.98 0.94 0.07 0.00 0.00 0.00 0.00 0.00 
 0.00 0.00 0.00 0.00 0.00 0.00 0.00 0.00 0.46 1.00 0.57 0.37 1.00 0.67 0.00 0.00 0.00 0.00 0.00 0.00 
 0.00 0.00 0.00 0.00 0.00 0.00 0.00 0.00 0.14 0.99 0.85 0.71 1.00 0.30 0.00 0.00 0.00 0.00 0.00 0.00 
 