0.00 0.53 1.00 1.00 1.00 0.92 0.06 0.00 0.00 0.00 0.00 0.00 0.00 0.06 0.88 1.00 1.00 1.00 0.94 0.13 
 0.00 0.37 1.00 1.00 1.00 1.00 0.18 0.00 0.00 0.00 0.00 0.00 0.00 0.41 1.00 1.00 1.00 1.00 0.59 0.00 
 0.00 0.21 1.00 1.00 1.00 1.00 0.33 0.00 0.00 0.00 0.00 0.00 0.06 0.88 1.00 1.00 1.00 0.94 0.13 0.00 
 0.00 0.15 1.00 1.00 1.00 1.00 0.45 0.00 0.00 0.00 0.00 0.00 0.37 1.00 1.00 1.00 1.00 0.59 0.00 0.00 
 0.00 0.02 0.86 1.00 1.00 1.00 0.59 0.00 0.00 0.00 0.00 0.04 0.82 1.00 1.00 1.00 0.94 0.13 0.00 0.00 
 0.00 0.00 0.69 1.00 1.00 1.00 0.74 0.00 0.00 0.00 0.00 0.33 1.00 1.00 1.00 1.00 0.59 0.00 0.00 0.00 
 0.00 0.00 0.55 1.00 1.00 1.00 0.86 0.00 0.00 0.00 0.04 0.82 1.00 1.00 1.00 0.94 0.13 0.00 0.00 0.00 
 0.00 0.00 0.39 1.00 1.00 1.00 0.88 0.02 0.00 0.00 0.33 1.00 1.00 1.00 1.00 0.59 0.00 0.00 0.00 0.00 
 0.00 0.00 0.23 1.00 1.00 1.00 1.00 0.15 0.00 0.02 0.78 1.00 1.00 1.00 0.94 0.13 0.00 0.00 0.00 0.00 
 0.00 0.00 0.15 1.00 1.00 1.00 1.00 0.27 0.00 0.29 1.00 1.00 1.00 1.00 0.59 0.00 0.00 0.00 0.00 0.00 
 0.00 0.00 0.04 0.90 1.00 1.00 1.00 0.39 0.02 0.74 1.00 1.00 1.00 0.94 0.13 0.00 0.00 0.00 0.00 0.00 
 0.00 0.00 0.00 0.72 1.00 1.00 1.00 0.53 0.23 1.00 1.00 1.00 1.00 0.59 0.00 0.00 0.00 0.00 0.00 0.00 
 0.00 0.00 0.00 0.55 1.00 1.00 1.00 0.64 0.62 1.00 1.00 1.00 0.94 0.13 0.00 0.00 0.00 0.00 0.00 0.00 
 0.00 0.00 0.00 0.39 1.00 1.00 1.00 0.86 0.98 1.00 1.00 1.00 0.59 0.00 0.00 0.00 0.00 0.00 0.00 0.00 
 0.00 0.00 0.00 0.23 1.00 1.00 1.00 1.00 1.00 1.00 1.00 0.94 0.13 0.00 0.00 0.00 0.00 0.00 0.00 0.00 
 0.00 0.00 0.00 0.15 1.00 1.00 1.00 1.00 1.00 1.00 1.00 0.59 0.00 0.00 0.00 0.00 0.00 0.00 0.00 0.00 
 0.00 0.00 0.00 0.04 0.90 1.00 1.00 1.00 1.00 1.00 0.92 0.13 0.00 0.00 0.00 0.00 0.00 0.00 0.00 0.00 
 0.00 0.00 0.00 0.00 0.74 1.00 1.00 1.00 1.00 1.00 0.53 0.00 0.00 0.00 0.00 0.00 0.00 0.00 0.00 0.00 
 0.00 0.00 0.00 0.00 0.57 1.00 1.00 1.00 1.00 0.90 0.08 0.00 0.00 0.00 0.00 0.00 0.00 0.00 0.00 0.00 
 0.00 0.00 0.00 0.00 0.41 1.00 1.00 1.00 1.00 0.53 0.00 0.00 0.00 0.00 0.00 0.00 0.00 0.00 0.00 0.00 
 