0.07 0.94 1.00 0.86 0.01 0.00 0.00 0.00 0.00 0.00 0.00 0.00 0.00 0.00 0.00 0.00 0.59 1.00 0.97 0.14 
 0.00 0.60 1.00 1.00 0.24 0.00 0.00 0.00 0.00 0.00 0.00 0.00 0.00 0.00 0.00 0.07 0.94 1.00 0.73 0.00 
 0.00 0.23 1.00 1.00 0.59 0.00 0.00 0.00 0.00 0.00 0.00 0.00 0.00 0.00 0.00 0.36 1.00 1.00 0.33 0.00 
 0.00 0.02 0.83 1.00 0.90 0.02 0.00 0.00 0.00 0.00 0.00 0.00 0.00 0.00 0.00 0.74 1.00 0.88 0.02 0.00 
 0.00 0.00 0.44 1.00 1.00 0.31 0.00 0.00 0.00 0.00 0.00 0.00 0.00 0.00 0.14 0.99 1.00 0.53 0.00 0.00 
 0.00 0.00 0.11 0.98 1.00 0.67 0.00 0.00 0.00 0.00 0.00 0.00 0.00 0.00 0.50 1.00 0.97 0.14 0.00 0.00 
 0.00 0.00 0.00 0.69 1.00 0.94 0.05 0.00 0.00 0.00 0.00 0.00 0.00 0.03 0.87 1.00 0.73 0.00 0.00 0.00 
 0.00 0.00 0.00 0.30 1.00 1.00 0.39 0.00 0.00 0.00 0.00 0.00 0.00 0.27 1.00 1.00 0.33 0.00 0.00 0.00 
 0.00 0.00 0.00 0.04 0.90 1.00 0.74 0.00 0.00 0.00 0.00 0.00 0.00 0.64 1.00 0.88 0.02 0.00 0.00 0.00 
 0.00 0.00 0.00 0.00 0.53 1.00 0.96 0.10 0.00 0.00 0.00 0.00 0.09 0.96 1.00 0.53 0.00 0.00 0.00 0.00 
 0.00 0.00 0.00 0.00 0.17 0.99 1.00 0.45 0.00 0.00 0.00 0.00 0.40 1.00 0.97 0.14 0.00 0.00 0.00 0.00 
 0.00 0.00 0.00 0.00 0.00 0.77 1.00 0.80 0.00 0.00 0.00 0.01 0.78 1.00 0.73 0.00 0.00 0.00 0.00 0.00 
 0.00 0.00 0.00 0.00 0.00 0.39 1.00 0.98 0.17 0.00 0.00 0.19 1.00 1.00 0.33 0.00 0.00 0.00 0.00 0.00 
 0.00 0.00 0.00 0.00 0.00 0.07 0.95 1.00 0.52 0.00 0.00 0.54 1.00 0.88 0.02 0.00 0.00 0.00 0.00 0.00 
 0.00 0.00 0.00 0.00 0.00 0.00 0.62 1.00 0.86 0.01 0.04 0.90 1.00 0.53 0.00 0.00 0.00 0.00 0.00 0.00 
 0.00 0.00 0.00 0.00 0.00 0.00 0.24 1.00 1.00 0.22 0.29 1.00 0.97 0.14 0.00 0.00 0.00 0.00 0.00 0.00 
 0.00 0.00 0.00 0.00 0.00 0.00 0.03 0.85 1.00 0.55 0.64 1.00 0.73 0.00 0.00 0.00 0.00 0.00 0.00 0.00 
 0.00 0.00 0.00 0.00 0.00 0.00 0.00 0.47 1.00 0.88 0.93 1.00 0.33 0.00 0.00 0.00 0.00 0.00 0.00 0.00 
 0.00 0.00 0.00 0.00 0.00 0.00 0.00 0.13 0.99 1.00 1.00 0.88 0.02 0.00 0.00 0.00 0.00 0.00 0.00 0.00 
 0.00 0.00 0.00 0.00 0.00 0.00 0.00 0.00 0.71 1.00 1.00 0.54 0.00 0.00 0.00 0.00 0.00 0.00 0.00 0.00 
 