0.01 0.81 1.00 0.95 0.07 0.00 0.00 0.00 0.00 0.00 0.00 0.00 0.00 0.00 0.00 0.00 0.75 1.00 0.97 0.12 
 0.00 0.45 1.00 1.00 0.40 0.00 0.00 0.00 0.00 0.00 0.00 0.00 0.00 0.00 0.00 0.14 0.99 1.00 0.75 0.00 
 0.00 0.14 0.99 1.00 0.75 0.00 0.00 0.00 0.00 0.00 0.00 0.00 0.00 0.00 0.00 0.45 1.00 1.00 0.40 0.00 
 0.00 0.00 0.73 1.00 0.97 0.12 0.00 0.00 0.00 0.00 0.00 0.00 0.00 0.00 0.01 0.81 1.00 0.94 0.07 0.00 
 0.00 0.00 0.38 1.00 1.00 0.46 0.00 0.00 0.00 0.00 0.00 0.00 0.00 0.00 0.18 1.00 1.00 0.68 0.00 0.00 
 0.00 0.00 0.08 0.96 1.00 0.81 0.00 0.00 0.00 0.00 0.00 0.00 0.00 0.00 0.52 1.00 1.00 0.31 0.00 0.00 
 0.00 0.00 0.00 0.65 1.00 0.98 0.17 0.00 0.00 0.00 0.00 0.00 0.00 0.03 0.87 1.00 0.90 0.02 0.00 0.00 
 0.00 0.00 0.00 0.29 1.00 1.00 0.52 0.00 0.00 0.00 0.00 0.00 0.00 0.22 1.00 1.00 0.59 0.00 0.00 0.00 
 0.00 0.00 0.00 0.05 0.91 1.00 0.85 0.01 0.00 0.00 0.00 0.00 0.00 0.59 1.00 0.99 0.23 0.00 0.00 0.00 
 0.00 0.00 0.00 0.00 0.57 1.00 1.00 0.22 0.00 0.00 0.00 0.00 0.04 0.91 1.00 0.84 0.00 0.00 0.00 0.00 
 0.00 0.00 0.00 0.00 0.22 1.00 1.00 0.59 0.00 0.00 0.00 0.00 0.29 1.00 1.00 0.51 0.00 0.00 0.00 0.00 
 0.00 0.00 0.00 0.00 0.02 0.85 1.00 0.89 0.02 0.00 0.00 0.00 0.64 1.00 0.98 0.15 0.00 0.00 0.00 0.00 
 0.00 0.00 0.00 0.00 0.00 0.49 1.00 1.00 0.29 0.00 0.00 0.07 0.95 1.00 0.78 0.00 0.00 0.00 0.00 0.00 
 0.00 0.00 0.00 0.00 0.00 0.15 0.99 1.00 0.65 0.00 0.00 0.35 1.00 1.00 0.42 0.00 0.00 0.00 0.00 0.00 
 0.00 0.00 0.00 0.00 0.00 0.00 0.77 1.00 0.92 0.04 0.00 0.69 1.00 0.96 0.09 0.00 0.00 0.00 0.00 0.00 
 0.00 0.00 0.00 0.00 0.00 0.00 0.41 1.00 1.00 0.35 0.10 0.98 1.00 0.71 0.00 0.00 0.00 0.00 0.00 0.00 
 0.00 0.00 0.00 0.00 0.00 0.00 0.10 0.98 1.00 0.70 0.40 1.00 1.00 0.35 0.00 0.00 0.00 0.00 0.00 0.00 
 0.00 0.00 0.00 0.00 0.00 0.00 0.00 0.69 1.00 0.95 0.80 1.00 0.92 0.04 0.00 0.00 0.00 0.00 0.00 0.00 
 0.00 0.00 0.00 0.00 0.00 0.00 0.00 0.32 1.00 1.00 1.00 1.00 0.62 0.00 0.00 0.00 0.00 0.00 0.00 0.00 
 0.00 0.00 0.00 0.00 0.00 0.00 0.00 0.05 0.93 1.00 1.00 1.00 0.26 0.00 0.00 0.00 0.00 0.00 0.00 0.00 
 