0.00 0.30 1.00 1.00 0.88 0.00 0.00 0.00 0.00 0.00 0.00 0.00 0.00 0.00 0.00 0.00 0.00 0.53 1.00 1.00 
 0.00 0.11 0.99 1.00 0.99 0.19 0.00 0.00 0.00 0.00 0.00 0.00 0.00 0.00 0.00 0.00 0.00 0.74 1.00 1.00 
 0.00 0.00 0.72 1.00 1.00 0.49 0.00 0.00 0.00 0.00 0.00 0.00 0.00 0.00 0.00 0.00 0.11 0.97 1.00 0.91 
 0.00 0.00 0.36 1.00 1.00 0.80 0.00 0.00 0.00 0.00 0.00 0.00 0.00 0.00 0.00 0.00 0.36 1.00 1.00 0.55 
 0.00 0.00 0.08 0.94 1.00 0.97 0.16 0.00 0.00 0.00 0.00 0.00 0.00 0.00 0.00 0.00 0.69 1.00 0.97 0.16 
 0.00 0.00 0.00 0.61 1.00 1.00 0.50 0.00 0.00 0.00 0.00 0.00 0.00 0.00 0.00 0.13 0.99 1.00 0.74 0.00 
 0.00 0.00 0.00 0.24 1.00 1.00 0.85 0.02 0.00 0.00 0.00 0.00 0.00 0.00 0.00 0.44 1.00 1.00 0.31 0.00 
 0.00 0.00 0.00 0.03 0.83 1.00 1.00 0.24 0.00 0.00 0.00 0.00 0.00 0.00 0.02 0.82 1.00 0.83 0.02 0.00 
 0.00 0.00 0.00 0.00 0.42 1.00 1.00 0.61 0.00 0.00 0.00 0.00 0.00 0.00 0.22 1.00 1.00 0.45 0.00 0.00 
 0.00 0.00 0.00 0.00 0.09 0.94 1.00 0.91 0.05 0.00 0.00 0.00 0.00 0.00 0.58 1.00 0.91 0.06 0.00 0.00 
 0.00 0.00 0.00 0.00 0.00 0.60 1.00 1.00 0.38 0.00 0.00 0.00 0.00 0.09 0.94 1.00 0.58 0.00 0.00 0.00 
 0.00 0.00 0.00 0.00 0.00 0.20 1.00 1.00 0.74 0.00 0.00 0.00 0.00 0.39 1.00 0.96 0.14 0.00 0.00 0.00 
 0.00 0.00 0.00 0.00 0.00 0.02 0.75 1.00 0.96 0.13 0.00 0.00 0.02 0.77 1.00 0.69 0.00 0.00 0.00 0.00 
 0.00 0.00 0.00 0.00 0.00 0.00 0.35 1.00 1.00 0.49 0.00 0.00 0.19 1.00 0.99 0.25 0.00 0.00 0.00 0.00 
 0.00 0.00 0.00 0.00 0.00 0.00 0.06 0.93 1.00 0.80 0.00 0.00 0.50 1.00 0.80 0.00 0.00 0.00 0.00 0.00 
 0.00 0.00 0.00 0.00 0.00 0.00 0.00 0.55 1.00 0.99 0.19 0.03 0.86 1.00 0.39 0.00 0.00 0.00 0.00 0.00 
 0.00 0.00 0.00 0.00 0.00 0.00 0.00 0.17 0.99 1.00 0.52 0.20 1.00 0.89 0.03 0.00 0.00 0.00 0.00 0.00 
 0.00 0.00 0.00 0.00 0.00 0.00 0.00 0.00 0.74 1.00 0.80 0.47 1.00 0.58 0.00 0.00 0.00 0.00 0.00 0.00 
 0.00 0.00 0.00 0.00 0.00 0.00 0.00 0.00 0.36 1.00 0.94 0.78 0.97 0.17 0.00 0.00 0.00 0.00 0.00 0.00 
 0.00 0.00 0.00 0.00 0.00 0.00 0.00 0.00 0.09 0.97 1.00 1.00 0.77 0.00 0.00 0.00 0.00 0.00 0.00 0.00 
 