0.00 0.31 1.00 1.00 1.00 0.48 0.00 0.00 0.00 0.00 0.00 0.00 0.00 0.00 0.53 1.00 1.00 1.00 0.42 0.00 
 0.00 0.13 1.00 1.00 1.00 0.67 0.00 0.00 0.00 0.00 0.00 0.00 0.00 0.13 0.96 1.00 1.00 0.83 0.02 0.00 
 0.00 0.03 0.91 1.00 1.00 0.85 0.00 0.00 0.00 0.00 0.00 0.00 0.00 0.61 1.00 1.00 0.99 0.31 0.00 0.00 
 0.00 0.00 0.71 1.00 1.00 0.94 0.04 0.00 0.00 0.00 0.00 0.00 0.17 0.98 1.00 1.00 0.75 0.00 0.00 0.00 
 0.00 0.00 0.51 1.00 1.00 1.00 0.21 0.00 0.00 0.00 0.00 0.01 0.68 1.00 1.00 0.98 0.22 0.00 0.00 0.00 
 0.00 0.00 0.31 1.00 1.00 1.00 0.39 0.00 0.00 0.00 0.00 0.23 1.00 1.00 1.00 0.66 0.00 0.00 0.00 0.00 
 0.00 0.00 0.13 1.00 1.00 1.00 0.57 0.00 0.00 0.00 0.01 0.75 1.00 1.00 0.95 0.14 0.00 0.00 0.00 0.00 
 0.00 0.00 0.04 0.93 1.00 1.00 0.76 0.00 0.00 0.00 0.30 1.00 1.00 1.00 0.56 0.00 0.00 0.00 0.00 0.00 
 0.00 0.00 0.00 0.73 1.00 1.00 0.90 0.00 0.00 0.02 0.80 1.00 1.00 0.91 0.07 0.00 0.00 0.00 0.00 0.00 
 0.00 0.00 0.00 0.53 1.00 1.00 0.99 0.13 0.00 0.35 1.00 1.00 1.00 0.46 0.00 0.00 0.00 0.00 0.00 0.00 
 0.00 0.00 0.00 0.33 1.00 1.00 1.00 0.31 0.05 0.87 1.00 1.00 0.85 0.03 0.00 0.00 0.00 0.00 0.00 0.00 
 0.00 0.00 0.00 0.14 1.00 1.00 1.00 0.49 0.42 1.00 1.00 1.00 0.35 0.00 0.00 0.00 0.00 0.00 0.00 0.00 
 0.00 0.00 0.00 0.04 0.93 1.00 1.00 0.73 0.91 1.00 1.00 0.78 0.01 0.00 0.00 0.00 0.00 0.00 0.00 0.00 
 0.00 0.00 0.00 0.00 0.73 1.00 1.00 1.00 1.00 1.00 0.99 0.25 0.00 0.00 0.00 0.00 0.00 0.00 0.00 0.00 
 0.00 0.00 0.00 0.00 0.54 1.00 1.00 1.00 1.00 1.00 0.69 0.00 0.00 0.00 0.00 0.00 0.00 0.00 0.00 0.00 
 0.00 0.00 0.00 0.00 0.34 1.00 1.00 1.00 1.00 0.96 0.16 0.00 0.00 0.00 0.00 0.00 0.00 0.00 0.00 0.00 
 0.00 0.00 0.00 0.00 0.15 1.00 1.00 1.00 1.00 0.59 0.00 0.00 0.00 0.00 0.00 0.00 0.00 0.00 0.00 0.00 
 0.00 0.00 0.00 0.00 0.05 0.94 1.00 1.00 0.93 0.09 0.00 0.00 0.00 0.00 0.00 0.00 0.00 0.00 0.00 0.00 
 0.00 0.00 0.00 0.00 0.00 0.74 1.00 1.00 0.49 0.00 0.00 0.00 0.00 0.00 0.00 0.00 0.00 0.00 0.00 0.00 
 0.00 0.00 0.00 0.00 0.00 0.55 1.00 0.88 0.04 0.00 0.00 0.00 0.00 0.00 0.00 0.00 0.00 0.00 0.00 0.00 
 