-0.99 -0.79 -0.76 -0.76 -0.76 -0.76 -0.76 -0.85 -1.00 -1.00 -1.00 -1.00 -0.95 -0.76 -0.76 -0.76 -0.76 -0.76 -0.76 -0.93 
 0.37 1.00 1.00 1.00 1.00 1.00 1.00 0.98 -0.56 -1.00 -1.00 -0.81 0.81 1.00 1.00 1.00 1.00 1.00 1.00 0.80 
 0.95 1.00 1.00 1.00 1.00 1.00 1.00 0.99 -0.63 -1.00 -1.00 -0.42 1.00 1.00 1.00 1.00 1.00 1.00 1.00 0.74 
 -0.47 -0.12 0.11 1.00 1.00 0.19 -0.12 -0.50 -1.00 -1.00 -1.00 -0.95 -0.24 -0.11 0.77 1.00 0.66 -0.11 -0.15 -0.73 
 -1.00 -1.00 -0.84 1.00 1.00 -0.18 -1.00 -1.00 -1.00 -1.00 -1.00 -1.00 -1.00 -0.61 1.00 1.00 -0.39 -1.00 -1.00 -1.00 
 -1.00 -1.00 -1.00 0.81 1.00 0.16 -1.00 -1.00 -1.00 -1.00 -1.00 -1.00 -1.00 0.40 1.00 0.59 -0.99 -1.00 -1.00 -1.00 
 -1.00 -1.00 -1.00 0.47 1.00 0.51 -1.00 -1.00 -1.00 -1.00 -1.00 -1.00 -0.59 1.00 1.00 -0.40 -1.00 -1.00 -1.00 -1.00 
 -1.00 -1.00 -1.00 0.14 1.00 0.84 -0.99 -1.00 -1.00 -1.00 -1.00 -1.00 0.41 1.00 0.58 -0.99 -1.00 -1.00 -1.00 -1.00 
 -1.00 -1.00 -1.00 -0.21 1.00 1.00 -0.81 -1.00 -1.00 -1.00 -1.00 -0.57 1.00 1.00 -0.42 -1.00 -1.00 -1.00 -1.00 -1.00 
 -1.00 -1.00 -1.00 -0.55 1.00 1.00 -0.47 -1.00 -1.00 -1.00 -1.00 0.44 1.00 0.56 -0.99 -1.00 -1.00 -1.00 -1.00 -1.00 
 -1.00 -1.00 -1.00 -0.88 1.00 1.00 -0.13 -1.00 -1.00 -1.00 -0.55 1.00 1.00 -0.44 -1.00 -1.00 -1.00 -1.00 -1.00 -1.00 
 -1.00 -1.00 -1.00 -1.00 0.77 1.00 0.22 -1.00 -1.00 -1.00 0.46 1.00 0.55 -0.99 -1.00 -1.00 -1.00 -1.00 -1.00 -1.00 
 -1.00 -1.00 -1.00 -1.00 0.43 1.00 0.55 -1.00 -1.00 -0.52 1.00 1.00 -0.45 -1.00 -1.00 -1.00 -1.00 -1.00 -1.00 -1.00 
 -1.00 -1.00 -1.00 -1.00 0.09 1.00 0.89 -0.99 -0.99 0.49 1.00 0.53 -0.99 -1.00 -1.00 -1.00 -1.00 -1.00 -1.00 -1.00 
 -1.00 -1.00 -1.00 -1.00 -0.25 1.00 1.00 -0.76 -0.50 1.00 1.00 -0.47 -1.00 -1.00 -1.00 -1.00 -1.00 -1.00 -1.00 -1.00 
 -1.00 -1.00 -1.00 -1.00 -0.59 1.00 1.00 -0.42 0.51 1.00 0.52 -1.00 -1.00 -1.00 -1.00 -1.00 -1.00 -1.00 -1.00 -1.00 
 -1.00 -1.00 -1.00 -1.00 -0.91 0.98 1.00 0.44 1.00 1.00 -0.48 -1.00 -1.00 -1.00 -1.00 -1.00 -1.00 -1.00 -1.00 -1.00 
 -1.00 -1.00 -1.00 -1.00 -1.00 0.72 1.00 1.00 1.00 0.50 -1.00 -1.00 -1.00 -1.00 -1.00 -1.00 -1.00 -1.00 -1.00 -1.00 
 -1.00 -1.00 -1.00 -1.00 -1.00 -0.00 1.00 1.00 0.76 -0.68 -1.00 -1.00 -1.00 -1.00 -1.00 -1.00 -1.00 -1.00 -1.00 -1.00 
 -1.00 -1.00 -1.00 -1.00 -1.00 -1.00 -0.82 -0.77 -0.97 -1.00 -1.00 -1.00 -1.00 -1.00 -1.00 -1.00 -1.00 -1.00 -1.00 -1.00 
 