-0.54 -0.40 -0.40 -0.40 -0.40 -0.40 -0.40 -0.40 -0.59 -1.00 -1.00 -1.00 -1.00 -0.56 -0.40 -0.40 -0.40 -0.40 -0.40 -0.40 
 0.78 1.00 1.00 1.00 1.00 1.00 1.00 1.00 0.15 -1.00 -1.00 -1.00 -1.00 0.70 1.00 1.00 1.00 1.00 1.00 1.00 
 -0.58 -0.37 0.51 1.00 1.00 0.94 -0.24 -0.53 -0.83 -1.00 -1.00 -1.00 -1.00 -0.62 -0.46 0.69 1.00 0.40 -0.29 -0.57 
 -1.00 -1.00 -0.11 1.00 1.00 0.82 -1.00 -1.00 -1.00 -1.00 -1.00 -1.00 -1.00 -1.00 -0.87 0.86 0.87 -0.84 -1.00 -1.00 
 -1.00 -1.00 -0.51 1.00 1.00 1.00 -0.80 -1.00 -1.00 -1.00 -1.00 -1.00 -1.00 -1.00 0.10 1.00 -0.11 -1.00 -1.00 -1.00 
 -1.00 -1.00 -0.90 0.98 1.00 1.00 -0.42 -1.00 -1.00 -1.00 -1.00 -1.00 -1.00 -0.73 0.95 0.71 -0.95 -1.00 -1.00 -1.00 
 -1.00 -1.00 -1.00 0.69 1.00 1.00 -0.04 -1.00 -1.00 -1.00 -1.00 -1.00 -1.00 0.33 1.00 -0.38 -1.00 -1.00 -1.00 -1.00 
 -1.00 -1.00 -1.00 0.29 1.00 1.00 0.34 -1.00 -1.00 -1.00 -1.00 -1.00 -0.55 1.00 0.48 -0.99 -1.00 -1.00 -1.00 -1.00 
 -1.00 -1.00 -1.00 -0.11 1.00 1.00 0.73 -1.00 -1.00 -1.00 -1.00 -0.99 0.56 0.98 -0.63 -1.00 -1.00 -1.00 -1.00 -1.00 
 -1.00 -1.00 -1.00 -0.51 1.00 1.00 0.99 -0.88 -1.00 -1.00 -1.00 -0.32 1.00 0.22 -1.00 -1.00 -1.00 -1.00 -1.00 -1.00 
 -1.00 -1.00 -1.00 -0.89 0.98 1.00 1.00 -0.51 -1.00 -1.00 -0.94 0.74 0.90 -0.81 -1.00 -1.00 -1.00 -1.00 -1.00 -1.00 
 -1.00 -1.00 -1.00 -1.00 0.69 1.00 1.00 -0.14 -1.00 -1.00 -0.08 1.00 -0.06 -1.00 -1.00 -1.00 -1.00 -1.00 -1.00 -1.00 
 -1.00 -1.00 -1.00 -1.00 0.29 1.00 1.00 0.25 -1.00 -0.84 0.87 0.74 -0.94 -1.00 -1.00 -1.00 -1.00 -1.00 -1.00 -1.00 
 -1.00 -1.00 -1.00 -1.00 -0.11 1.00 1.00 0.62 -1.00 0.15 1.00 -0.33 -1.00 -1.00 -1.00 -1.00 -1.00 -1.00 -1.00 -1.00 
 -1.00 -1.00 -1.00 -1.00 -0.51 1.00 1.00 0.95 -0.65 0.96 0.53 -0.99 -1.00 -1.00 -1.00 -1.00 -1.00 -1.00 -1.00 -1.00 
 -1.00 -1.00 -1.00 -1.00 -0.89 0.98 1.00 1.00 0.67 0.99 -0.59 -1.00 -1.00 -1.00 -1.00 -1.00 -1.00 -1.00 -1.00 -1.00 
 -1.00 -1.00 -1.00 -1.00 -1.00 0.69 1.00 1.00 1.00 0.26 -1.00 -1.00 -1.00 -1.00 -1.00 -1.00 -1.00 -1.00 -1.00 -1.00 
 -1.00 -1.00 -1.00 -1.00 -1.00 0.29 1.00 1.00 0.91 -0.79 -1.00 -1.00 -1.00 -1.00 -1.00 -1.00 -1.00 -1.00 -1.00 -1.00 
 -1.00 -1.00 -1.00 -1.00 -1.00 -0.11 1.00 1.00 -0.01 -1.00 -1.00 -1.00 -1.00 -1.00 -1.00 -1.00 -1.00 -1.00 -1.00 -1.00 
 -1.00 -1.00 -1.00 -1.00 -1.00 -0.72 -0.07 -0.07 -0.92 -1.00 -1.00 -1.00 -1.00 -1.00 -1.00 -1.00 -1.00 -1.00 -1.00 -1.00 
 