0.00 0.00 0.00 0.00 0.00 0.00 0.00 0.00 0.00 0.00 0.00 0.00 0.00 0.00 0.00 0.02 0.35 0.74 0.76 0.03 
 0.00 0.00 0.00 0.00 0.00 0.00 0.00 0.00 0.00 0.00 0.00 0.00 0.00 0.00 0.00 0.51 1.00 1.00 1.00 0.36 
 0.00 0.00 0.00 0.18 0.27 0.25 0.21 0.16 0.15 0.16 0.29 0.71 0.00 0.00 0.00 0.20 1.00 1.00 1.00 0.48 
 0.00 0.00 0.40 1.00 1.00 1.00 1.00 1.00 1.00 1.00 1.00 0.44 0.00 0.00 0.00 0.02 0.99 1.00 1.00 0.40 
 0.00 0.02 0.90 1.00 1.00 1.00 1.00 1.00 1.00 1.00 0.59 0.00 0.00 0.00 0.00 0.00 0.97 1.00 1.00 0.22 
 0.00 0.31 1.00 0.65 0.40 0.37 0.34 0.28 0.64 0.77 0.02 0.00 0.00 0.00 0.00 0.03 1.00 1.00 0.95 0.02 
 0.00 0.65 0.66 0.00 0.00 0.00 0.00 0.39 0.94 0.12 0.00 0.00 0.00 0.00 0.00 0.14 1.00 1.00 0.66 0.00 
 0.03 0.95 0.20 0.00 0.00 0.00 0.27 0.98 0.42 0.00 0.00 0.00 0.00 0.00 0.00 0.33 1.00 1.00 0.29 0.00 
 0.27 0.84 0.00 0.00 0.00 0.14 0.94 0.84 0.01 0.00 0.00 0.00 0.00 0.00 0.00 0.58 1.00 0.87 0.01 0.00 
 0.09 0.41 0.00 0.00 0.02 0.79 1.00 0.37 0.00 0.00 0.00 0.00 0.00 0.00 0.01 0.89 1.00 0.42 0.00 0.00 
 0.00 0.00 0.00 0.00 0.41 1.00 0.94 0.04 0.00 0.00 0.00 0.00 0.00 0.00 0.30 1.00 0.87 0.03 0.00 0.00 
 0.00 0.00 0.00 0.02 0.89 1.00 0.64 0.00 0.00 0.00 0.00 0.00 0.00 0.00 0.77 1.00 0.32 0.00 0.00 0.00 
 0.00 0.00 0.00 0.31 1.00 1.00 0.38 0.00 0.00 0.00 0.00 0.00 0.00 0.32 1.00 0.68 0.00 0.00 0.00 0.00 
 0.00 0.00 0.00 0.63 1.00 1.00 0.20 0.00 0.00 0.00 0.00 0.00 0.07 0.89 0.89 0.08 0.00 0.00 0.00 0.00 
 0.00 0.00 0.00 0.88 1.00 1.00 0.11 0.00 0.00 0.00 0.00 0.01 0.70 0.97 0.22 0.00 0.00 0.00 0.00 0.00 
 0.00 0.00 0.05 1.00 1.00 1.00 0.16 0.00 0.00 0.00 0.01 0.60 0.99 0.33 0.00 0.00 0.00 0.00 0.00 0.00 
 0.00 0.00 0.12 1.00 1.00 1.00 0.49 0.00 0.00 0.07 0.68 0.98 0.35 0.00 0.00 0.00 0.00 0.00 0.00 0.00 
 0.00 0.00 0.08 1.00 1.00 1.00 0.98 0.55 0.56 0.93 0.93 0.27 0.00 0.00 0.00 0.00 0.00 0.00 0.00 0.00 
 0.00 0.00 0.00 0.84 1.00 1.00 1.00 1.00 1.00 0.71 0.11 0.00 0.00 0.00 0.00 0.00 0.00 0.00 0.00 0.00 
 0.00 0.00 0.00 0.25 0.93 1.00 0.95 0.68 0.25 0.00 0.00 0.00 0.00 0.00 0.00 0.00 0.00 0.00 0.00 0.00 
 