0.45 1.00 0.98 -0.87 -1.00 -1.00 -1.00 -1.00 -1.00 -1.00 -1.00 -1.00 -1.00 -1.00 -1.00 -1.00 -0.76 0.91 1.00 0.43 
 -0.03 1.00 1.00 -0.42 -1.00 -1.00 -1.00 -1.00 -1.00 -1.00 -1.00 -1.00 -1.00 -1.00 -1.00 -1.00 0.37 1.00 0.94 -0.72 
 -0.50 1.00 1.00 0.04 -1.00 -1.00 -1.00 -1.00 -1.00 -1.00 -1.00 -1.00 -1.00 -1.00 -1.00 -0.40 1.00 1.00 0.01 -1.00 
 -0.92 0.96 1.00 0.51 -1.00 -1.00 -1.00 -1.00 -1.00 -1.00 -1.00 -1.00 -1.00 -1.00 -0.92 0.74 1.00 0.73 -0.93 -1.00 
 -1.00 0.56 1.00 0.93 -0.95 -1.00 -1.00 -1.00 -1.00 -1.00 -1.00 -1.00 -1.00 -1.00 0.04 1.00 1.00 -0.41 -1.00 -1.00 
 -1.00 0.09 1.00 1.00 -0.56 -1.00 -1.00 -1.00 -1.00 -1.00 -1.00 -1.00 -1.00 -0.69 0.95 1.00 0.38 -1.00 -1.00 -1.00 
 -1.00 -0.38 1.00 1.00 -0.10 -1.00 -1.00 -1.00 -1.00 -1.00 -1.00 -1.00 -0.99 0.47 1.00 0.92 -0.75 -1.00 -1.00 -1.00 
 -1.00 -0.84 0.99 1.00 0.36 -1.00 -1.00 -1.00 -1.00 -1.00 -1.00 -1.00 -0.30 1.00 1.00 -0.04 -1.00 -1.00 -1.00 -1.00 
 -1.00 -1.00 0.68 1.00 0.83 -0.99 -1.00 -1.00 -1.00 -1.00 -1.00 -0.88 0.80 1.00 0.70 -0.95 -1.00 -1.00 -1.00 -1.00 
 -1.00 -1.00 0.21 1.00 1.00 -0.70 -1.00 -1.00 -1.00 -1.00 -1.00 0.14 1.00 1.00 -0.45 -1.00 -1.00 -1.00 -1.00 -1.00 
 -1.00 -1.00 -0.26 1.00 1.00 -0.24 -1.00 -1.00 -1.00 -1.00 -0.62 0.98 1.00 0.33 -1.00 -1.00 -1.00 -1.00 -1.00 -1.00 
 -1.00 -1.00 -0.73 1.00 1.00 0.22 -1.00 -1.00 -1.00 -0.98 0.57 1.00 0.91 -0.78 -1.00 -1.00 -1.00 -1.00 -1.00 -1.00 
 -1.00 -1.00 -0.99 0.79 1.00 0.69 -1.00 -1.00 -1.00 -0.20 1.00 1.00 -0.08 -1.00 -1.00 -1.00 -1.00 -1.00 -1.00 -1.00 
 -1.00 -1.00 -1.00 0.32 1.00 0.99 -0.84 -1.00 -0.84 0.86 1.00 0.66 -0.96 -1.00 -1.00 -1.00 -1.00 -1.00 -1.00 -1.00 
 -1.00 -1.00 -1.00 -0.15 1.00 1.00 -0.38 -1.00 0.24 1.00 1.00 -0.50 -1.00 -1.00 -1.00 -1.00 -1.00 -1.00 -1.00 -1.00 
 -1.00 -1.00 -1.00 -0.62 1.00 1.00 0.08 -0.53 0.99 1.00 0.29 -1.00 -1.00 -1.00 -1.00 -1.00 -1.00 -1.00 -1.00 -1.00 
 -1.00 -1.00 -1.00 -0.98 0.88 1.00 0.58 0.65 1.00 0.89 -0.80 -1.00 -1.00 -1.00 -1.00 -1.00 -1.00 -1.00 -1.00 -1.00 
 -1.00 -1.00 -1.00 -1.00 0.44 1.00 1.00 1.00 1.00 -0.13 -1.00 -1.00 -1.00 -1.00 -1.00 -1.00 -1.00 -1.00 -1.00 -1.00 
 -1.00 -1.00 -1.00 -1.00 -0.04 1.00 1.00 1.00 0.63 -0.97 -1.00 -1.00 -1.00 -1.00 -1.00 -1.00 -1.00 -1.00 -1.00 -1.00 
 -1.00 -1.00 -1.00 -1.00 -0.51 1.00 1.00 0.99 -0.54 -1.00 -1.00 -1.00 -1.00 -1.00 -1.00 -1.00 -1.00 -1.00 -1.00 -1.00 
 