-0.76 -0.69 -0.69 -0.69 -0.69 -0.69 -0.69 -0.69 -0.69 -0.91 -1.00 -1.00 -0.84 -0.69 -0.69 -0.69 -0.69 -0.69 -0.69 -0.69 
 0.76 1.00 1.00 1.00 1.00 1.00 1.00 1.00 1.00 -0.62 -1.00 -1.00 0.20 1.00 1.00 1.00 1.00 1.00 1.00 1.00 
 -0.51 -0.16 0.93 1.00 1.00 1.00 0.45 -0.40 -0.52 -0.95 -1.00 -1.00 -0.66 -0.40 0.53 1.00 1.00 0.98 0.17 -0.47 
 -1.00 -1.00 0.13 1.00 1.00 1.00 -0.36 -1.00 -1.00 -1.00 -1.00 -1.00 -1.00 -1.00 -0.29 1.00 0.98 -0.33 -1.00 -1.00 
 -1.00 -1.00 -0.44 1.00 1.00 1.00 0.04 -1.00 -1.00 -1.00 -1.00 -1.00 -1.00 -1.00 0.29 1.00 0.01 -1.00 -1.00 -1.00 
 -1.00 -1.00 -0.91 0.96 1.00 1.00 0.56 -1.00 -1.00 -1.00 -1.00 -1.00 -1.00 -0.70 0.96 0.66 -0.96 -1.00 -1.00 -1.00 
 -1.00 -1.00 -1.00 0.53 1.00 1.00 0.97 -0.88 -1.00 -1.00 -1.00 -1.00 -1.00 0.38 1.00 -0.46 -1.00 -1.00 -1.00 -1.00 
 -1.00 -1.00 -1.00 0.00 1.00 1.00 1.00 -0.39 -1.00 -1.00 -1.00 -1.00 -0.49 1.00 0.40 -1.00 -1.00 -1.00 -1.00 -1.00 
 -1.00 -1.00 -1.00 -0.51 1.00 1.00 1.00 0.14 -1.00 -1.00 -1.00 -0.98 0.62 0.96 -0.70 -1.00 -1.00 -1.00 -1.00 -1.00 
 -1.00 -1.00 -1.00 -0.95 0.92 1.00 1.00 0.66 -1.00 -1.00 -1.00 -0.24 1.00 0.11 -1.00 -1.00 -1.00 -1.00 -1.00 -1.00 
 -1.00 -1.00 -1.00 -1.00 0.44 1.00 1.00 1.00 -0.81 -1.00 -0.91 0.80 0.84 -0.87 -1.00 -1.00 -1.00 -1.00 -1.00 -1.00 
 -1.00 -1.00 -1.00 -1.00 -0.07 1.00 1.00 1.00 -0.29 -1.00 0.01 1.00 -0.17 -1.00 -1.00 -1.00 -1.00 -1.00 -1.00 -1.00 
 -1.00 -1.00 -1.00 -1.00 -0.59 1.00 1.00 1.00 0.23 -0.78 0.92 0.66 -0.97 -1.00 -1.00 -1.00 -1.00 -1.00 -1.00 -1.00 
 -1.00 -1.00 -1.00 -1.00 -0.98 0.87 1.00 1.00 0.76 0.27 1.00 -0.45 -1.00 -1.00 -1.00 -1.00 -1.00 -1.00 -1.00 -1.00 
 -1.00 -1.00 -1.00 -1.00 -1.00 0.36 1.00 1.00 1.00 1.00 0.40 -1.00 -1.00 -1.00 -1.00 -1.00 -1.00 -1.00 -1.00 -1.00 
 -1.00 -1.00 -1.00 -1.00 -1.00 -0.15 1.00 1.00 1.00 0.96 -0.69 -1.00 -1.00 -1.00 -1.00 -1.00 -1.00 -1.00 -1.00 -1.00 
 -1.00 -1.00 -1.00 -1.00 -1.00 -0.67 1.00 1.00 1.00 0.12 -1.00 -1.00 -1.00 -1.00 -1.00 -1.00 -1.00 -1.00 -1.00 -1.00 
 -1.00 -1.00 -1.00 -1.00 -1.00 -0.99 0.80 1.00 0.84 -0.87 -1.00 -1.00 -1.00 -1.00 -1.00 -1.00 -1.00 -1.00 -1.00 -1.00 
 -1.00 -1.00 -1.00 -1.00 -1.00 -1.00 0.29 1.00 -0.16 -1.00 -1.00 -1.00 -1.00 -1.00 -1.00 -1.00 -1.00 -1.00 -1.00 -1.00 
 -1.00 -1.00 -1.00 -1.00 -1.00 -1.00 -0.67 -0.31 -0.97 -1.00 -1.00 -1.00 -1.00 -1.00 -1.00 -1.00 -1.00 -1.00 -1.00 -1.00 
 