-0.45 0.92 0.84 -0.52 -1.00 -1.00 -1.00 -1.00 -1.00 -1.00 -1.00 -1.00 -1.00 -1.00 -1.00 -1.00 -0.84 0.41 0.98 0.11 
 -0.08 1.00 1.00 0.31 -1.00 -1.00 -1.00 -1.00 -1.00 -1.00 -1.00 -1.00 -1.00 -1.00 -1.00 -0.99 0.44 1.00 1.00 -0.30 
 -0.47 1.00 1.00 0.71 -1.00 -1.00 -1.00 -1.00 -1.00 -1.00 -1.00 -1.00 -1.00 -1.00 -1.00 -0.32 1.00 1.00 0.47 -0.99 
 -0.86 1.00 1.00 0.99 -0.89 -1.00 -1.00 -1.00 -1.00 -1.00 -1.00 -1.00 -1.00 -1.00 -0.88 0.80 1.00 0.95 -0.70 -1.00 
 -1.00 0.74 1.00 1.00 -0.51 -1.00 -1.00 -1.00 -1.00 -1.00 -1.00 -1.00 -1.00 -1.00 0.16 1.00 1.00 -0.00 -1.00 -1.00 
 -1.00 0.35 1.00 1.00 -0.12 -1.00 -1.00 -1.00 -1.00 -1.00 -1.00 -1.00 -1.00 -0.58 0.98 1.00 0.70 -0.94 -1.00 -1.00 
 -1.00 -0.04 1.00 1.00 0.27 -1.00 -1.00 -1.00 -1.00 -1.00 -1.00 -1.00 -0.97 0.61 1.00 1.00 -0.48 -1.00 -1.00 -1.00 
 -1.00 -0.44 1.00 1.00 0.66 -1.00 -1.00 -1.00 -1.00 -1.00 -1.00 -1.00 -0.13 1.00 1.00 0.27 -1.00 -1.00 -1.00 -1.00 
 -1.00 -0.82 1.00 1.00 0.98 -0.92 -1.00 -1.00 -1.00 -1.00 -1.00 -0.78 0.90 1.00 0.86 -0.83 -1.00 -1.00 -1.00 -1.00 
 -1.00 -1.00 0.79 1.00 1.00 -0.56 -1.00 -1.00 -1.00 -1.00 -1.00 0.35 1.00 1.00 -0.21 -1.00 -1.00 -1.00 -1.00 -1.00 
 -1.00 -1.00 0.40 1.00 1.00 -0.17 -1.00 -1.00 -1.00 -1.00 -0.42 1.00 1.00 0.54 -0.98 -1.00 -1.00 -1.00 -1.00 -1.00 
 -1.00 -1.00 0.00 1.00 1.00 0.22 -1.00 -1.00 -1.00 -0.92 0.74 1.00 0.96 -0.65 -1.00 -1.00 -1.00 -1.00 -1.00 -1.00 
 -1.00 -1.00 -0.39 1.00 1.00 0.61 -1.00 -1.00 -1.00 0.06 1.00 1.00 0.07 -1.00 -1.00 -1.00 -1.00 -1.00 -1.00 -1.00 
 -1.00 -1.00 -0.78 1.00 1.00 0.95 -0.95 -1.00 -0.66 0.96 1.00 0.75 -0.91 -1.00 -1.00 -1.00 -1.00 -1.00 -1.00 -1.00 
 -1.00 -1.00 -0.99 0.83 1.00 1.00 -0.61 -0.98 0.52 1.00 1.00 -0.41 -1.00 -1.00 -1.00 -1.00 -1.00 -1.00 -1.00 -1.00 
 -1.00 -1.00 -1.00 0.44 1.00 1.00 -0.22 -0.23 1.00 1.00 0.34 -1.00 -1.00 -1.00 -1.00 -1.00 -1.00 -1.00 -1.00 -1.00 
 -1.00 -1.00 -1.00 0.04 1.00 1.00 0.33 0.85 1.00 0.89 -0.79 -1.00 -1.00 -1.00 -1.00 -1.00 -1.00 -1.00 -1.00 -1.00 
 -1.00 -1.00 -1.00 -0.35 1.00 1.00 1.00 1.00 1.00 -0.14 -1.00 -1.00 -1.00 -1.00 -1.00 -1.00 -1.00 -1.00 -1.00 -1.00 
 -1.00 -1.00 -1.00 -0.74 1.00 1.00 1.00 1.00 0.59 -0.98 -1.00 -1.00 -1.00 -1.00 -1.00 -1.00 -1.00 -1.00 -1.00 -1.00 
 -1.00 -1.00 -1.00 -0.99 0.47 1.00 1.00 0.68 -0.73 -1.00 -1.00 -1.00 -1.00 -1.00 -1.00 -1.00 -1.00 -1.00 -1.00 -1.00 
 