0.00 0.00 0.24 0.99 1.00 1.00 0.99 0.24 0.00 0.00 0.00 0.00 0.10 0.97 1.00 1.00 1.00 0.39 0.00 0.00 
 0.00 0.00 0.08 0.49 0.87 0.95 0.49 0.08 0.00 0.00 0.00 0.00 0.03 0.46 0.86 0.95 0.49 0.15 0.00 0.00 
 0.00 0.00 0.00 0.00 0.54 1.00 0.09 0.00 0.00 0.00 0.00 0.00 0.00 0.01 0.91 0.71 0.00 0.00 0.00 0.00 
 0.00 0.00 0.00 0.00 0.28 1.00 0.35 0.00 0.00 0.00 0.00 0.00 0.00 0.18 1.00 0.45 0.00 0.00 0.00 0.00 
 0.00 0.00 0.00 0.00 0.04 0.98 0.60 0.00 0.00 0.00 0.00 0.00 0.00 0.44 1.00 0.18 0.00 0.00 0.00 0.00 
 0.00 0.00 0.00 0.00 0.00 0.76 0.86 0.00 0.00 0.00 0.00 0.00 0.00 0.70 0.92 0.01 0.00 0.00 0.00 0.00 
 0.00 0.00 0.00 0.00 0.00 0.50 1.00 0.12 0.00 0.00 0.00 0.00 0.02 0.94 0.67 0.00 0.00 0.00 0.00 0.00 
 0.00 0.00 0.00 0.00 0.00 0.24 1.00 0.38 0.00 0.00 0.00 0.00 0.22 1.00 0.40 0.00 0.00 0.00 0.00 0.00 
 0.00 0.00 0.00 0.00 0.00 0.02 0.96 0.64 0.00 0.00 0.00 0.00 0.48 1.00 0.15 0.00 0.00 0.00 0.00 0.00 
 0.00 0.00 0.00 0.00 0.00 0.00 0.72 0.89 0.00 0.00 0.00 0.00 0.73 0.89 0.00 0.00 0.00 0.00 0.00 0.00 
 0.00 0.00 0.00 0.00 0.00 0.00 0.46 1.00 0.15 0.00 0.00 0.03 0.96 0.63 0.00 0.00 0.00 0.00 0.00 0.00 
 0.00 0.00 0.00 0.00 0.00 0.00 0.20 1.00 0.41 0.00 0.00 0.25 1.00 0.36 0.00 0.00 0.00 0.00 0.00 0.00 
 0.00 0.00 0.00 0.00 0.00 0.00 0.01 0.93 0.67 0.00 0.00 0.51 1.00 0.11 0.00 0.00 0.00 0.00 0.00 0.00 
 0.00 0.00 0.00 0.00 0.00 0.00 0.00 0.68 0.92 0.01 0.00 0.76 0.85 0.00 0.00 0.00 0.00 0.00 0.00 0.00 
 0.00 0.00 0.00 0.00 0.00 0.00 0.00 0.42 1.00 0.18 0.04 0.97 0.58 0.00 0.00 0.00 0.00 0.00 0.00 0.00 
 0.00 0.00 0.00 0.00 0.00 0.00 0.00 0.16 1.00 0.43 0.27 1.00 0.33 0.00 0.00 0.00 0.00 0.00 0.00 0.00 
 0.00 0.00 0.00 0.00 0.00 0.00 0.00 0.00 0.90 0.68 0.51 0.99 0.07 0.00 0.00 0.00 0.00 0.00 0.00 0.00 
 0.00 0.00 0.00 0.00 0.00 0.00 0.00 0.00 0.64 0.91 0.76 0.80 0.00 0.00 0.00 0.00 0.00 0.00 0.00 0.00 
 0.00 0.00 0.00 0.00 0.00 0.00 0.00 0.00 0.38 1.00 0.99 0.55 0.00 0.00 0.00 0.00 0.00 0.00 0.00 0.00 
 0.00 0.00 0.00 0.00 0.00 0.00 0.00 0.00 0.11 0.98 1.00 0.26 0.00 0.00 0.00 0.00 0.00 0.00 0.00 0.00 
 