0.00 0.00 0.00 0.00 0.00 0.00 0.00 0.00 0.00 0.00 0.00 0.00 0.00 0.00 0.00 0.00 0.00 0.00 0.00 0.00 
 0.69 0.67 0.57 0.57 0.57 0.57 0.57 0.62 0.72 0.18 0.00 0.00 0.00 0.18 0.72 0.59 0.57 0.57 0.57 0.64 
 0.41 0.62 0.98 1.00 1.00 1.00 0.82 0.55 0.43 0.11 0.00 0.00 0.00 0.11 0.45 0.59 0.92 1.00 1.00 0.76 
 0.00 0.00 0.59 1.00 1.00 1.00 0.35 0.00 0.00 0.00 0.00 0.00 0.00 0.00 0.00 0.00 0.64 1.00 0.76 0.02 
 0.00 0.00 0.18 0.98 1.00 1.00 0.64 0.00 0.00 0.00 0.00 0.00 0.00 0.00 0.00 0.04 0.88 0.98 0.25 0.00 
 0.00 0.00 0.00 0.72 1.00 1.00 0.90 0.04 0.00 0.00 0.00 0.00 0.00 0.00 0.00 0.23 1.00 0.72 0.00 0.00 
 0.00 0.00 0.00 0.31 1.00 1.00 1.00 0.37 0.00 0.00 0.00 0.00 0.00 0.00 0.00 0.59 0.98 0.25 0.00 0.00 
 0.00 0.00 0.00 0.06 0.86 1.00 1.00 0.76 0.00 0.00 0.00 0.00 0.00 0.00 0.08 0.94 0.78 0.00 0.00 0.00 
 0.00 0.00 0.00 0.00 0.43 1.00 1.00 0.96 0.18 0.00 0.00 0.00 0.00 0.00 0.37 0.98 0.31 0.00 0.00 0.00 
 0.00 0.00 0.00 0.00 0.11 0.94 1.00 1.00 0.59 0.00 0.00 0.00 0.00 0.02 0.78 0.78 0.00 0.00 0.00 0.00 
 0.00 0.00 0.00 0.00 0.00 0.57 1.00 1.00 0.90 0.04 0.00 0.00 0.00 0.23 1.00 0.39 0.00 0.00 0.00 0.00 
 0.00 0.00 0.00 0.00 0.00 0.18 0.98 1.00 1.00 0.37 0.00 0.00 0.00 0.59 0.84 0.02 0.00 0.00 0.00 0.00 
 0.00 0.00 0.00 0.00 0.00 0.00 0.72 1.00 1.00 0.78 0.00 0.00 0.13 0.96 0.47 0.00 0.00 0.00 0.00 0.00 
 0.00 0.00 0.00 0.00 0.00 0.00 0.31 1.00 1.00 0.98 0.21 0.00 0.47 0.92 0.08 0.00 0.00 0.00 0.00 0.00 
 0.00 0.00 0.00 0.00 0.00 0.00 0.06 0.86 1.00 1.00 0.64 0.06 0.88 0.62 0.00 0.00 0.00 0.00 0.00 0.00 
 0.00 0.00 0.00 0.00 0.00 0.00 0.00 0.43 1.00 1.00 0.92 0.41 0.96 0.18 0.00 0.00 0.00 0.00 0.00 0.00 
 0.00 0.00 0.00 0.00 0.00 0.00 0.00 0.11 0.94 1.00 1.00 0.98 0.74 0.00 0.00 0.00 0.00 0.00 0.00 0.00 
 0.00 0.00 0.00 0.00 0.00 0.00 0.00 0.00 0.59 1.00 1.00 1.00 0.35 0.00 0.00 0.00 0.00 0.00 0.00 0.00 
 0.00 0.00 0.00 0.00 0.00 0.00 0.00 0.00 0.23 1.00 1.00 0.86 0.02 0.00 0.00 0.00 0.00 0.00 0.00 0.00 
 0.00 0.00 0.00 0.00 0.00 0.00 0.00 0.00 0.02 0.72 0.86 0.47 0.00 0.00 0.00 0.00 0.00 0.00 0.00 0.00 
 