0.76 0.86 0.86 0.86 0.86 0.23 0.00 0.00 0.00 0.00 0.00 0.00 0.00 0.00 0.00 0.35 0.86 0.86 0.86 0.86 
 0.59 1.00 1.00 1.00 1.00 0.53 0.00 0.00 0.00 0.00 0.00 0.00 0.00 0.00 0.11 0.90 1.00 1.00 1.00 1.00 
 0.29 1.00 1.00 1.00 1.00 0.80 0.00 0.00 0.00 0.00 0.00 0.00 0.00 0.00 0.53 1.00 1.00 1.00 1.00 0.94 
 0.11 0.96 1.00 1.00 1.00 0.94 0.11 0.00 0.00 0.00 0.00 0.00 0.00 0.16 0.96 1.00 1.00 1.00 1.00 0.43 
 0.00 0.67 1.00 1.00 1.00 1.00 0.37 0.00 0.00 0.00 0.00 0.00 0.02 0.69 1.00 1.00 1.00 1.00 0.76 0.02 
 0.00 0.37 1.00 1.00 1.00 1.00 0.64 0.00 0.00 0.00 0.00 0.00 0.29 1.00 1.00 1.00 1.00 0.96 0.18 0.00 
 0.00 0.13 0.98 1.00 1.00 1.00 0.84 0.00 0.00 0.00 0.00 0.04 0.82 1.00 1.00 1.00 1.00 0.51 0.00 0.00 
 0.00 0.00 0.76 1.00 1.00 1.00 0.98 0.18 0.00 0.00 0.00 0.41 1.00 1.00 1.00 1.00 0.84 0.04 0.00 0.00 
 0.00 0.00 0.47 1.00 1.00 1.00 1.00 0.45 0.00 0.00 0.11 0.92 1.00 1.00 1.00 0.98 0.29 0.00 0.00 0.00 
 0.00 0.00 0.18 1.00 1.00 1.00 1.00 0.74 0.00 0.00 0.57 1.00 1.00 1.00 1.00 0.62 0.00 0.00 0.00 0.00 
 0.00 0.00 0.04 0.86 1.00 1.00 1.00 0.90 0.04 0.21 0.98 1.00 1.00 1.00 0.88 0.08 0.00 0.00 0.00 0.00 
 0.00 0.00 0.00 0.55 1.00 1.00 1.00 1.00 0.31 0.74 1.00 1.00 1.00 0.98 0.35 0.00 0.00 0.00 0.00 0.00 
 0.00 0.00 0.00 0.25 1.00 1.00 1.00 1.00 0.84 1.00 1.00 1.00 1.00 0.69 0.00 0.00 0.00 0.00 0.00 0.00 
 0.00 0.00 0.00 0.08 0.92 1.00 1.00 1.00 1.00 1.00 1.00 1.00 0.92 0.15 0.00 0.00 0.00 0.00 0.00 0.00 
 0.00 0.00 0.00 0.00 0.62 1.00 1.00 1.00 1.00 1.00 1.00 1.00 0.45 0.00 0.00 0.00 0.00 0.00 0.00 0.00 
 0.00 0.00 0.00 0.00 0.33 1.00 1.00 1.00 1.00 1.00 1.00 0.76 0.02 0.00 0.00 0.00 0.00 0.00 0.00 0.00 
 0.00 0.00 0.00 0.00 0.13 0.98 1.00 1.00 1.00 1.00 0.96 0.21 0.00 0.00 0.00 0.00 0.00 0.00 0.00 0.00 
 0.00 0.00 0.00 0.00 0.00 0.72 1.00 1.00 1.00 1.00 0.53 0.00 0.00 0.00 0.00 0.00 0.00 0.00 0.00 0.00 
 0.00 0.00 0.00 0.00 0.00 0.43 1.00 1.00 1.00 0.84 0.04 0.00 0.00 0.00 0.00 0.00 0.00 0.00 0.00 0.00 
 0.00 0.00 0.00 0.00 0.00 0.16 1.00 1.00 0.98 0.29 0.00 0.00 0.00 0.00 0.00 0.00 0.00 0.00 0.00 0.00 
 