0.00 0.31 1.00 1.00 1.00 1.00 0.43 0.00 0.00 0.00 0.00 0.00 0.00 0.00 0.31 1.00 1.00 1.00 1.00 0.37 
 0.00 0.13 0.98 1.00 1.00 1.00 0.69 0.00 0.00 0.00 0.00 0.00 0.00 0.00 0.57 1.00 1.00 1.00 0.94 0.08 
 0.00 0.00 0.74 1.00 1.00 1.00 0.88 0.02 0.00 0.00 0.00 0.00 0.00 0.02 0.84 1.00 1.00 1.00 0.76 0.00 
 0.00 0.00 0.45 1.00 1.00 1.00 1.00 0.21 0.00 0.00 0.00 0.00 0.00 0.16 1.00 1.00 1.00 1.00 0.47 0.00 
 0.00 0.00 0.21 1.00 1.00 1.00 1.00 0.45 0.00 0.00 0.00 0.00 0.00 0.39 1.00 1.00 1.00 0.98 0.18 0.00 
 0.00 0.00 0.06 0.90 1.00 1.00 1.00 0.69 0.00 0.00 0.00 0.00 0.00 0.65 1.00 1.00 1.00 0.82 0.00 0.00 
 0.00 0.00 0.00 0.62 1.00 1.00 1.00 0.88 0.02 0.00 0.00 0.00 0.06 0.92 1.00 1.00 1.00 0.57 0.00 0.00 
 0.00 0.00 0.00 0.33 1.00 1.00 1.00 1.00 0.25 0.00 0.00 0.00 0.18 1.00 1.00 1.00 1.00 0.27 0.00 0.00 
 0.00 0.00 0.00 0.13 0.98 1.00 1.00 1.00 0.49 0.00 0.00 0.00 0.45 1.00 1.00 1.00 0.88 0.02 0.00 0.00 
 0.00 0.00 0.00 0.00 0.76 1.00 1.00 1.00 0.74 0.00 0.00 0.00 0.69 1.00 1.00 1.00 0.65 0.00 0.00 0.00 
 0.00 0.00 0.00 0.00 0.49 1.00 1.00 1.00 0.88 0.02 0.00 0.11 0.96 1.00 1.00 1.00 0.33 0.00 0.00 0.00 
 0.00 0.00 0.00 0.00 0.23 1.00 1.00 1.00 1.00 0.25 0.00 0.25 1.00 1.00 1.00 0.92 0.06 0.00 0.00 0.00 
 0.00 0.00 0.00 0.00 0.08 0.92 1.00 1.00 1.00 0.49 0.00 0.49 1.00 1.00 1.00 0.76 0.00 0.00 0.00 0.00 
 0.00 0.00 0.00 0.00 0.00 0.65 1.00 1.00 1.00 0.74 0.00 0.76 1.00 1.00 1.00 0.45 0.00 0.00 0.00 0.00 
 0.00 0.00 0.00 0.00 0.00 0.39 1.00 1.00 1.00 0.88 0.15 0.98 1.00 1.00 0.96 0.15 0.00 0.00 0.00 0.00 
 0.00 0.00 0.00 0.00 0.00 0.16 1.00 1.00 1.00 1.00 0.45 1.00 1.00 1.00 0.82 0.00 0.00 0.00 0.00 0.00 
 0.00 0.00 0.00 0.00 0.00 0.02 0.82 1.00 1.00 1.00 0.90 1.00 1.00 1.00 0.53 0.00 0.00 0.00 0.00 0.00 
 0.00 0.00 0.00 0.00 0.00 0.00 0.55 1.00 1.00 1.00 1.00 1.00 1.00 0.98 0.23 0.00 0.00 0.00 0.00 0.00 
 0.00 0.00 0.00 0.00 0.00 0.00 0.27 1.00 1.00 1.00 1.00 1.00 1.00 0.84 0.00 0.00 0.00 0.00 0.00 0.00 
 0.00 0.00 0.00 0.00 0.00 0.00 0.11 0.96 1.00 1.00 1.00 1.00 1.00 0.62 0.00 0.00 0.00 0.00 0.00 0.00 
 