0.00 0.00 0.00 0.00 0.00 0.00 0.00 0.00 0.00 0.00 0.00 0.00 0.00 0.00 0.00 0.00 0.07 0.61 0.80 0.40 
 0.00 0.00 0.00 0.00 0.00 0.00 0.00 0.00 0.00 0.00 0.00 0.00 0.00 0.00 0.00 0.10 0.87 1.00 1.00 0.79 
 0.00 0.00 0.00 0.00 0.00 0.00 0.00 0.00 0.00 0.00 0.00 0.00 0.00 0.00 0.04 0.74 0.88 0.60 1.00 0.41 
 0.00 0.00 0.00 0.00 0.00 0.00 0.00 0.00 0.00 0.00 0.00 0.00 0.00 0.00 0.20 0.53 0.10 0.31 0.83 0.04 
 0.00 0.00 0.00 0.00 0.00 0.00 0.06 0.00 0.00 0.00 0.00 0.00 0.00 0.00 0.00 0.00 0.05 0.90 0.44 0.00 
 0.00 0.00 0.00 0.00 0.09 0.53 0.93 0.26 0.00 0.00 0.00 0.00 0.00 0.00 0.00 0.00 0.32 0.98 0.15 0.00 
 0.00 0.00 0.25 0.67 0.94 1.00 0.99 0.25 0.00 0.00 0.00 0.00 0.00 0.00 0.00 0.07 0.90 0.73 0.00 0.00 
 0.05 0.48 0.99 1.00 1.00 1.00 0.89 0.00 0.00 0.00 0.00 0.00 0.00 0.00 0.00 0.57 1.00 0.30 0.00 0.00 
 0.36 0.90 0.45 0.61 1.00 1.00 0.91 0.03 0.00 0.00 0.00 0.00 0.00 0.00 0.22 0.99 0.77 0.02 0.00 0.00 
 0.05 0.13 0.00 0.22 1.00 1.00 1.00 0.11 0.00 0.00 0.00 0.00 0.00 0.06 0.85 0.91 0.09 0.00 0.00 0.00 
 0.00 0.00 0.00 0.15 0.95 1.00 1.00 0.14 0.00 0.00 0.00 0.00 0.02 0.55 1.00 0.56 0.00 0.00 0.00 0.00 
 0.00 0.00 0.00 0.02 0.73 1.00 1.00 0.27 0.00 0.00 0.00 0.00 0.36 1.00 0.85 0.05 0.00 0.00 0.00 0.00 
 0.00 0.00 0.00 0.00 0.77 1.00 1.00 0.42 0.00 0.00 0.00 0.09 0.87 1.00 0.40 0.00 0.00 0.00 0.00 0.00 
 0.00 0.00 0.00 0.00 0.73 1.00 1.00 0.77 0.00 0.00 0.02 0.77 1.00 0.78 0.04 0.00 0.00 0.00 0.00 0.00 
 0.00 0.00 0.00 0.00 0.67 1.00 1.00 0.98 0.20 0.03 0.53 1.00 0.87 0.13 0.00 0.00 0.00 0.00 0.00 0.00 
 0.00 0.00 0.00 0.00 0.33 1.00 1.00 1.00 0.38 0.65 1.00 0.73 0.06 0.00 0.00 0.00 0.00 0.00 0.00 0.00 
 0.00 0.00 0.00 0.00 0.20 1.00 1.00 1.00 0.90 0.99 0.65 0.02 0.00 0.00 0.00 0.00 0.00 0.00 0.00 0.00 
 0.00 0.00 0.00 0.00 0.10 0.99 1.00 1.00 0.95 0.36 0.00 0.00 0.00 0.00 0.00 0.00 0.00 0.00 0.00 0.00 
 0.00 0.00 0.00 0.00 0.00 0.83 1.00 0.99 0.42 0.00 0.00 0.00 0.00 0.00 0.00 0.00 0.00 0.00 0.00 0.00 
 0.00 0.00 0.00 0.00 0.00 0.73 0.99 0.49 0.00 0.00 0.00 0.00 0.00 0.00 0.00 0.00 0.00 0.00 0.00 0.00 
 