0.00 0.00 0.00 0.00 0.00 0.00 0.00 0.00 0.00 0.00 0.00 0.00 0.00 0.00 0.00 0.00 0.00 0.00 0.00 0.00 
 0.15 0.15 0.15 0.15 0.15 0.15 0.15 0.15 0.15 0.15 0.02 0.00 0.06 0.15 0.15 0.15 0.15 0.15 0.15 0.15 
 1.00 1.00 1.00 1.00 1.00 1.00 1.00 1.00 1.00 1.00 0.15 0.00 0.43 1.00 1.00 1.00 1.00 1.00 1.00 1.00 
 0.37 0.72 1.00 1.00 1.00 1.00 1.00 0.96 0.39 0.29 0.04 0.00 0.13 0.43 0.76 1.00 1.00 1.00 0.80 0.47 
 0.00 0.02 0.59 1.00 1.00 1.00 1.00 0.88 0.02 0.00 0.00 0.00 0.00 0.00 0.02 0.78 1.00 0.76 0.02 0.00 
 0.00 0.00 0.08 0.92 1.00 1.00 1.00 1.00 0.31 0.00 0.00 0.00 0.00 0.00 0.02 0.80 0.98 0.25 0.00 0.00 
 0.00 0.00 0.00 0.53 1.00 1.00 1.00 1.00 0.74 0.00 0.00 0.00 0.00 0.00 0.21 1.00 0.76 0.00 0.00 0.00 
 0.00 0.00 0.00 0.15 0.98 1.00 1.00 1.00 0.96 0.18 0.00 0.00 0.00 0.00 0.59 1.00 0.33 0.00 0.00 0.00 
 0.00 0.00 0.00 0.00 0.62 1.00 1.00 1.00 1.00 0.62 0.00 0.00 0.00 0.13 0.96 0.82 0.02 0.00 0.00 0.00 
 0.00 0.00 0.00 0.00 0.21 0.98 1.00 1.00 1.00 0.92 0.08 0.00 0.00 0.47 1.00 0.43 0.00 0.00 0.00 0.00 
 0.00 0.00 0.00 0.00 0.00 0.69 1.00 1.00 1.00 1.00 0.49 0.00 0.06 0.88 0.88 0.04 0.00 0.00 0.00 0.00 
 0.00 0.00 0.00 0.00 0.00 0.27 1.00 1.00 1.00 1.00 0.86 0.02 0.35 1.00 0.53 0.00 0.00 0.00 0.00 0.00 
 0.00 0.00 0.00 0.00 0.00 0.04 0.82 1.00 1.00 1.00 1.00 0.39 0.80 0.94 0.13 0.00 0.00 0.00 0.00 0.00 
 0.00 0.00 0.00 0.00 0.00 0.00 0.35 1.00 1.00 1.00 1.00 0.92 1.00 0.67 0.00 0.00 0.00 0.00 0.00 0.00 
 0.00 0.00 0.00 0.00 0.00 0.00 0.06 0.88 1.00 1.00 1.00 1.00 0.98 0.23 0.00 0.00 0.00 0.00 0.00 0.00 
 0.00 0.00 0.00 0.00 0.00 0.00 0.00 0.45 1.00 1.00 1.00 1.00 0.76 0.00 0.00 0.00 0.00 0.00 0.00 0.00 
 0.00 0.00 0.00 0.00 0.00 0.00 0.00 0.11 0.94 1.00 1.00 1.00 0.33 0.00 0.00 0.00 0.00 0.00 0.00 0.00 
 0.00 0.00 0.00 0.00 0.00 0.00 0.00 0.00 0.53 1.00 1.00 0.82 0.02 0.00 0.00 0.00 0.00 0.00 0.00 0.00 
 0.00 0.00 0.00 0.00 0.00 0.00 0.00 0.00 0.13 0.57 0.57 0.31 0.00 0.00 0.00 0.00 0.00 0.00 0.00 0.00 
 0.00 0.00 0.00 0.00 0.00 0.00 0.00 0.00 0.00 0.00 0.00 0.00 0.00 0.00 0.00 0.00 0.00 0.00 0.00 0.00 
 