0.00 0.00 0.00 0.00 0.00 0.00 0.00 0.00 0.00 0.00 0.00 0.00 0.00 0.00 0.00 0.00 0.00 0.00 0.00 0.00 
 0.00 0.00 0.00 0.00 0.00 0.00 0.00 0.00 0.00 0.00 0.00 0.00 0.00 0.00 0.00 0.00 0.00 0.00 0.00 0.00 
 0.57 0.72 0.72 0.72 0.72 0.72 0.72 0.72 0.37 0.00 0.00 0.00 0.06 0.64 0.72 0.72 0.72 0.72 0.72 0.72 
 0.72 0.86 0.88 1.00 0.96 0.86 0.86 0.86 0.47 0.00 0.00 0.00 0.08 0.78 0.86 0.86 0.88 1.00 0.94 0.86 
 0.00 0.00 0.02 0.80 0.84 0.02 0.00 0.00 0.00 0.00 0.00 0.00 0.00 0.00 0.00 0.00 0.33 1.00 0.37 0.00 
 0.00 0.00 0.00 0.37 1.00 0.33 0.00 0.00 0.00 0.00 0.00 0.00 0.00 0.00 0.00 0.02 0.74 0.88 0.04 0.00 
 0.00 0.00 0.00 0.08 0.92 0.74 0.00 0.00 0.00 0.00 0.00 0.00 0.00 0.00 0.00 0.18 1.00 0.55 0.00 0.00 
 0.00 0.00 0.00 0.00 0.51 0.96 0.18 0.00 0.00 0.00 0.00 0.00 0.00 0.00 0.00 0.53 0.96 0.15 0.00 0.00 
 0.00 0.00 0.00 0.00 0.15 0.98 0.62 0.00 0.00 0.00 0.00 0.00 0.00 0.00 0.08 0.92 0.74 0.00 0.00 0.00 
 0.00 0.00 0.00 0.00 0.00 0.65 0.92 0.08 0.00 0.00 0.00 0.00 0.00 0.00 0.35 1.00 0.35 0.00 0.00 0.00 
 0.00 0.00 0.00 0.00 0.00 0.25 1.00 0.47 0.00 0.00 0.00 0.00 0.00 0.02 0.78 0.86 0.02 0.00 0.00 0.00 
 0.00 0.00 0.00 0.00 0.00 0.02 0.80 0.84 0.02 0.00 0.00 0.00 0.00 0.23 1.00 0.51 0.00 0.00 0.00 0.00 
 0.00 0.00 0.00 0.00 0.00 0.00 0.37 1.00 0.33 0.00 0.00 0.00 0.00 0.59 0.94 0.13 0.00 0.00 0.00 0.00 
 0.00 0.00 0.00 0.00 0.00 0.00 0.08 0.92 0.74 0.00 0.00 0.00 0.13 0.96 0.67 0.00 0.00 0.00 0.00 0.00 
 0.00 0.00 0.00 0.00 0.00 0.00 0.00 0.51 0.96 0.18 0.00 0.00 0.41 0.98 0.27 0.00 0.00 0.00 0.00 0.00 
 0.00 0.00 0.00 0.00 0.00 0.00 0.00 0.15 0.98 0.62 0.00 0.02 0.80 0.80 0.00 0.00 0.00 0.00 0.00 0.00 
 0.00 0.00 0.00 0.00 0.00 0.00 0.00 0.00 0.64 0.92 0.08 0.25 1.00 0.45 0.00 0.00 0.00 0.00 0.00 0.00 
 0.00 0.00 0.00 0.00 0.00 0.00 0.00 0.00 0.23 1.00 0.57 0.69 0.92 0.08 0.00 0.00 0.00 0.00 0.00 0.00 
 0.00 0.00 0.00 0.00 0.00 0.00 0.00 0.00 0.02 0.78 1.00 1.00 0.65 0.00 0.00 0.00 0.00 0.00 0.00 0.00 
 0.00 0.00 0.00 0.00 0.00 0.00 0.00 0.00 0.00 0.15 0.29 0.29 0.11 0.00 0.00 0.00 0.00 0.00 0.00 0.00 
 