-1.00 -1.00 -1.00 -1.00 -1.00 -1.00 -1.00 -1.00 -1.00 -1.00 -1.00 -1.00 -1.00 -1.00 -1.00 -1.00 -1.00 -1.00 -1.00 -1.00 
 -1.00 -1.00 -1.00 -1.00 -1.00 -1.00 -1.00 -1.00 -1.00 -1.00 -1.00 -1.00 -1.00 -1.00 -1.00 -1.00 -1.00 -1.00 -1.00 -1.00 
 -0.17 0.13 -0.02 -0.88 -1.00 -1.00 -1.00 -1.00 -0.76 0.06 -0.00 -0.86 -1.00 -1.00 -1.00 -1.00 -0.95 -0.07 0.13 -0.14 
 0.84 1.00 1.00 0.05 -1.00 -1.00 -1.00 -1.00 0.41 1.00 1.00 0.14 -1.00 -1.00 -1.00 -1.00 -0.18 1.00 1.00 0.89 
 0.32 1.00 1.00 0.65 -1.00 -1.00 -1.00 -0.91 0.95 1.00 1.00 0.73 -0.99 -1.00 -1.00 -1.00 0.43 1.00 1.00 0.37 
 -0.24 1.00 1.00 1.00 -0.77 -1.00 -1.00 -0.40 1.00 1.00 1.00 1.00 -0.70 -1.00 -1.00 -0.94 0.92 1.00 1.00 -0.18 
 -0.78 1.00 1.00 1.00 -0.22 -1.00 -1.00 0.15 1.00 0.93 1.00 1.00 -0.14 -1.00 -1.00 -0.46 1.00 1.00 1.00 -0.74 
 -1.00 0.66 1.00 1.00 0.35 -1.00 -1.00 0.70 1.00 0.36 1.00 1.00 0.43 -1.00 -1.00 0.10 1.00 1.00 0.70 -1.00 
 -1.00 0.11 1.00 1.00 0.88 -0.96 -0.74 1.00 1.00 -0.47 1.00 1.00 0.93 -0.93 -1.00 0.66 1.00 1.00 0.15 -1.00 
 -1.00 -0.44 1.00 1.00 1.00 -0.52 -0.18 1.00 0.69 -0.98 0.87 1.00 1.00 -0.44 -0.78 1.00 1.00 1.00 -0.41 -1.00 
 -1.00 -0.93 0.94 1.00 1.00 0.04 0.38 1.00 0.18 -1.00 0.39 1.00 1.00 0.13 -0.22 1.00 1.00 0.95 -0.91 -1.00 
 -1.00 -1.00 0.45 1.00 1.00 0.65 0.91 1.00 -0.36 -1.00 -0.14 1.00 1.00 0.69 0.33 1.00 1.00 0.47 -1.00 -1.00 
 -1.00 -1.00 -0.10 1.00 1.00 1.00 1.00 0.98 -0.87 -1.00 -0.67 1.00 1.00 1.00 0.93 1.00 1.00 -0.08 -1.00 -1.00 
 -1.00 -1.00 -0.65 1.00 1.00 1.00 1.00 0.55 -1.00 -1.00 -0.99 0.78 1.00 1.00 1.00 1.00 1.00 -0.64 -1.00 -1.00 
 -1.00 -1.00 -0.99 0.76 1.00 1.00 1.00 -0.05 -1.00 -1.00 -1.00 0.18 1.00 1.00 1.00 1.00 0.76 -0.99 -1.00 -1.00 
 -1.00 -1.00 -1.00 -0.55 0.25 0.29 0.10 -0.89 -1.00 -1.00 -1.00 -0.81 0.15 0.29 0.29 0.25 -0.51 -1.00 -1.00 -1.00 
 -1.00 -1.00 -1.00 -1.00 -1.00 -1.00 -1.00 -1.00 -1.00 -1.00 -1.00 -1.00 -1.00 -1.00 -1.00 -1.00 -1.00 -1.00 -1.00 -1.00 
 -1.00 -1.00 -1.00 -1.00 -1.00 -1.00 -1.00 -1.00 -1.00 -1.00 -1.00 -1.00 -1.00 -1.00 -1.00 -1.00 -1.00 -1.00 -1.00 -1.00 
 -1.00 -1.00 -1.00 -1.00 -1.00 -1.00 -1.00 -1.00 -1.00 -1.00 -1.00 -1.00 -1.00 -1.00 -1.00 -1.00 -1.00 -1.00 -1.00 -1.00 
 -1.00 -1.00 -1.00 -1.00 -1.00 -1.00 -1.00 -1.00 -1.00 -1.00 -1.00 -1.00 -1.00 -1.00 -1.00 -1.00 -1.00 -1.00 -1.00 -1.00 
 