-1.00 -1.00 -1.00 -1.00 -1.00 -1.00 -1.00 -1.00 -1.00 -1.00 -1.00 -1.00 -1.00 -1.00 -1.00 -1.00 -1.00 -1.00 -1.00 -1.00 
 -1.00 -1.00 -1.00 -1.00 -1.00 -1.00 -1.00 -1.00 -1.00 -1.00 -1.00 -1.00 -1.00 -1.00 -1.00 -1.00 -1.00 -1.00 -1.00 -1.00 
 0.58 0.58 0.58 0.58 0.58 0.58 0.03 0.24 0.58 0.58 0.58 0.58 0.58 0.08 0.18 0.58 0.58 0.58 0.58 0.58 
 1.00 1.00 1.00 1.00 1.00 1.00 0.31 0.58 1.00 1.00 1.00 1.00 1.00 0.38 0.51 1.00 1.00 1.00 1.00 1.00 
 -0.12 0.91 1.00 1.00 1.00 0.45 -0.63 -0.44 0.83 1.00 1.00 1.00 0.38 -0.62 -0.51 0.61 1.00 1.00 0.87 -0.20 
 -1.00 -0.13 1.00 1.00 1.00 -0.20 -1.00 -1.00 0.01 1.00 1.00 1.00 -0.18 -1.00 -1.00 -0.07 1.00 1.00 -0.33 -1.00 
 -1.00 -0.87 0.93 1.00 1.00 0.51 -1.00 -1.00 0.22 1.00 1.00 1.00 0.46 -1.00 -1.00 0.60 1.00 0.78 -0.98 -1.00 
 -1.00 -1.00 0.25 1.00 1.00 1.00 -0.69 -0.98 0.84 1.00 1.00 1.00 0.98 -0.83 -0.65 1.00 1.00 0.04 -1.00 -1.00 
 -1.00 -1.00 -0.55 1.00 1.00 1.00 0.07 -0.52 1.00 1.00 1.00 1.00 1.00 -0.17 0.11 1.00 0.99 -0.72 -1.00 -1.00 
 -1.00 -1.00 -0.99 0.64 1.00 1.00 0.82 0.15 1.00 0.82 0.87 1.00 1.00 0.55 0.82 1.00 0.51 -1.00 -1.00 -1.00 
 -1.00 -1.00 -1.00 -0.17 1.00 1.00 1.00 0.96 1.00 0.15 0.23 1.00 1.00 1.00 1.00 1.00 -0.25 -1.00 -1.00 -1.00 
 -1.00 -1.00 -1.00 -0.89 0.91 1.00 1.00 1.00 1.00 -0.55 -0.45 1.00 1.00 1.00 1.00 0.90 -0.91 -1.00 -1.00 -1.00 
 -1.00 -1.00 -1.00 -1.00 0.21 1.00 1.00 1.00 0.74 -0.99 -0.97 0.83 1.00 1.00 1.00 0.22 -1.00 -1.00 -1.00 -1.00 
 -1.00 -1.00 -1.00 -1.00 -0.60 1.00 1.00 1.00 0.05 -1.00 -1.00 0.17 1.00 1.00 1.00 -0.54 -1.00 -1.00 -1.00 -1.00 
 -1.00 -1.00 -1.00 -1.00 -1.00 0.09 0.25 0.25 -0.69 -1.00 -1.00 -0.62 0.25 0.25 0.15 -0.99 -1.00 -1.00 -1.00 -1.00 
 -1.00 -1.00 -1.00 -1.00 -1.00 -1.00 -1.00 -1.00 -1.00 -1.00 -1.00 -1.00 -1.00 -1.00 -1.00 -1.00 -1.00 -1.00 -1.00 -1.00 
 -1.00 -1.00 -1.00 -1.00 -1.00 -1.00 -1.00 -1.00 -1.00 -1.00 -1.00 -1.00 -1.00 -1.00 -1.00 -1.00 -1.00 -1.00 -1.00 -1.00 
 -1.00 -1.00 -1.00 -1.00 -1.00 -1.00 -1.00 -1.00 -1.00 -1.00 -1.00 -1.00 -1.00 -1.00 -1.00 -1.00 -1.00 -1.00 -1.00 -1.00 
 -1.00 -1.00 -1.00 -1.00 -1.00 -1.00 -1.00 -1.00 -1.00 -1.00 -1.00 -1.00 -1.00 -1.00 -1.00 -1.00 -1.00 -1.00 -1.00 -1.00 
 -1.00 -1.00 -1.00 -1.00 -1.00 -1.00 -1.00 -1.00 -1.00 -1.00 -1.00 -1.00 -1.00 -1.00 -1.00 -1.00 -1.00 -1.00 -1.00 -1.00 
 