-1.00 -1.00 -1.00 -1.00 -1.00 -1.00 -1.00 -1.00 -1.00 -1.00 -1.00 -1.00 -1.00 -1.00 -1.00 -1.00 -1.00 -1.00 -1.00 -1.00 
 -1.00 -1.00 -1.00 -1.00 -1.00 -1.00 -1.00 -1.00 -1.00 -1.00 -1.00 -1.00 -1.00 -1.00 -1.00 -1.00 -1.00 -1.00 -1.00 -1.00 
 0.44 0.62 0.62 0.50 -0.99 -1.00 -1.00 -1.00 0.36 0.62 0.62 0.61 -0.93 -1.00 -1.00 -1.00 0.40 0.62 0.62 0.52 
 0.26 1.00 1.00 1.00 -0.74 -1.00 -1.00 -0.90 0.98 1.00 1.00 1.00 -0.55 -1.00 -1.00 -0.87 0.99 1.00 1.00 0.38 
 -0.30 1.00 1.00 1.00 -0.29 -1.00 -1.00 -0.49 1.00 1.00 1.00 1.00 -0.12 -1.00 -1.00 -0.46 1.00 1.00 1.00 -0.18 
 -0.84 0.98 1.00 1.00 0.17 -1.00 -1.00 -0.06 1.00 1.00 1.00 1.00 0.31 -1.00 -1.00 -0.02 1.00 1.00 1.00 -0.75 
 -1.00 0.58 1.00 1.00 0.62 -1.00 -1.00 0.37 1.00 0.98 0.87 1.00 0.74 -1.00 -1.00 0.41 1.00 1.00 0.68 -1.00 
 -1.00 0.01 1.00 1.00 0.98 -0.90 -0.99 0.80 1.00 0.65 0.40 1.00 1.00 -0.84 -0.99 0.84 1.00 1.00 0.11 -1.00 
 -1.00 -0.55 1.00 1.00 1.00 -0.47 -0.76 1.00 1.00 0.20 -0.03 1.00 1.00 -0.40 -0.72 1.00 1.00 1.00 -0.45 -1.00 
 -1.00 -0.97 0.87 1.00 1.00 -0.01 -0.33 1.00 1.00 -0.25 -0.45 1.00 1.00 0.02 -0.29 1.00 1.00 0.92 -0.94 -1.00 
 -1.00 -1.00 0.33 1.00 1.00 0.44 0.11 1.00 1.00 -0.70 -0.87 0.99 1.00 0.45 0.15 1.00 1.00 0.42 -1.00 -1.00 
 -1.00 -1.00 -0.24 1.00 1.00 0.88 0.56 1.00 0.84 -0.99 -1.00 0.70 1.00 0.87 0.59 1.00 1.00 -0.15 -1.00 -1.00 
 -1.00 -1.00 -0.80 1.00 1.00 1.00 0.99 1.00 0.40 -1.00 -1.00 0.27 1.00 1.00 0.99 1.00 1.00 -0.72 -1.00 -1.00 
 -1.00 -1.00 -1.00 0.64 1.00 1.00 1.00 1.00 -0.06 -1.00 -1.00 -0.15 1.00 1.00 1.00 1.00 0.72 -1.00 -1.00 -1.00 
 -1.00 -1.00 -1.00 0.07 1.00 1.00 1.00 1.00 -0.51 -1.00 -1.00 -0.58 1.00 1.00 1.00 1.00 0.15 -1.00 -1.00 -1.00 
 -1.00 -1.00 -1.00 -0.49 1.00 1.00 1.00 0.96 -0.92 -1.00 -1.00 -0.95 0.95 1.00 1.00 1.00 -0.41 -1.00 -1.00 -1.00 
 -1.00 -1.00 -1.00 -0.95 -0.14 -0.14 -0.14 -0.26 -1.00 -1.00 -1.00 -1.00 -0.27 -0.14 -0.14 -0.14 -0.92 -1.00 -1.00 -1.00 
 -1.00 -1.00 -1.00 -1.00 -1.00 -1.00 -1.00 -1.00 -1.00 -1.00 -1.00 -1.00 -1.00 -1.00 -1.00 -1.00 -1.00 -1.00 -1.00 -1.00 
 -1.00 -1.00 -1.00 -1.00 -1.00 -1.00 -1.00 -1.00 -1.00 -1.00 -1.00 -1.00 -1.00 -1.00 -1.00 -1.00 -1.00 -1.00 -1.00 -1.00 
 -1.00 -1.00 -1.00 -1.00 -1.00 -1.00 -1.00 -1.00 -1.00 -1.00 -1.00 -1.00 -1.00 -1.00 -1.00 -1.00 -1.00 -1.00 -1.00 -1.00 
 