-1.00 -1.00 -1.00 -1.00 -1.00 -1.00 -1.00 -1.00 -1.00 -1.00 -1.00 -1.00 -1.00 -1.00 -1.00 -1.00 -1.00 -1.00 -1.00 -1.00 
 -1.00 -1.00 -1.00 -1.00 -1.00 -1.00 -1.00 -1.00 -1.00 -1.00 -1.00 -1.00 -1.00 -1.00 -1.00 -1.00 -1.00 -1.00 -1.00 -1.00 
 0.41 0.36 -1.00 -1.00 -1.00 -1.00 -1.00 -1.00 -1.00 -1.00 -1.00 -1.00 -1.00 -1.00 -1.00 -1.00 -1.00 -0.92 0.43 0.21 
 0.50 1.00 -0.86 -1.00 -1.00 -1.00 -1.00 -1.00 -0.97 -0.75 -0.88 -1.00 -1.00 -1.00 -1.00 -1.00 -1.00 -0.02 1.00 -0.42 
 0.11 1.00 -0.47 -1.00 -1.00 -1.00 -1.00 -1.00 -0.22 1.00 0.06 -1.00 -1.00 -1.00 -1.00 -1.00 -0.78 0.91 0.44 -1.00 
 -0.29 1.00 -0.09 -1.00 -1.00 -1.00 -1.00 -0.95 0.76 1.00 0.34 -1.00 -1.00 -1.00 -1.00 -1.00 0.28 0.97 -0.67 -1.00 
 -0.68 1.00 0.30 -1.00 -1.00 -1.00 -1.00 -0.16 1.00 0.97 0.62 -1.00 -1.00 -1.00 -1.00 -0.57 0.99 0.15 -1.00 -1.00 
 -0.98 0.91 0.69 -1.00 -1.00 -1.00 -0.92 0.80 0.51 0.52 0.91 -0.99 -1.00 -1.00 -0.98 0.56 0.86 -0.85 -1.00 -1.00 
 -1.00 0.53 0.98 -0.91 -1.00 -1.00 -0.10 1.00 -0.50 0.24 1.00 -0.80 -1.00 -1.00 -0.28 1.00 -0.14 -1.00 -1.00 -1.00 
 -1.00 0.14 1.00 -0.53 -1.00 -0.90 0.84 0.48 -1.00 -0.05 1.00 -0.51 -1.00 -0.91 0.78 0.68 -0.96 -1.00 -1.00 -1.00 
 -1.00 -0.26 1.00 -0.15 -1.00 -0.03 1.00 -0.54 -1.00 -0.33 1.00 -0.22 -1.00 0.01 1.00 -0.43 -1.00 -1.00 -1.00 -1.00 
 -1.00 -0.65 1.00 0.25 -0.87 0.87 0.44 -1.00 -1.00 -0.62 1.00 0.06 -0.76 0.93 0.43 -1.00 -1.00 -1.00 -1.00 -1.00 
 -1.00 -0.97 0.92 0.63 0.04 1.00 -0.57 -1.00 -1.00 -0.90 1.00 0.34 0.31 0.97 -0.68 -1.00 -1.00 -1.00 -1.00 -1.00 
 -1.00 -1.00 0.55 0.96 0.91 0.40 -1.00 -1.00 -1.00 -1.00 0.80 0.87 1.00 0.15 -1.00 -1.00 -1.00 -1.00 -1.00 -1.00 
 -1.00 -1.00 0.16 1.00 0.99 -0.61 -1.00 -1.00 -1.00 -1.00 0.52 1.00 0.86 -0.86 -1.00 -1.00 -1.00 -1.00 -1.00 -1.00 
 -1.00 -1.00 -0.47 0.28 -0.01 -1.00 -1.00 -1.00 -1.00 -1.00 -0.18 0.28 -0.32 -1.00 -1.00 -1.00 -1.00 -1.00 -1.00 -1.00 
 -1.00 -1.00 -1.00 -1.00 -1.00 -1.00 -1.00 -1.00 -1.00 -1.00 -1.00 -1.00 -1.00 -1.00 -1.00 -1.00 -1.00 -1.00 -1.00 -1.00 
 -1.00 -1.00 -1.00 -1.00 -1.00 -1.00 -1.00 -1.00 -1.00 -1.00 -1.00 -1.00 -1.00 -1.00 -1.00 -1.00 -1.00 -1.00 -1.00 -1.00 
 -1.00 -1.00 -1.00 -1.00 -1.00 -1.00 -1.00 -1.00 -1.00 -1.00 -1.00 -1.00 -1.00 -1.00 -1.00 -1.00 -1.00 -1.00 -1.00 -1.00 
 -1.00 -1.00 -1.00 -1.00 -1.00 -1.00 -1.00 -1.00 -1.00 -1.00 -1.00 -1.00 -1.00 -1.00 -1.00 -1.00 -1.00 -1.00 -1.00 -1.00 
 