-1.00 -1.00 -1.00 -1.00 -1.00 -1.00 -1.00 -1.00 -1.00 -1.00 -1.00 -1.00 -1.00 -1.00 -1.00 -1.00 -1.00 -1.00 -1.00 -1.00 
 -1.00 -1.00 -1.00 -1.00 -1.00 -1.00 -1.00 -1.00 -1.00 -1.00 -1.00 -1.00 -1.00 -1.00 -1.00 -1.00 -1.00 -1.00 -1.00 -1.00 
 -1.00 -0.97 -0.65 -0.13 -0.69 -1.00 -1.00 -1.00 -1.00 -1.00 -1.00 -0.70 -0.73 -1.00 -1.00 -1.00 -1.00 -0.60 -0.00 -0.65 
 -0.00 0.39 1.00 1.00 0.04 -1.00 -1.00 -1.00 -1.00 -1.00 -0.98 0.56 -0.28 -1.00 -1.00 -1.00 -1.00 0.54 1.00 0.85 
 -1.00 -0.99 0.62 1.00 0.41 -1.00 -1.00 -1.00 -1.00 -1.00 -0.16 1.00 -0.10 -1.00 -1.00 -1.00 -1.00 -0.31 0.98 1.00 
 -1.00 -1.00 0.15 1.00 0.73 -1.00 -1.00 -1.00 -1.00 -0.78 0.89 1.00 0.09 -1.00 -1.00 -1.00 -1.00 -1.00 0.12 0.68 
 -1.00 -1.00 -0.19 1.00 0.97 -0.97 -1.00 -1.00 -0.99 0.29 0.42 1.00 0.27 -1.00 -1.00 -1.00 -1.00 -1.00 0.04 -0.09 
 -1.00 -1.00 -0.48 1.00 1.00 -0.76 -1.00 -1.00 -0.37 0.03 0.00 1.00 0.45 -1.00 -1.00 -1.00 -1.00 -0.96 0.56 -0.90 
 -1.00 -1.00 -0.73 1.00 1.00 -0.55 -1.00 -0.89 0.58 -0.91 -0.18 1.00 0.63 -1.00 -1.00 -1.00 -1.00 -0.11 -0.21 -1.00 
 -1.00 -1.00 -0.94 1.00 1.00 -0.35 -1.00 0.15 -0.25 -1.00 -0.36 1.00 0.81 -1.00 -1.00 -1.00 -0.69 0.45 -0.98 -1.00 
 -1.00 -1.00 -1.00 0.87 1.00 -0.18 -0.57 0.57 -0.98 -1.00 -0.54 1.00 0.98 -0.98 -1.00 -0.95 0.52 -0.70 -1.00 -1.00 
 -1.00 -1.00 -1.00 0.73 1.00 0.00 0.63 -0.53 -1.00 -1.00 -0.73 1.00 1.00 -0.83 -1.00 0.18 -0.21 -1.00 -1.00 -1.00 
 -1.00 -1.00 -1.00 0.62 1.00 0.84 0.34 -1.00 -1.00 -1.00 -0.91 1.00 1.00 -0.64 -0.27 0.31 -0.99 -1.00 -1.00 -1.00 
 -1.00 -1.00 -1.00 0.52 1.00 0.95 -0.73 -1.00 -1.00 -1.00 -0.99 0.91 1.00 -0.07 0.59 -0.90 -1.00 -1.00 -1.00 -1.00 
 -1.00 -1.00 -1.00 0.43 1.00 0.17 -1.00 -1.00 -1.00 -1.00 -1.00 0.73 1.00 0.85 -0.70 -1.00 -1.00 -1.00 -1.00 -1.00 
 -1.00 -1.00 -1.00 0.34 0.90 -0.81 -1.00 -1.00 -1.00 -1.00 -1.00 0.55 0.98 -0.45 -1.00 -1.00 -1.00 -1.00 -1.00 -1.00 
 -1.00 -1.00 -1.00 0.17 -0.18 -1.00 -1.00 -1.00 -1.00 -1.00 -1.00 0.35 -0.18 -1.00 -1.00 -1.00 -1.00 -1.00 -1.00 -1.00 
 -1.00 -1.00 -1.00 -0.94 -1.00 -1.00 -1.00 -1.00 -1.00 -1.00 -1.00 -0.94 -1.00 -1.00 -1.00 -1.00 -1.00 -1.00 -1.00 -1.00 
 -1.00 -1.00 -1.00 -1.00 -1.00 -1.00 -1.00 -1.00 -1.00 -1.00 -1.00 -1.00 -1.00 -1.00 -1.00 -1.00 -1.00 -1.00 -1.00 -1.00 
 -1.00 -1.00 -1.00 -1.00 -1.00 -1.00 -1.00 -1.00 -1.00 -1.00 -1.00 -1.00 -1.00 -1.00 -1.00 -1.00 -1.00 -1.00 -1.00 -1.00 
 