-1.00 -1.00 -1.00 -1.00 -1.00 -1.00 -1.00 -1.00 -1.00 -1.00 -1.00 -1.00 -1.00 -1.00 -1.00 -1.00 -1.00 -1.00 -1.00 -1.00 
 -1.00 -1.00 -1.00 -1.00 -1.00 -1.00 -1.00 -1.00 -1.00 -1.00 -1.00 -1.00 -1.00 -1.00 -1.00 -1.00 -1.00 -1.00 -1.00 -1.00 
 -1.00 -0.91 -0.85 -0.98 -1.00 -1.00 -0.99 -0.80 -1.00 -1.00 -1.00 -1.00 -0.91 -0.80 -1.00 -1.00 -1.00 -0.85 -0.58 -0.98 
 -0.82 0.92 1.00 0.97 0.86 0.80 0.89 0.24 -1.00 -1.00 -0.99 0.36 0.94 -0.21 -1.00 -1.00 -0.64 0.82 1.00 0.14 
 -0.14 0.76 0.14 0.15 0.20 0.22 0.62 -0.92 -1.00 -1.00 -0.80 1.00 1.00 -0.77 -1.00 -0.93 0.65 0.84 1.00 0.96 
 0.43 -0.73 -1.00 -1.00 -0.95 0.40 -0.69 -1.00 -1.00 -1.00 -0.42 1.00 0.66 -1.00 -1.00 -1.00 -0.98 -0.86 0.87 1.00 
 -0.11 -1.00 -1.00 -1.00 0.18 -0.04 -1.00 -1.00 -1.00 -1.00 -0.03 1.00 0.10 -1.00 -1.00 -1.00 -1.00 -1.00 0.51 1.00 
 -1.00 -1.00 -1.00 -0.31 0.82 -0.92 -1.00 -1.00 -1.00 -1.00 0.36 1.00 -0.47 -1.00 -1.00 -1.00 -1.00 -1.00 0.57 0.85 
 -1.00 -1.00 -0.84 0.86 0.03 -1.00 -1.00 -1.00 -1.00 -0.99 0.77 0.92 -0.95 -1.00 -1.00 -1.00 -1.00 -0.99 0.81 0.34 
 -1.00 -1.00 0.12 1.00 -0.65 -1.00 -1.00 -1.00 -1.00 -0.73 1.00 0.51 -1.00 -1.00 -1.00 -1.00 -1.00 -0.76 1.00 -0.31 
 -1.00 -0.91 0.90 0.87 -0.99 -1.00 -1.00 -1.00 -1.00 -0.06 1.00 0.17 -1.00 -1.00 -1.00 -1.00 -1.00 -0.18 0.81 -0.94 
 -1.00 -0.44 1.00 0.56 -1.00 -1.00 -1.00 -1.00 -0.96 0.69 1.00 -0.08 -1.00 -1.00 -1.00 -1.00 -0.99 0.59 -0.13 -1.00 
 -1.00 -0.11 1.00 0.42 -1.00 -1.00 -1.00 -1.00 -0.22 0.36 1.00 -0.23 -1.00 -1.00 -1.00 -1.00 -0.46 0.67 -0.95 -1.00 
 -1.00 -0.04 1.00 0.44 -1.00 -1.00 -1.00 -0.87 0.22 0.07 1.00 -0.22 -1.00 -1.00 -1.00 -0.93 0.63 -0.58 -1.00 -1.00 
 -1.00 -0.21 1.00 0.80 -0.98 -1.00 -0.99 0.20 -0.74 0.13 1.00 0.11 -1.00 -1.00 -0.98 0.29 -0.22 -1.00 -1.00 -1.00 
 -1.00 -0.70 1.00 1.00 0.01 -0.78 0.18 -0.29 -1.00 -0.15 1.00 0.86 -0.61 -0.61 0.42 -0.11 -1.00 -1.00 -1.00 -1.00 
 -1.00 -1.00 0.21 1.00 1.00 0.95 -0.18 -1.00 -1.00 -0.84 0.82 1.00 1.00 0.77 -0.42 -1.00 -1.00 -1.00 -1.00 -1.00 
 -1.00 -1.00 -0.98 -0.38 -0.21 -0.75 -1.00 -1.00 -1.00 -1.00 -0.78 -0.18 -0.40 -0.95 -1.00 -1.00 -1.00 -1.00 -1.00 -1.00 
 -1.00 -1.00 -1.00 -1.00 -1.00 -1.00 -1.00 -1.00 -1.00 -1.00 -1.00 -1.00 -1.00 -1.00 -1.00 -1.00 -1.00 -1.00 -1.00 -1.00 
 -1.00 -1.00 -1.00 -1.00 -1.00 -1.00 -1.00 -1.00 -1.00 -1.00 -1.00 -1.00 -1.00 -1.00 -1.00 -1.00 -1.00 -1.00 -1.00 -1.00 
 