0.75 1.00 1.00 1.00 1.00 1.00 0.99 0.27 0.00 0.00 0.00 0.00 0.39 1.00 1.00 1.00 1.00 1.00 1.00 0.63 
 0.22 0.60 0.94 0.39 0.38 0.38 0.36 0.05 0.00 0.00 0.00 0.00 0.09 0.38 0.38 0.38 0.47 1.00 0.52 0.17 
 0.00 0.24 1.00 0.14 0.00 0.00 0.00 0.00 0.00 0.00 0.00 0.00 0.00 0.00 0.00 0.00 0.25 1.00 0.13 0.00 
 0.00 0.13 1.00 0.25 0.00 0.00 0.00 0.00 0.00 0.00 0.00 0.00 0.00 0.00 0.00 0.00 0.36 0.89 0.02 0.00 
 0.00 0.13 1.00 0.36 0.00 0.00 0.00 0.00 0.16 0.63 0.61 0.08 0.00 0.00 0.00 0.00 0.47 0.88 0.00 0.00 
 0.00 0.03 0.91 0.49 0.00 0.00 0.00 0.00 0.47 1.00 1.00 0.33 0.00 0.00 0.00 0.00 0.58 0.82 0.00 0.00 
 0.00 0.00 0.80 0.60 0.00 0.00 0.00 0.00 0.75 0.77 0.83 0.61 0.00 0.00 0.00 0.00 0.69 0.71 0.00 0.00 
 0.00 0.00 0.69 0.71 0.00 0.00 0.00 0.09 0.97 0.49 0.55 0.85 0.00 0.00 0.00 0.00 0.80 0.61 0.00 0.00 
 0.00 0.00 0.56 0.82 0.00 0.00 0.00 0.30 0.99 0.19 0.27 0.99 0.19 0.00 0.00 0.03 0.91 0.49 0.00 0.00 
 0.00 0.00 0.45 0.88 0.00 0.00 0.00 0.58 0.86 0.00 0.08 0.96 0.47 0.00 0.00 0.13 1.00 0.38 0.00 0.00 
 0.00 0.00 0.35 0.93 0.05 0.00 0.02 0.85 0.64 0.00 0.00 0.69 0.74 0.00 0.00 0.14 1.00 0.27 0.00 0.00 
 0.00 0.00 0.24 1.00 0.16 0.00 0.16 1.00 0.36 0.00 0.00 0.41 0.93 0.05 0.00 0.25 1.00 0.17 0.00 0.00 
 0.00 0.00 0.13 1.00 0.27 0.00 0.39 0.96 0.09 0.00 0.00 0.16 1.00 0.31 0.00 0.35 0.94 0.06 0.00 0.00 
 0.00 0.00 0.11 0.99 0.39 0.00 0.67 0.80 0.00 0.00 0.00 0.02 0.83 0.60 0.00 0.45 0.88 0.00 0.00 0.00 
 0.00 0.00 0.00 0.88 0.52 0.06 0.94 0.52 0.00 0.00 0.00 0.00 0.55 0.85 0.00 0.56 0.86 0.00 0.00 0.00 
 0.00 0.00 0.00 0.77 0.63 0.22 1.00 0.25 0.00 0.00 0.00 0.00 0.27 0.97 0.14 0.67 0.74 0.00 0.00 0.00 
 0.00 0.00 0.00 0.66 0.74 0.50 0.88 0.02 0.00 0.00 0.00 0.00 0.08 0.96 0.44 0.78 0.63 0.00 0.00 0.00 
 0.00 0.00 0.00 0.55 0.86 0.77 0.67 0.00 0.00 0.00 0.00 0.00 0.00 0.69 0.74 0.89 0.52 0.00 0.00 0.00 
 0.00 0.00 0.00 0.44 0.99 0.99 0.41 0.00 0.00 0.00 0.00 0.00 0.00 0.41 1.00 1.00 0.42 0.00 0.00 0.00 
 0.00 0.00 0.00 0.31 1.00 0.97 0.13 0.00 0.00 0.00 0.00 0.00 0.00 0.16 1.00 1.00 0.31 0.00 0.00 0.00 
 