0.00 0.00 0.00 0.00 0.00 0.00 0.00 0.00 0.00 0.00 0.00 0.00 0.00 0.00 0.00 0.00 0.00 0.00 0.00 0.00 
 0.00 0.00 0.00 0.00 0.00 0.00 0.00 0.00 0.00 0.00 0.00 0.00 0.00 0.00 0.00 0.00 0.00 0.00 0.00 0.00 
 0.33 0.33 0.22 0.00 0.00 0.00 0.00 0.00 0.00 0.22 0.33 0.33 0.11 0.00 0.00 0.00 0.00 0.00 0.05 0.33 
 0.91 1.00 0.76 0.00 0.00 0.00 0.00 0.00 0.06 0.90 1.00 1.00 0.38 0.00 0.00 0.00 0.00 0.00 0.42 1.00 
 0.80 1.00 0.87 0.00 0.00 0.00 0.00 0.00 0.38 1.00 1.00 1.00 0.45 0.00 0.00 0.00 0.00 0.04 0.85 1.00 
 0.69 1.00 0.89 0.00 0.00 0.00 0.00 0.03 0.82 1.00 0.96 1.00 0.53 0.00 0.00 0.00 0.00 0.31 1.00 1.00 
 0.58 1.00 0.96 0.07 0.00 0.00 0.00 0.26 1.00 0.95 0.65 1.00 0.57 0.00 0.00 0.00 0.02 0.76 1.00 0.80 
 0.47 1.00 1.00 0.18 0.00 0.00 0.00 0.69 1.00 0.64 0.53 1.00 0.67 0.00 0.00 0.00 0.21 1.00 1.00 0.36 
 0.36 1.00 1.00 0.29 0.00 0.00 0.18 0.99 0.99 0.21 0.45 1.00 0.71 0.00 0.00 0.00 0.63 1.00 0.83 0.02 
 0.25 1.00 1.00 0.38 0.00 0.00 0.57 1.00 0.77 0.00 0.42 1.00 0.78 0.00 0.00 0.13 0.98 1.00 0.41 0.00 
 0.15 1.00 1.00 0.46 0.00 0.09 0.95 1.00 0.33 0.00 0.33 1.00 0.85 0.00 0.00 0.53 1.00 0.88 0.03 0.00 
 0.11 1.00 1.00 0.56 0.00 0.48 1.00 0.85 0.02 0.00 0.31 1.00 0.89 0.00 0.07 0.93 1.00 0.47 0.00 0.00 
 0.04 0.93 1.00 0.58 0.07 0.93 1.00 0.46 0.00 0.00 0.22 1.00 0.90 0.02 0.44 1.00 0.91 0.05 0.00 0.00 
 0.00 0.82 1.00 0.67 0.37 1.00 0.93 0.07 0.00 0.00 0.20 1.00 1.00 0.15 0.87 1.00 0.52 0.00 0.00 0.00 
 0.00 0.71 1.00 0.73 0.72 1.00 0.58 0.00 0.00 0.00 0.11 1.00 1.00 0.42 1.00 0.94 0.09 0.00 0.00 0.00 
 0.00 0.60 1.00 0.91 0.99 0.96 0.15 0.00 0.00 0.00 0.11 1.00 1.00 0.89 1.00 0.58 0.00 0.00 0.00 0.00 
 0.00 0.48 1.00 1.00 1.00 0.71 0.00 0.00 0.00 0.00 0.11 1.00 1.00 1.00 0.96 0.15 0.00 0.00 0.00 0.00 
 0.00 0.37 1.00 1.00 0.99 0.26 0.00 0.00 0.00 0.00 0.10 0.99 1.00 1.00 0.64 0.00 0.00 0.00 0.00 0.00 
 0.00 0.25 0.89 0.89 0.74 0.00 0.00 0.00 0.00 0.00 0.00 0.79 0.89 0.88 0.20 0.00 0.00 0.00 0.00 0.00 
 0.00 0.00 0.00 0.00 0.00 0.00 0.00 0.00 0.00 0.00 0.00 0.00 0.00 0.00 0.00 0.00 0.00 0.00 0.00 0.00 
 