0.00 0.00 0.00 0.00 0.00 0.00 0.00 0.00 0.00 0.00 0.00 0.00 0.00 0.00 0.00 0.00 0.00 0.00 0.00 0.00 
 0.00 0.00 0.00 0.00 0.00 0.00 0.00 0.00 0.00 0.00 0.00 0.00 0.00 0.00 0.00 0.00 0.00 0.00 0.00 0.00 
 0.51 0.56 0.21 0.00 0.00 0.00 0.00 0.00 0.00 0.00 0.00 0.00 0.00 0.00 0.00 0.00 0.00 0.00 0.04 0.53 
 0.68 1.00 0.61 0.00 0.00 0.00 0.00 0.00 0.00 0.00 0.00 0.00 0.00 0.00 0.00 0.00 0.00 0.00 0.19 1.00 
 0.40 1.00 0.85 0.00 0.00 0.00 0.00 0.00 0.00 0.09 0.67 0.35 0.00 0.00 0.00 0.00 0.00 0.00 0.46 0.94 
 0.13 0.99 0.99 0.18 0.00 0.00 0.00 0.00 0.00 0.40 1.00 0.78 0.00 0.00 0.00 0.00 0.00 0.00 0.73 0.68 
 0.00 0.80 1.00 0.47 0.00 0.00 0.00 0.00 0.00 0.74 0.99 0.96 0.14 0.00 0.00 0.00 0.00 0.09 0.98 0.40 
 0.00 0.51 1.00 0.76 0.00 0.00 0.00 0.00 0.13 0.95 0.63 1.00 0.48 0.00 0.00 0.00 0.00 0.29 0.96 0.11 
 0.00 0.22 1.00 0.94 0.06 0.00 0.00 0.00 0.41 0.80 0.20 1.00 0.80 0.00 0.00 0.00 0.00 0.56 0.82 0.00 
 0.00 0.05 0.91 1.00 0.32 0.00 0.00 0.00 0.74 0.48 0.04 0.88 0.99 0.19 0.00 0.00 0.02 0.84 0.53 0.00 
 0.00 0.00 0.63 1.00 0.61 0.00 0.00 0.13 0.96 0.15 0.00 0.55 1.00 0.53 0.00 0.00 0.15 1.00 0.25 0.00 
 0.00 0.00 0.33 1.00 0.85 0.00 0.00 0.41 0.80 0.00 0.00 0.20 1.00 0.87 0.02 0.00 0.38 0.90 0.03 0.00 
 0.00 0.00 0.10 0.98 0.99 0.16 0.00 0.74 0.48 0.00 0.00 0.03 0.85 1.00 0.24 0.00 0.65 0.68 0.00 0.00 
 0.00 0.00 0.00 0.74 1.00 0.44 0.13 0.96 0.15 0.00 0.00 0.00 0.51 1.00 0.57 0.04 0.90 0.40 0.00 0.00 
 0.00 0.00 0.00 0.45 1.00 0.71 0.41 0.80 0.00 0.00 0.00 0.00 0.18 1.00 0.87 0.20 0.96 0.11 0.00 0.00 
 0.00 0.00 0.00 0.18 1.00 0.90 0.72 0.48 0.00 0.00 0.00 0.00 0.02 0.82 1.00 0.67 0.82 0.00 0.00 0.00 
 0.00 0.00 0.00 0.03 0.85 1.00 0.98 0.15 0.00 0.00 0.00 0.00 0.00 0.46 1.00 1.00 0.53 0.00 0.00 0.00 
 0.00 0.00 0.00 0.00 0.51 0.89 0.73 0.00 0.00 0.00 0.00 0.00 0.00 0.14 0.89 0.89 0.24 0.00 0.00 0.00 
 0.00 0.00 0.00 0.00 0.00 0.00 0.00 0.00 0.00 0.00 0.00 0.00 0.00 0.00 0.00 0.00 0.00 0.00 0.00 0.00 
 0.00 0.00 0.00 0.00 0.00 0.00 0.00 0.00 0.00 0.00 0.00 0.00 0.00 0.00 0.00 0.00 0.00 0.00 0.00 0.00 
 