0.00 0.00 0.00 0.00 0.00 0.00 0.00 0.00 0.00 0.00 0.00 0.00 0.00 0.00 0.00 0.00 0.00 0.00 0.00 0.00 
 0.00 0.00 0.00 0.00 0.00 0.00 0.00 0.00 0.00 0.00 0.00 0.00 0.00 0.00 0.00 0.00 0.00 0.00 0.00 0.00 
 0.17 0.17 0.17 0.17 0.17 0.13 0.00 0.11 0.17 0.17 0.17 0.17 0.17 0.06 0.00 0.00 0.02 0.17 0.17 0.17 
 0.39 0.82 1.00 1.00 0.67 0.25 0.00 0.23 0.67 1.00 1.00 0.91 0.39 0.11 0.00 0.00 0.03 0.38 0.82 1.00 
 0.00 0.15 1.00 1.00 0.29 0.00 0.00 0.00 0.02 0.81 1.00 0.69 0.00 0.00 0.00 0.00 0.00 0.00 0.45 0.75 
 0.00 0.00 0.73 1.00 0.56 0.00 0.00 0.00 0.00 0.40 1.00 0.88 0.01 0.00 0.00 0.00 0.00 0.00 0.69 0.35 
 0.00 0.00 0.37 1.00 0.88 0.01 0.00 0.00 0.00 0.09 0.97 1.00 0.24 0.00 0.00 0.00 0.00 0.07 0.91 0.05 
 0.00 0.00 0.07 0.97 1.00 0.26 0.00 0.00 0.00 0.01 0.84 1.00 0.59 0.00 0.00 0.00 0.00 0.37 0.65 0.00 
 0.00 0.00 0.00 0.66 1.00 0.61 0.00 0.00 0.00 0.15 0.97 1.00 0.91 0.03 0.00 0.00 0.00 0.72 0.30 0.00 
 0.00 0.00 0.00 0.29 1.00 0.92 0.03 0.00 0.00 0.47 0.60 0.89 1.00 0.31 0.00 0.00 0.10 0.89 0.02 0.00 
 0.00 0.00 0.00 0.04 0.92 1.00 0.32 0.00 0.01 0.82 0.21 0.54 1.00 0.65 0.00 0.00 0.40 0.60 0.00 0.00 
 0.00 0.00 0.00 0.00 0.58 1.00 0.67 0.00 0.17 0.84 0.00 0.19 1.00 0.95 0.05 0.00 0.76 0.27 0.00 0.00 
 0.00 0.00 0.00 0.00 0.22 1.00 0.95 0.06 0.49 0.52 0.00 0.02 0.83 1.00 0.38 0.13 0.87 0.01 0.00 0.00 
 0.00 0.00 0.00 0.00 0.02 0.86 1.00 0.39 0.81 0.16 0.00 0.00 0.47 1.00 0.73 0.47 0.56 0.00 0.00 0.00 
 0.00 0.00 0.00 0.00 0.00 0.51 1.00 0.86 0.80 0.00 0.00 0.00 0.14 1.00 0.97 0.85 0.20 0.00 0.00 0.00 
 0.00 0.00 0.00 0.00 0.00 0.16 1.00 1.00 0.45 0.00 0.00 0.00 0.00 0.76 1.00 0.85 0.00 0.00 0.00 0.00 
 0.00 0.00 0.00 0.00 0.00 0.00 0.79 0.97 0.11 0.00 0.00 0.00 0.00 0.40 1.00 0.52 0.00 0.00 0.00 0.00 
 0.00 0.00 0.00 0.00 0.00 0.00 0.43 0.75 0.00 0.00 0.00 0.00 0.00 0.09 0.96 0.18 0.00 0.00 0.00 0.00 
 0.00 0.00 0.00 0.00 0.00 0.00 0.09 0.28 0.00 0.00 0.00 0.00 0.00 0.00 0.38 0.00 0.00 0.00 0.00 0.00 
 0.00 0.00 0.00 0.00 0.00 0.00 0.00 0.00 0.00 0.00 0.00 0.00 0.00 0.00 0.00 0.00 0.00 0.00 0.00 0.00 
 