0.00 0.00 0.00 0.00 0.00 0.00 0.00 0.00 0.00 0.00 0.00 0.00 0.00 0.00 0.00 0.00 0.00 0.00 0.00 0.00 
 0.79 0.90 0.90 0.37 0.00 0.00 0.00 0.00 0.10 0.90 0.90 0.90 0.81 0.00 0.00 0.00 0.00 0.00 0.75 0.90 
 0.69 1.00 1.00 0.58 0.00 0.00 0.00 0.00 0.24 1.00 1.00 1.00 0.98 0.10 0.00 0.00 0.00 0.07 0.97 1.00 
 0.47 1.00 1.00 0.77 0.00 0.00 0.00 0.00 0.42 1.00 1.00 1.00 1.00 0.27 0.00 0.00 0.00 0.17 1.00 1.00 
 0.27 1.00 1.00 0.90 0.00 0.00 0.00 0.00 0.61 1.00 1.00 1.00 1.00 0.46 0.00 0.00 0.00 0.34 1.00 1.00 
 0.11 1.00 1.00 0.99 0.13 0.00 0.00 0.00 0.79 1.00 0.88 1.00 1.00 0.64 0.00 0.00 0.00 0.51 1.00 1.00 
 0.01 0.85 1.00 1.00 0.31 0.00 0.00 0.06 0.96 1.00 0.61 0.96 1.00 0.82 0.00 0.00 0.00 0.68 1.00 1.00 
 0.00 0.64 1.00 1.00 0.48 0.00 0.00 0.16 1.00 1.00 0.37 0.79 1.00 0.92 0.02 0.00 0.01 0.86 1.00 1.00 
 0.00 0.44 1.00 1.00 0.67 0.00 0.00 0.35 1.00 1.00 0.19 0.61 1.00 1.00 0.18 0.00 0.10 1.00 1.00 0.98 
 0.00 0.24 1.00 1.00 0.85 0.00 0.00 0.53 1.00 0.92 0.02 0.41 1.00 1.00 0.36 0.00 0.20 1.00 1.00 0.81 
 0.00 0.09 0.99 1.00 0.94 0.04 0.00 0.71 1.00 0.82 0.00 0.23 1.00 1.00 0.54 0.00 0.37 1.00 1.00 0.61 
 0.00 0.00 0.83 1.00 1.00 0.21 0.02 0.89 1.00 0.63 0.00 0.09 0.99 1.00 0.72 0.00 0.55 1.00 1.00 0.39 
 0.00 0.00 0.63 1.00 1.00 0.39 0.11 1.00 1.00 0.44 0.00 0.00 0.84 1.00 0.88 0.00 0.73 1.00 1.00 0.19 
 0.00 0.00 0.41 1.00 1.00 0.59 0.26 1.00 1.00 0.25 0.00 0.00 0.65 1.00 0.97 0.11 0.92 1.00 0.92 0.02 
 0.00 0.00 0.21 1.00 1.00 0.78 0.45 1.00 0.96 0.07 0.00 0.00 0.47 1.00 1.00 0.39 1.00 1.00 0.79 0.00 
 0.00 0.00 0.08 0.98 1.00 0.91 0.64 1.00 0.87 0.00 0.00 0.00 0.28 1.00 1.00 0.73 1.00 1.00 0.57 0.00 
 0.00 0.00 0.00 0.79 1.00 1.00 0.94 1.00 0.70 0.00 0.00 0.00 0.12 1.00 1.00 0.99 1.00 1.00 0.37 0.00 
 0.00 0.00 0.00 0.59 1.00 1.00 1.00 1.00 0.51 0.00 0.00 0.00 0.02 0.90 1.00 1.00 1.00 1.00 0.17 0.00 
 0.00 0.00 0.00 0.39 1.00 1.00 1.00 1.00 0.33 0.00 0.00 0.00 0.00 0.71 1.00 1.00 1.00 0.90 0.01 0.00 
 0.00 0.00 0.00 0.18 1.00 1.00 1.00 1.00 0.15 0.00 0.00 0.00 0.00 0.53 1.00 1.00 1.00 0.75 0.00 0.00 
 