0.00 0.00 0.00 0.00 0.00 0.00 0.00 0.00 0.00 0.00 0.00 0.00 0.00 0.00 0.00 0.00 0.00 0.00 0.00 0.00 
 0.00 0.00 0.00 0.00 0.00 0.00 0.00 0.00 0.00 0.00 0.00 0.00 0.00 0.00 0.00 0.00 0.00 0.00 0.00 0.00 
 0.00 0.00 0.00 0.00 0.00 0.00 0.00 0.00 0.00 0.00 0.00 0.00 0.00 0.00 0.00 0.00 0.00 0.00 0.00 0.00 
 0.80 0.85 0.85 0.85 0.84 0.77 0.12 0.00 0.00 0.00 0.26 0.52 0.00 0.00 0.00 0.06 0.78 0.85 0.85 0.85 
 0.04 0.53 1.00 1.00 0.34 0.00 0.00 0.00 0.00 0.00 0.69 0.98 0.11 0.00 0.00 0.00 0.02 0.31 1.00 0.81 
 0.00 0.03 0.92 1.00 0.41 0.00 0.00 0.00 0.00 0.08 0.97 1.00 0.44 0.00 0.00 0.00 0.00 0.09 1.00 0.22 
 0.00 0.00 0.64 1.00 0.68 0.00 0.00 0.00 0.00 0.38 0.99 1.00 0.75 0.00 0.00 0.00 0.00 0.28 0.87 0.00 
 0.00 0.00 0.36 1.00 0.93 0.03 0.00 0.00 0.00 0.73 0.56 1.00 0.97 0.09 0.00 0.00 0.00 0.55 0.58 0.00 
 0.00 0.00 0.11 1.00 1.00 0.27 0.00 0.00 0.09 0.91 0.07 0.89 1.00 0.42 0.00 0.00 0.01 0.82 0.27 0.00 
 0.00 0.00 0.00 0.79 1.00 0.55 0.00 0.00 0.40 0.64 0.00 0.58 1.00 0.75 0.00 0.00 0.12 0.93 0.03 0.00 
 0.00 0.00 0.00 0.51 1.00 0.83 0.00 0.00 0.75 0.29 0.00 0.25 1.00 0.97 0.09 0.00 0.38 0.66 0.00 0.00 
 0.00 0.00 0.00 0.23 1.00 0.98 0.13 0.11 0.90 0.02 0.00 0.03 0.91 1.00 0.42 0.00 0.66 0.36 0.00 0.00 
 0.00 0.00 0.00 0.04 0.93 1.00 0.42 0.42 0.59 0.00 0.00 0.00 0.59 1.00 0.75 0.04 0.90 0.07 0.00 0.00 
 0.00 0.00 0.00 0.00 0.66 1.00 0.71 0.77 0.25 0.00 0.00 0.00 0.25 1.00 0.97 0.33 0.74 0.00 0.00 0.00 
 0.00 0.00 0.00 0.00 0.39 1.00 0.98 0.87 0.02 0.00 0.00 0.00 0.04 0.93 1.00 0.89 0.43 0.00 0.00 0.00 
 0.00 0.00 0.00 0.00 0.12 1.00 1.00 0.56 0.00 0.00 0.00 0.00 0.00 0.62 1.00 0.98 0.13 0.00 0.00 0.00 
 0.00 0.00 0.00 0.00 0.00 0.81 1.00 0.21 0.00 0.00 0.00 0.00 0.00 0.28 1.00 0.81 0.00 0.00 0.00 0.00 
 0.00 0.00 0.00 0.00 0.00 0.53 0.85 0.00 0.00 0.00 0.00 0.00 0.00 0.04 0.93 0.49 0.00 0.00 0.00 0.00 
 0.00 0.00 0.00 0.00 0.00 0.09 0.15 0.00 0.00 0.00 0.00 0.00 0.00 0.00 0.17 0.07 0.00 0.00 0.00 0.00 
 0.00 0.00 0.00 0.00 0.00 0.00 0.00 0.00 0.00 0.00 0.00 0.00 0.00 0.00 0.00 0.00 0.00 0.00 0.00 0.00 
 