0.11 0.13 0.13 0.13 0.03 0.00 0.00 0.00 0.00 0.00 0.00 0.00 0.00 0.00 0.00 0.00 0.03 0.13 0.13 0.13 
 0.88 1.00 1.00 1.00 0.20 0.00 0.00 0.00 0.00 0.00 0.00 0.00 0.00 0.00 0.00 0.00 0.36 1.00 1.00 1.00 
 0.88 1.00 1.00 1.00 0.13 0.00 0.00 0.00 0.00 0.00 0.00 0.00 0.00 0.00 0.00 0.00 0.69 1.00 1.00 1.00 
 0.88 1.00 1.00 1.00 0.13 0.00 0.00 0.00 0.00 0.00 0.00 0.00 0.00 0.00 0.00 0.11 0.97 1.00 1.00 1.00 
 0.88 1.00 1.00 0.99 0.11 0.00 0.00 0.00 0.00 0.00 0.00 0.00 0.00 0.00 0.00 0.41 1.00 1.00 1.00 0.82 
 0.88 1.00 1.00 0.88 0.00 0.00 0.00 0.06 0.13 0.13 0.13 0.06 0.00 0.00 0.00 0.74 1.00 1.00 1.00 0.44 
 0.88 1.00 1.00 0.88 0.00 0.00 0.00 0.67 1.00 1.00 1.00 0.50 0.00 0.00 0.13 0.99 1.00 1.00 0.94 0.08 
 0.88 1.00 1.00 0.88 0.00 0.00 0.14 0.99 1.00 1.00 1.00 0.50 0.00 0.00 0.41 1.00 1.00 1.00 0.71 0.00 
 0.99 1.00 1.00 0.88 0.00 0.00 0.49 1.00 1.00 1.00 1.00 0.55 0.00 0.00 0.74 1.00 1.00 1.00 0.33 0.00 
 1.00 1.00 1.00 0.88 0.00 0.05 0.88 1.00 1.00 1.00 1.00 0.63 0.00 0.13 0.99 1.00 1.00 0.89 0.03 0.00 
 1.00 1.00 1.00 0.88 0.00 0.28 1.00 1.00 0.80 1.00 1.00 0.63 0.00 0.42 1.00 1.00 1.00 0.58 0.00 0.00 
 1.00 1.00 1.00 0.78 0.00 0.71 1.00 0.99 0.39 1.00 1.00 0.64 0.02 0.78 1.00 1.00 0.99 0.20 0.00 0.00 
 1.00 1.00 1.00 0.75 0.16 0.99 1.00 0.82 0.13 1.00 1.00 0.75 0.16 1.00 1.00 1.00 0.80 0.00 0.00 0.00 
 1.00 1.00 1.00 0.75 0.52 1.00 1.00 0.47 0.13 1.00 1.00 0.75 0.44 1.00 1.00 1.00 0.45 0.00 0.00 0.00 
 1.00 1.00 1.00 0.74 0.89 1.00 0.94 0.08 0.13 1.00 1.00 0.78 0.78 1.00 1.00 0.94 0.09 0.00 0.00 0.00 
 1.00 1.00 1.00 0.91 1.00 1.00 0.64 0.00 0.13 1.00 1.00 1.00 1.00 1.00 1.00 0.71 0.00 0.00 0.00 0.00 
 1.00 1.00 1.00 1.00 1.00 0.99 0.24 0.00 0.03 0.91 1.00 1.00 1.00 1.00 1.00 0.33 0.00 0.00 0.00 0.00 
 1.00 1.00 1.00 1.00 1.00 0.82 0.00 0.00 0.00 0.88 1.00 1.00 1.00 1.00 0.89 0.03 0.00 0.00 0.00 0.00 
 1.00 1.00 1.00 1.00 1.00 0.42 0.00 0.00 0.00 0.88 1.00 1.00 1.00 1.00 0.58 0.00 0.00 0.00 0.00 0.00 
 1.00 1.00 1.00 1.00 0.93 0.06 0.00 0.00 0.00 0.88 1.00 1.00 1.00 0.99 0.20 0.00 0.00 0.00 0.00 0.00 
 