0.00 0.00 0.00 0.00 0.00 0.00 0.00 0.00 0.00 0.00 0.00 0.00 0.00 0.00 0.00 0.00 0.00 0.00 0.00 0.00 
 0.00 0.00 0.00 0.00 0.00 0.00 0.00 0.00 0.00 0.00 0.00 0.00 0.00 0.00 0.00 0.00 0.00 0.00 0.00 0.00 
 0.00 0.00 0.00 0.00 0.00 0.00 0.00 0.00 0.00 0.00 0.00 0.00 0.00 0.00 0.00 0.00 0.00 0.00 0.00 0.00 
 0.00 0.00 0.00 0.00 0.00 0.00 0.00 0.00 0.00 0.00 0.00 0.00 0.00 0.00 0.00 0.00 0.00 0.00 0.00 0.00 
 0.00 0.00 0.00 0.00 0.00 0.00 0.00 0.00 0.00 0.00 0.00 0.00 0.00 0.00 0.00 0.00 0.00 0.00 0.00 0.00 
 0.61 0.75 0.75 0.75 0.26 0.00 0.00 0.00 0.01 0.61 0.75 0.65 0.01 0.00 0.00 0.00 0.13 0.75 0.75 0.75 
 0.36 1.00 1.00 1.00 0.74 0.00 0.00 0.00 0.26 1.00 1.00 1.00 0.29 0.00 0.00 0.00 0.58 1.00 1.00 1.00 
 0.02 0.83 1.00 1.00 0.99 0.20 0.00 0.01 0.72 1.00 1.00 1.00 0.75 0.00 0.00 0.09 0.96 1.00 1.00 0.93 
 0.00 0.33 1.00 1.00 1.00 0.65 0.00 0.21 1.00 1.00 1.00 1.00 0.99 0.20 0.00 0.50 1.00 1.00 1.00 0.45 
 0.00 0.02 0.82 1.00 1.00 0.97 0.12 0.67 1.00 1.00 1.00 1.00 1.00 0.67 0.06 0.92 1.00 1.00 0.89 0.04 
 0.00 0.00 0.29 1.00 1.00 1.00 0.70 1.00 1.00 1.00 0.55 1.00 1.00 0.97 0.56 1.00 1.00 1.00 0.42 0.00 
 0.00 0.00 0.02 0.79 1.00 1.00 1.00 1.00 1.00 0.82 0.02 0.83 1.00 1.00 1.00 1.00 1.00 0.85 0.03 0.00 
 0.00 0.00 0.00 0.29 1.00 1.00 1.00 1.00 1.00 0.40 0.00 0.38 1.00 1.00 1.00 1.00 1.00 0.37 0.00 0.00 
 0.00 0.00 0.00 0.01 0.75 1.00 1.00 1.00 0.92 0.04 0.00 0.04 0.90 1.00 1.00 1.00 0.82 0.02 0.00 0.00 
 0.00 0.00 0.00 0.00 0.26 1.00 1.00 1.00 0.54 0.00 0.00 0.00 0.47 1.00 1.00 1.00 0.33 0.00 0.00 0.00 
 0.00 0.00 0.00 0.00 0.01 0.66 0.84 0.82 0.12 0.00 0.00 0.00 0.09 0.82 0.84 0.69 0.01 0.00 0.00 0.00 
 0.00 0.00 0.00 0.00 0.00 0.00 0.00 0.00 0.00 0.00 0.00 0.00 0.00 0.00 0.00 0.00 0.00 0.00 0.00 0.00 
 0.00 0.00 0.00 0.00 0.00 0.00 0.00 0.00 0.00 0.00 0.00 0.00 0.00 0.00 0.00 0.00 0.00 0.00 0.00 0.00 
 0.00 0.00 0.00 0.00 0.00 0.00 0.00 0.00 0.00 0.00 0.00 0.00 0.00 0.00 0.00 0.00 0.00 0.00 0.00 0.00 
 0.00 0.00 0.00 0.00 0.00 0.00 0.00 0.00 0.00 0.00 0.00 0.00 0.00 0.00 0.00 0.00 0.00 0.00 0.00 0.00 
 