0.00 0.00 0.00 0.00 0.00 0.00 0.00 0.00 0.00 0.00 0.00 0.00 0.00 0.00 0.00 0.00 0.00 0.00 0.00 0.00 
 0.00 0.00 0.00 0.00 0.00 0.00 0.00 0.00 0.00 0.00 0.00 0.00 0.00 0.00 0.00 0.00 0.00 0.00 0.00 0.00 
 0.00 0.00 0.00 0.00 0.00 0.00 0.00 0.00 0.00 0.00 0.00 0.00 0.00 0.00 0.00 0.00 0.00 0.00 0.00 0.00 
 0.00 0.00 0.00 0.00 0.00 0.00 0.00 0.00 0.00 0.00 0.00 0.00 0.00 0.00 0.00 0.00 0.00 0.00 0.00 0.00 
 0.36 0.39 0.39 0.39 0.08 0.00 0.00 0.00 0.31 0.39 0.39 0.39 0.06 0.00 0.00 0.00 0.30 0.39 0.39 0.39 
 0.67 1.00 1.00 1.00 0.38 0.00 0.00 0.08 0.97 1.00 1.00 1.00 0.39 0.00 0.00 0.04 0.95 1.00 1.00 0.98 
 0.29 1.00 1.00 1.00 0.65 0.00 0.00 0.36 1.00 1.00 1.00 1.00 0.73 0.00 0.00 0.23 1.00 1.00 1.00 0.68 
 0.03 0.91 1.00 1.00 0.89 0.01 0.00 0.67 1.00 1.00 1.00 1.00 0.96 0.09 0.00 0.49 1.00 1.00 1.00 0.32 
 0.00 0.55 1.00 1.00 1.00 0.18 0.06 0.96 1.00 1.00 1.00 1.00 1.00 0.42 0.00 0.76 1.00 1.00 0.91 0.03 
 0.00 0.19 1.00 1.00 1.00 0.45 0.34 1.00 1.00 0.96 0.73 1.00 1.00 0.75 0.07 0.98 1.00 1.00 0.58 0.00 
 0.00 0.01 0.81 1.00 1.00 0.71 0.67 1.00 1.00 0.72 0.33 1.00 1.00 0.97 0.37 1.00 1.00 1.00 0.22 0.00 
 0.00 0.00 0.44 1.00 1.00 0.95 0.95 1.00 1.00 0.39 0.05 0.94 1.00 1.00 0.90 1.00 1.00 0.83 0.00 0.00 
 0.00 0.00 0.10 0.98 1.00 1.00 1.00 1.00 0.97 0.09 0.00 0.64 1.00 1.00 1.00 1.00 1.00 0.47 0.00 0.00 
 0.00 0.00 0.00 0.68 1.00 1.00 1.00 1.00 0.74 0.00 0.00 0.31 1.00 1.00 1.00 1.00 0.98 0.11 0.00 0.00 
 0.00 0.00 0.00 0.31 1.00 1.00 1.00 1.00 0.41 0.00 0.00 0.05 0.94 1.00 1.00 1.00 0.74 0.00 0.00 0.00 
 0.00 0.00 0.00 0.04 0.74 0.77 0.77 0.76 0.09 0.00 0.00 0.00 0.52 0.77 0.77 0.77 0.32 0.00 0.00 0.00 
 0.00 0.00 0.00 0.00 0.00 0.00 0.00 0.00 0.00 0.00 0.00 0.00 0.00 0.00 0.00 0.00 0.00 0.00 0.00 0.00 
 0.00 0.00 0.00 0.00 0.00 0.00 0.00 0.00 0.00 0.00 0.00 0.00 0.00 0.00 0.00 0.00 0.00 0.00 0.00 0.00 
 0.00 0.00 0.00 0.00 0.00 0.00 0.00 0.00 0.00 0.00 0.00 0.00 0.00 0.00 0.00 0.00 0.00 0.00 0.00 0.00 
 0.00 0.00 0.00 0.00 0.00 0.00 0.00 0.00 0.00 0.00 0.00 0.00 0.00 0.00 0.00 0.00 0.00 0.00 0.00 0.00 
 