0.00 0.00 0.00 0.00 0.00 0.00 0.00 0.00 0.00 0.00 0.00 0.00 0.00 0.00 0.00 0.00 0.00 0.00 0.00 0.00 
 0.00 0.00 0.00 0.00 0.00 0.00 0.00 0.00 0.00 0.00 0.00 0.00 0.00 0.00 0.00 0.00 0.00 0.00 0.00 0.00 
 0.00 0.00 0.00 0.00 0.04 0.00 0.00 0.00 0.00 0.00 0.00 0.00 0.08 0.00 0.00 0.00 0.00 0.00 0.04 0.08 
 0.15 0.29 0.53 0.78 0.67 0.00 0.00 0.00 0.00 0.00 0.00 0.11 0.78 0.00 0.00 0.00 0.00 0.06 0.80 0.92 
 0.57 0.59 0.88 1.00 0.88 0.02 0.00 0.00 0.00 0.00 0.00 0.57 0.90 0.04 0.00 0.00 0.00 0.13 0.96 1.00 
 0.00 0.00 0.27 1.00 1.00 0.18 0.00 0.00 0.00 0.00 0.21 0.98 1.00 0.15 0.00 0.00 0.00 0.00 0.29 0.94 
 0.00 0.00 0.06 0.92 1.00 0.35 0.00 0.00 0.00 0.02 0.74 1.00 1.00 0.25 0.00 0.00 0.00 0.00 0.00 0.74 
 0.00 0.00 0.00 0.78 1.00 0.47 0.00 0.00 0.00 0.37 0.64 0.96 1.00 0.31 0.00 0.00 0.00 0.00 0.11 0.86 
 0.00 0.00 0.00 0.65 1.00 0.57 0.00 0.00 0.11 0.76 0.04 0.86 1.00 0.43 0.00 0.00 0.00 0.00 0.49 0.45 
 0.00 0.00 0.00 0.55 1.00 0.69 0.00 0.00 0.53 0.35 0.00 0.76 1.00 0.51 0.00 0.00 0.00 0.16 0.74 0.02 
 0.00 0.00 0.00 0.43 1.00 0.72 0.00 0.21 0.69 0.00 0.00 0.67 1.00 0.59 0.00 0.00 0.02 0.65 0.21 0.00 
 0.00 0.00 0.00 0.41 1.00 0.78 0.02 0.69 0.21 0.00 0.00 0.57 1.00 0.72 0.00 0.00 0.41 0.51 0.00 0.00 
 0.00 0.00 0.00 0.29 1.00 0.86 0.37 0.59 0.00 0.00 0.00 0.47 1.00 0.78 0.00 0.18 0.72 0.02 0.00 0.00 
 0.00 0.00 0.00 0.29 1.00 0.94 0.80 0.08 0.00 0.00 0.00 0.41 1.00 0.86 0.08 0.76 0.15 0.00 0.00 0.00 
 0.00 0.00 0.00 0.29 1.00 1.00 0.43 0.00 0.00 0.00 0.00 0.29 1.00 0.88 0.65 0.33 0.00 0.00 0.00 0.00 
 0.00 0.00 0.00 0.16 1.00 0.80 0.02 0.00 0.00 0.00 0.00 0.21 1.00 0.98 0.49 0.00 0.00 0.00 0.00 0.00 
 0.00 0.00 0.00 0.15 0.98 0.27 0.00 0.00 0.00 0.00 0.00 0.15 1.00 0.64 0.00 0.00 0.00 0.00 0.00 0.00 
 0.00 0.00 0.00 0.11 0.53 0.00 0.00 0.00 0.00 0.00 0.00 0.11 0.62 0.02 0.00 0.00 0.00 0.00 0.00 0.00 
 0.00 0.00 0.00 0.00 0.00 0.00 0.00 0.00 0.00 0.00 0.00 0.00 0.00 0.00 0.00 0.00 0.00 0.00 0.00 0.00 
 0.00 0.00 0.00 0.00 0.00 0.00 0.00 0.00 0.00 0.00 0.00 0.00 0.00 0.00 0.00 0.00 0.00 0.00 0.00 0.00 
 