0.00 0.00 0.00 0.83 1.00 0.84 0.00 0.00 0.00 0.87 1.00 0.89 0.00 0.00 0.00 0.78 1.00 0.88 0.00 0.00 
 0.00 0.00 0.00 0.71 1.00 0.89 0.00 0.00 0.10 0.99 1.00 0.95 0.06 0.00 0.00 0.88 1.00 0.77 0.00 0.00 
 0.00 0.00 0.00 0.56 1.00 0.93 0.04 0.00 0.15 1.00 1.00 1.00 0.21 0.00 0.09 0.98 1.00 0.63 0.00 0.00 
 0.00 0.00 0.00 0.44 1.00 1.00 0.14 0.00 0.27 1.00 1.00 1.00 0.36 0.00 0.11 1.00 1.00 0.51 0.00 0.00 
 0.00 0.00 0.00 0.31 1.00 1.00 0.24 0.00 0.41 1.00 1.00 1.00 0.48 0.00 0.18 1.00 1.00 0.38 0.00 0.00 
 0.00 0.00 0.00 0.19 1.00 1.00 0.35 0.00 0.56 1.00 0.85 1.00 0.62 0.00 0.27 1.00 1.00 0.26 0.00 0.00 
 0.00 0.00 0.00 0.11 1.00 1.00 0.46 0.00 0.69 1.00 0.47 1.00 0.77 0.00 0.38 1.00 1.00 0.14 0.00 0.00 
 0.00 0.00 0.00 0.05 0.94 1.00 0.56 0.00 0.83 1.00 0.26 1.00 0.89 0.00 0.48 1.00 0.90 0.02 0.00 0.00 
 0.00 0.00 0.00 0.00 0.80 1.00 0.65 0.07 0.96 0.90 0.05 0.93 0.93 0.04 0.58 1.00 0.88 0.00 0.00 0.00 
 0.00 0.00 0.00 0.00 0.67 1.00 0.76 0.13 1.00 0.85 0.00 0.78 1.00 0.18 0.68 1.00 0.74 0.00 0.00 0.00 
 0.00 0.00 0.00 0.00 0.55 1.00 0.85 0.25 1.00 0.72 0.00 0.64 1.00 0.31 0.79 1.00 0.62 0.00 0.00 0.00 
 0.00 0.00 0.00 0.00 0.42 1.00 0.89 0.38 1.00 0.57 0.00 0.51 1.00 0.45 0.89 1.00 0.49 0.00 0.00 0.00 
 0.00 0.00 0.00 0.00 0.30 1.00 0.94 0.57 1.00 0.42 0.00 0.37 1.00 0.69 0.99 1.00 0.37 0.00 0.00 0.00 
 0.00 0.00 0.00 0.00 0.18 1.00 1.00 0.90 1.00 0.29 0.00 0.22 1.00 0.93 1.00 1.00 0.25 0.00 0.00 0.00 
 0.00 0.00 0.00 0.00 0.11 1.00 1.00 1.00 1.00 0.16 0.00 0.11 1.00 1.00 1.00 0.99 0.11 0.00 0.00 0.00 
 0.00 0.00 0.00 0.00 0.03 0.91 1.00 1.00 0.91 0.03 0.00 0.05 0.94 1.00 1.00 0.89 0.00 0.00 0.00 0.00 
 0.00 0.00 0.00 0.00 0.00 0.78 1.00 1.00 0.87 0.00 0.00 0.00 0.80 1.00 1.00 0.85 0.00 0.00 0.00 0.00 
 0.00 0.00 0.00 0.00 0.00 0.65 1.00 1.00 0.73 0.00 0.00 0.00 0.67 1.00 1.00 0.73 0.00 0.00 0.00 0.00 
 0.00 0.00 0.00 0.00 0.00 0.53 1.00 1.00 0.60 0.00 0.00 0.00 0.52 1.00 1.00 0.61 0.00 0.00 0.00 0.00 
 0.00 0.00 0.00 0.00 0.00 0.41 1.00 1.00 0.45 0.00 0.00 0.00 0.38 1.00 1.00 0.48 0.00 0.00 0.00 0.00 
 