0.00 0.00 0.00 0.00 0.00 0.00 0.00 0.00 0.00 0.00 0.00 0.00 0.00 0.00 0.00 0.00 0.00 0.00 0.00 0.00 
 0.00 0.00 0.00 0.00 0.00 0.00 0.00 0.00 0.00 0.00 0.00 0.00 0.00 0.00 0.00 0.00 0.00 0.00 0.00 0.00 
 0.00 0.00 0.00 0.00 0.00 0.00 0.00 0.00 0.00 0.00 0.00 0.00 0.00 0.00 0.00 0.00 0.00 0.00 0.00 0.00 
 0.58 0.60 0.60 0.31 0.00 0.00 0.00 0.00 0.13 0.60 0.60 0.60 0.30 0.00 0.00 0.00 0.00 0.39 0.60 0.60 
 0.86 1.00 1.00 0.61 0.00 0.00 0.00 0.00 0.57 1.00 1.00 1.00 0.56 0.00 0.00 0.00 0.09 0.94 1.00 1.00 
 0.74 1.00 1.00 0.71 0.00 0.00 0.00 0.10 0.96 1.00 1.00 1.00 0.60 0.00 0.00 0.00 0.47 1.00 1.00 1.00 
 0.62 1.00 1.00 0.82 0.00 0.00 0.00 0.48 1.00 1.00 1.00 1.00 0.67 0.00 0.00 0.05 0.90 1.00 1.00 0.84 
 0.50 1.00 1.00 0.90 0.00 0.00 0.05 0.90 1.00 1.00 1.00 1.00 0.70 0.00 0.00 0.39 1.00 1.00 1.00 0.39 
 0.37 1.00 1.00 0.92 0.02 0.00 0.38 1.00 1.00 0.97 1.00 1.00 0.77 0.00 0.03 0.84 1.00 1.00 0.85 0.02 
 0.25 1.00 1.00 1.00 0.12 0.02 0.83 1.00 1.00 0.57 1.00 1.00 0.80 0.00 0.31 1.00 1.00 1.00 0.39 0.00 
 0.13 1.00 1.00 1.00 0.22 0.28 1.00 1.00 0.89 0.14 1.00 1.00 0.88 0.01 0.76 1.00 1.00 0.85 0.02 0.00 
 0.09 0.99 1.00 1.00 0.34 0.74 1.00 1.00 0.49 0.09 0.99 1.00 0.90 0.24 1.00 1.00 1.00 0.39 0.00 0.00 
 0.00 0.87 1.00 1.00 0.64 1.00 1.00 0.93 0.06 0.00 0.90 1.00 0.90 0.68 1.00 1.00 0.85 0.02 0.00 0.00 
 0.00 0.75 1.00 1.00 0.99 1.00 1.00 0.55 0.00 0.00 0.83 1.00 0.99 0.99 1.00 1.00 0.39 0.00 0.00 0.00 
 0.00 0.64 1.00 1.00 1.00 1.00 0.95 0.11 0.00 0.00 0.77 1.00 1.00 1.00 1.00 0.89 0.03 0.00 0.00 0.00 
 0.00 0.51 1.00 1.00 1.00 1.00 0.61 0.00 0.00 0.00 0.69 1.00 1.00 1.00 1.00 0.45 0.00 0.00 0.00 0.00 
 0.00 0.38 1.00 1.00 1.00 0.97 0.16 0.00 0.00 0.00 0.60 1.00 1.00 1.00 0.89 0.04 0.00 0.00 0.00 0.00 
 0.00 0.24 0.90 0.90 0.90 0.63 0.00 0.00 0.00 0.00 0.48 0.90 0.90 0.90 0.43 0.00 0.00 0.00 0.00 0.00 
 0.00 0.00 0.00 0.00 0.00 0.00 0.00 0.00 0.00 0.00 0.00 0.00 0.00 0.00 0.00 0.00 0.00 0.00 0.00 0.00 
 0.00 0.00 0.00 0.00 0.00 0.00 0.00 0.00 0.00 0.00 0.00 0.00 0.00 0.00 0.00 0.00 0.00 0.00 0.00 0.00 
 