0.00 0.00 0.00 0.00 0.00 0.00 0.00 0.00 0.00 0.00 0.00 0.00 0.00 0.00 0.00 0.00 0.00 0.00 0.00 0.00 
 0.00 0.00 0.00 0.00 0.00 0.00 0.00 0.00 0.00 0.00 0.00 0.00 0.00 0.00 0.00 0.00 0.00 0.00 0.00 0.00 
 0.13 0.13 0.13 0.13 0.13 0.09 0.00 0.08 0.13 0.13 0.13 0.13 0.13 0.05 0.00 0.00 0.02 0.13 0.13 0.13 
 0.31 0.78 1.00 1.00 0.64 0.19 0.00 0.17 0.58 1.00 1.00 0.93 0.33 0.09 0.00 0.00 0.03 0.28 0.67 1.00 
 0.00 0.17 0.99 1.00 0.30 0.00 0.00 0.00 0.02 0.69 1.00 0.78 0.00 0.00 0.00 0.00 0.00 0.00 0.30 0.86 
 0.00 0.00 0.75 1.00 0.56 0.00 0.00 0.00 0.00 0.27 1.00 0.91 0.03 0.00 0.00 0.00 0.00 0.00 0.55 0.47 
 0.00 0.00 0.39 1.00 0.86 0.02 0.00 0.00 0.00 0.06 0.93 1.00 0.35 0.00 0.00 0.00 0.00 0.03 0.82 0.11 
 0.00 0.00 0.11 0.97 1.00 0.28 0.00 0.00 0.00 0.00 0.74 1.00 0.69 0.00 0.00 0.00 0.00 0.20 0.77 0.00 
 0.00 0.00 0.00 0.69 1.00 0.61 0.00 0.00 0.00 0.11 0.97 1.00 0.94 0.08 0.00 0.00 0.00 0.56 0.44 0.00 
 0.00 0.00 0.00 0.35 1.00 0.88 0.02 0.00 0.00 0.38 0.71 0.82 1.00 0.41 0.00 0.00 0.05 0.85 0.11 0.00 
 0.00 0.00 0.00 0.08 0.94 1.00 0.31 0.00 0.00 0.74 0.35 0.47 1.00 0.77 0.00 0.00 0.24 0.77 0.00 0.00 
 0.00 0.00 0.00 0.00 0.63 1.00 0.66 0.00 0.13 0.88 0.03 0.14 0.99 0.97 0.16 0.00 0.56 0.41 0.00 0.00 
 0.00 0.00 0.00 0.00 0.27 1.00 0.91 0.03 0.42 0.61 0.00 0.00 0.75 1.00 0.50 0.05 0.83 0.08 0.00 0.00 
 0.00 0.00 0.00 0.00 0.06 0.91 1.00 0.36 0.77 0.25 0.00 0.00 0.39 1.00 0.83 0.27 0.72 0.00 0.00 0.00 
 0.00 0.00 0.00 0.00 0.00 0.56 1.00 0.83 0.85 0.00 0.00 0.00 0.11 0.97 0.99 0.78 0.39 0.00 0.00 0.00 
 0.00 0.00 0.00 0.00 0.00 0.24 1.00 1.00 0.55 0.00 0.00 0.00 0.00 0.69 1.00 0.94 0.08 0.00 0.00 0.00 
 0.00 0.00 0.00 0.00 0.00 0.03 0.85 0.99 0.19 0.00 0.00 0.00 0.00 0.33 1.00 0.71 0.00 0.00 0.00 0.00 
 0.00 0.00 0.00 0.00 0.00 0.00 0.50 0.80 0.00 0.00 0.00 0.00 0.00 0.08 0.94 0.35 0.00 0.00 0.00 0.00 
 0.00 0.00 0.00 0.00 0.00 0.00 0.14 0.39 0.00 0.00 0.00 0.00 0.00 0.00 0.45 0.05 0.00 0.00 0.00 0.00 
 0.00 0.00 0.00 0.00 0.00 0.00 0.00 0.00 0.00 0.00 0.00 0.00 0.00 0.00 0.00 0.00 0.00 0.00 0.00 0.00 
 