0.00 0.00 0.00 0.00 0.00 0.00 0.00 0.00 0.00 0.00 0.00 0.00 0.00 0.00 0.00 0.00 0.00 0.00 0.00 0.00 
 0.00 0.00 0.00 0.00 0.00 0.00 0.00 0.00 0.00 0.00 0.00 0.00 0.00 0.00 0.00 0.00 0.00 0.00 0.00 0.00 
 0.07 0.00 0.00 0.00 0.05 0.03 0.00 0.00 0.00 0.00 0.08 0.04 0.00 0.00 0.00 0.00 0.04 0.03 0.00 0.02 
 0.74 0.88 0.93 0.88 0.71 0.25 0.00 0.00 0.00 0.00 0.70 0.42 0.00 0.00 0.00 0.00 0.42 0.69 0.89 0.91 
 0.00 0.45 1.00 0.74 0.00 0.00 0.00 0.00 0.00 0.09 0.98 0.75 0.00 0.00 0.00 0.00 0.00 0.00 0.80 0.51 
 0.00 0.17 1.00 0.89 0.00 0.00 0.00 0.00 0.00 0.42 1.00 0.97 0.09 0.00 0.00 0.00 0.00 0.06 0.97 0.17 
 0.00 0.03 0.93 0.98 0.09 0.00 0.00 0.00 0.01 0.79 0.85 1.00 0.42 0.00 0.00 0.00 0.00 0.25 0.84 0.00 
 0.00 0.00 0.69 1.00 0.31 0.00 0.00 0.00 0.18 0.82 0.32 1.00 0.77 0.00 0.00 0.00 0.00 0.51 0.55 0.00 
 0.00 0.00 0.45 1.00 0.54 0.00 0.00 0.00 0.57 0.44 0.04 0.93 0.98 0.14 0.00 0.00 0.00 0.77 0.24 0.00 
 0.00 0.00 0.22 1.00 0.76 0.00 0.00 0.05 0.88 0.07 0.00 0.58 1.00 0.50 0.00 0.00 0.10 0.89 0.02 0.00 
 0.00 0.00 0.05 0.96 0.94 0.03 0.00 0.36 0.61 0.00 0.00 0.22 1.00 0.84 0.01 0.00 0.35 0.62 0.00 0.00 
 0.00 0.00 0.00 0.75 1.00 0.22 0.01 0.75 0.22 0.00 0.00 0.02 0.83 1.00 0.22 0.00 0.63 0.33 0.00 0.00 
 0.00 0.00 0.00 0.52 1.00 0.45 0.18 0.82 0.00 0.00 0.00 0.00 0.46 1.00 0.58 0.03 0.88 0.07 0.00 0.00 
 0.00 0.00 0.00 0.29 1.00 0.68 0.56 0.45 0.00 0.00 0.00 0.00 0.12 0.99 0.90 0.22 0.80 0.00 0.00 0.00 
 0.00 0.00 0.00 0.09 1.00 0.93 0.89 0.09 0.00 0.00 0.00 0.00 0.00 0.74 1.00 0.76 0.53 0.00 0.00 0.00 
 0.00 0.00 0.00 0.00 0.84 1.00 0.69 0.00 0.00 0.00 0.00 0.00 0.00 0.39 1.00 1.00 0.25 0.00 0.00 0.00 
 0.00 0.00 0.00 0.00 0.62 1.00 0.33 0.00 0.00 0.00 0.00 0.00 0.00 0.09 0.98 0.94 0.03 0.00 0.00 0.00 
 0.00 0.00 0.00 0.00 0.40 0.93 0.04 0.00 0.00 0.00 0.00 0.00 0.00 0.00 0.71 0.73 0.00 0.00 0.00 0.00 
 0.00 0.00 0.00 0.00 0.03 0.06 0.00 0.00 0.00 0.00 0.00 0.00 0.00 0.00 0.04 0.05 0.00 0.00 0.00 0.00 
 0.00 0.00 0.00 0.00 0.00 0.00 0.00 0.00 0.00 0.00 0.00 0.00 0.00 0.00 0.00 0.00 0.00 0.00 0.00 0.00 
 