0.00 0.00 0.00 0.00 0.00 0.00 0.00 0.00 0.00 0.00 0.00 0.00 0.00 0.00 0.00 0.00 0.00 0.00 0.00 0.00 
 0.00 0.00 0.00 0.00 0.00 0.00 0.00 0.00 0.00 0.00 0.00 0.00 0.00 0.00 0.00 0.00 0.00 0.00 0.00 0.00 
 0.54 0.58 0.10 0.00 0.00 0.00 0.00 0.00 0.00 0.13 0.58 0.45 0.00 0.00 0.00 0.00 0.00 0.00 0.04 0.57 
 0.68 1.00 0.38 0.00 0.00 0.00 0.00 0.00 0.00 0.46 1.00 0.94 0.04 0.00 0.00 0.00 0.00 0.00 0.21 1.00 
 0.39 1.00 0.67 0.00 0.00 0.00 0.00 0.00 0.00 0.75 1.00 1.00 0.27 0.00 0.00 0.00 0.00 0.00 0.47 1.00 
 0.12 1.00 0.91 0.02 0.00 0.00 0.00 0.00 0.08 0.98 0.88 1.00 0.54 0.00 0.00 0.00 0.00 0.00 0.73 1.00 
 0.00 0.81 1.00 0.22 0.00 0.00 0.00 0.00 0.33 1.00 0.56 1.00 0.81 0.00 0.00 0.00 0.00 0.06 0.97 0.97 
 0.00 0.51 1.00 0.50 0.00 0.00 0.00 0.00 0.61 1.00 0.18 0.84 0.97 0.09 0.00 0.00 0.00 0.26 1.00 0.74 
 0.00 0.22 1.00 0.78 0.00 0.00 0.00 0.02 0.89 0.86 0.00 0.56 1.00 0.36 0.00 0.00 0.00 0.52 1.00 0.45 
 0.00 0.04 0.92 0.97 0.07 0.00 0.00 0.18 1.00 0.61 0.00 0.27 1.00 0.63 0.00 0.00 0.00 0.79 1.00 0.17 
 0.00 0.00 0.64 1.00 0.33 0.00 0.00 0.48 1.00 0.32 0.00 0.06 0.97 0.88 0.01 0.00 0.09 0.99 0.87 0.00 
 0.00 0.00 0.34 1.00 0.61 0.00 0.00 0.76 0.96 0.06 0.00 0.00 0.72 1.00 0.18 0.00 0.31 1.00 0.61 0.00 
 0.00 0.00 0.09 0.99 0.87 0.00 0.09 0.99 0.76 0.00 0.00 0.00 0.43 1.00 0.45 0.00 0.58 1.00 0.32 0.00 
 0.00 0.00 0.00 0.76 1.00 0.17 0.33 1.00 0.47 0.00 0.00 0.00 0.16 1.00 0.73 0.01 0.84 0.96 0.06 0.00 
 0.00 0.00 0.00 0.47 1.00 0.45 0.62 1.00 0.19 0.00 0.00 0.00 0.02 0.87 0.94 0.16 1.00 0.76 0.00 0.00 
 0.00 0.00 0.00 0.18 1.00 0.71 0.90 0.88 0.00 0.00 0.00 0.00 0.00 0.59 1.00 0.61 1.00 0.48 0.00 0.00 
 0.00 0.00 0.00 0.02 0.88 0.95 1.00 0.64 0.00 0.00 0.00 0.00 0.00 0.31 1.00 0.93 1.00 0.20 0.00 0.00 
 0.00 0.00 0.00 0.00 0.59 1.00 1.00 0.34 0.00 0.00 0.00 0.00 0.00 0.08 0.98 1.00 0.89 0.01 0.00 0.00 
 0.00 0.00 0.00 0.00 0.25 0.75 0.74 0.07 0.00 0.00 0.00 0.00 0.00 0.00 0.59 0.75 0.50 0.00 0.00 0.00 
 0.00 0.00 0.00 0.00 0.00 0.00 0.00 0.00 0.00 0.00 0.00 0.00 0.00 0.00 0.00 0.00 0.00 0.00 0.00 0.00 
 