0.00 0.00 0.00 0.00 0.00 0.00 0.00 0.00 0.00 0.00 0.00 0.00 0.00 0.00 0.00 0.00 0.00 0.00 0.00 0.00 
 0.00 0.00 0.00 0.00 0.00 0.00 0.00 0.00 0.00 0.00 0.00 0.00 0.00 0.00 0.00 0.00 0.00 0.00 0.00 0.00 
 0.00 0.00 0.00 0.00 0.00 0.00 0.00 0.00 0.00 0.00 0.00 0.00 0.00 0.00 0.00 0.00 0.00 0.00 0.00 0.00 
 0.10 0.10 0.10 0.10 0.01 0.00 0.00 0.00 0.01 0.10 0.10 0.10 0.10 0.01 0.00 0.00 0.00 0.05 0.10 0.10 
 0.96 1.00 1.00 1.00 0.10 0.00 0.00 0.00 0.34 1.00 1.00 1.00 1.00 0.12 0.00 0.00 0.00 0.67 1.00 1.00 
 0.90 1.00 1.00 1.00 0.10 0.00 0.00 0.02 0.80 1.00 1.00 1.00 1.00 0.20 0.00 0.00 0.12 0.98 1.00 1.00 
 0.81 1.00 1.00 1.00 0.10 0.00 0.00 0.28 1.00 1.00 1.00 1.00 1.00 0.20 0.00 0.00 0.47 1.00 1.00 1.00 
 0.76 1.00 1.00 1.00 0.10 0.00 0.01 0.75 1.00 0.98 0.98 1.00 1.00 0.20 0.00 0.03 0.87 1.00 1.00 0.93 
 0.70 1.00 1.00 1.00 0.10 0.00 0.23 1.00 1.00 0.89 0.97 1.00 1.00 0.27 0.00 0.28 1.00 1.00 1.00 0.49 
 0.61 1.00 1.00 1.00 0.10 0.00 0.70 1.00 1.00 0.54 1.00 1.00 1.00 0.30 0.00 0.68 1.00 1.00 0.91 0.06 
 0.56 1.00 1.00 1.00 0.10 0.18 0.99 1.00 0.91 0.15 0.99 1.00 1.00 0.30 0.12 0.98 1.00 1.00 0.49 0.00 
 0.50 1.00 1.00 1.00 0.10 0.65 1.00 1.00 0.52 0.00 0.90 1.00 1.00 0.32 0.48 1.00 1.00 0.91 0.06 0.00 
 0.41 1.00 1.00 1.00 0.25 0.98 1.00 0.94 0.09 0.00 0.90 1.00 1.00 0.44 0.89 1.00 1.00 0.49 0.00 0.00 
 0.35 1.00 1.00 1.00 0.63 1.00 1.00 0.58 0.00 0.00 0.85 1.00 1.00 0.67 1.00 1.00 0.91 0.06 0.00 0.00 
 0.29 1.00 1.00 0.97 0.92 1.00 0.96 0.12 0.00 0.00 0.80 1.00 1.00 0.91 1.00 1.00 0.49 0.00 0.00 0.00 
 0.20 1.00 1.00 1.00 1.00 1.00 0.65 0.00 0.00 0.00 0.80 1.00 1.00 1.00 1.00 0.91 0.06 0.00 0.00 0.00 
 0.15 1.00 1.00 1.00 1.00 0.98 0.17 0.00 0.00 0.00 0.71 1.00 1.00 1.00 1.00 0.49 0.00 0.00 0.00 0.00 
 0.09 0.90 0.90 0.90 0.90 0.65 0.00 0.00 0.00 0.00 0.63 0.90 0.90 0.90 0.84 0.06 0.00 0.00 0.00 0.00 
 0.00 0.00 0.00 0.00 0.00 0.00 0.00 0.00 0.00 0.00 0.00 0.00 0.00 0.00 0.00 0.00 0.00 0.00 0.00 0.00 
 0.00 0.00 0.00 0.00 0.00 0.00 0.00 0.00 0.00 0.00 0.00 0.00 0.00 0.00 0.00 0.00 0.00 0.00 0.00 0.00 
 