0.00 0.00 0.00 0.00 0.00 0.00 0.00 0.00 0.00 0.00 0.00 0.00 0.00 0.00 0.00 0.00 0.00 0.00 0.00 0.00 
 0.00 0.00 0.00 0.00 0.00 0.00 0.00 0.00 0.00 0.00 0.00 0.00 0.00 0.00 0.00 0.00 0.00 0.00 0.00 0.00 
 0.00 0.00 0.00 0.00 0.00 0.00 0.00 0.00 0.00 0.00 0.00 0.00 0.00 0.00 0.00 0.00 0.00 0.00 0.00 0.00 
 0.33 0.33 0.33 0.33 0.33 0.28 0.00 0.11 0.33 0.33 0.33 0.33 0.33 0.33 0.11 0.00 0.00 0.17 0.33 0.33 
 0.36 0.89 1.00 1.00 0.75 0.20 0.00 0.06 0.31 0.81 1.00 1.00 0.81 0.28 0.06 0.00 0.00 0.09 0.45 1.00 
 0.00 0.22 0.97 1.00 0.53 0.00 0.00 0.00 0.00 0.22 1.00 1.00 0.53 0.00 0.00 0.00 0.00 0.00 0.20 0.95 
 0.00 0.00 0.70 1.00 0.75 0.00 0.00 0.00 0.00 0.03 0.78 1.00 0.78 0.00 0.00 0.00 0.00 0.00 0.47 0.61 
 0.00 0.00 0.33 1.00 0.95 0.14 0.00 0.00 0.00 0.00 0.45 1.00 0.95 0.17 0.00 0.00 0.00 0.06 0.84 0.22 
 0.00 0.00 0.11 0.92 1.00 0.53 0.00 0.00 0.00 0.03 0.70 1.00 1.00 0.58 0.00 0.00 0.00 0.28 0.81 0.00 
 0.00 0.00 0.00 0.56 1.00 0.84 0.03 0.00 0.00 0.20 0.89 0.67 1.00 0.86 0.03 0.00 0.00 0.61 0.47 0.00 
 0.00 0.00 0.00 0.22 1.00 1.00 0.28 0.00 0.00 0.58 0.58 0.25 1.00 1.00 0.33 0.00 0.11 0.86 0.11 0.00 
 0.00 0.00 0.00 0.06 0.84 1.00 0.64 0.00 0.14 0.89 0.14 0.06 0.86 1.00 0.73 0.00 0.36 0.73 0.00 0.00 
 0.00 0.00 0.00 0.00 0.42 1.00 0.89 0.06 0.50 0.64 0.00 0.00 0.45 1.00 0.92 0.14 0.75 0.36 0.00 0.00 
 0.00 0.00 0.00 0.00 0.14 0.97 1.00 0.50 0.86 0.22 0.00 0.00 0.14 0.97 1.00 0.70 0.86 0.03 0.00 0.00 
 0.00 0.00 0.00 0.00 0.00 0.70 1.00 0.97 0.73 0.00 0.00 0.00 0.00 0.70 1.00 1.00 0.58 0.00 0.00 0.00 
 0.00 0.00 0.00 0.00 0.00 0.31 1.00 0.97 0.31 0.00 0.00 0.00 0.00 0.31 1.00 0.97 0.22 0.00 0.00 0.00 
 0.00 0.00 0.00 0.00 0.00 0.09 0.89 0.78 0.00 0.00 0.00 0.00 0.00 0.09 0.89 0.81 0.00 0.00 0.00 0.00 
 0.00 0.00 0.00 0.00 0.00 0.00 0.50 0.39 0.00 0.00 0.00 0.00 0.00 0.00 0.47 0.42 0.00 0.00 0.00 0.00 
 0.00 0.00 0.00 0.00 0.00 0.00 0.00 0.00 0.00 0.00 0.00 0.00 0.00 0.00 0.00 0.00 0.00 0.00 0.00 0.00 
 0.00 0.00 0.00 0.00 0.00 0.00 0.00 0.00 0.00 0.00 0.00 0.00 0.00 0.00 0.00 0.00 0.00 0.00 0.00 0.00 
 