0.00 0.00 0.00 0.00 0.00 0.00 0.00 0.00 0.00 0.00 0.00 0.00 0.00 0.00 0.00 0.00 0.00 0.00 0.00 0.00 
 0.11 0.11 0.11 0.05 0.00 0.00 0.00 0.00 0.06 0.11 0.11 0.07 0.00 0.00 0.00 0.00 0.05 0.11 0.11 0.11 
 0.83 1.00 1.00 0.57 0.00 0.00 0.00 0.00 0.63 1.00 1.00 0.74 0.00 0.00 0.00 0.00 0.61 1.00 1.00 0.84 
 0.56 1.00 1.00 0.82 0.00 0.00 0.00 0.03 0.88 1.00 1.00 0.90 0.02 0.00 0.00 0.02 0.85 1.00 1.00 0.57 
 0.29 1.00 1.00 0.95 0.07 0.00 0.00 0.14 1.00 1.00 1.00 1.00 0.19 0.00 0.00 0.14 1.00 1.00 1.00 0.29 
 0.09 0.98 1.00 1.00 0.32 0.00 0.00 0.33 1.00 1.00 1.00 1.00 0.41 0.00 0.00 0.35 1.00 1.00 0.94 0.05 
 0.00 0.73 1.00 1.00 0.57 0.00 0.00 0.57 1.00 1.00 1.00 1.00 0.63 0.00 0.00 0.61 1.00 1.00 0.76 0.00 
 0.00 0.46 1.00 1.00 0.82 0.00 0.00 0.79 1.00 0.96 0.96 1.00 0.84 0.00 0.02 0.85 1.00 1.00 0.48 0.00 
 0.00 0.20 1.00 1.00 0.95 0.07 0.10 0.99 1.00 0.84 0.74 1.00 0.95 0.07 0.13 1.00 1.00 1.00 0.21 0.00 
 0.00 0.05 0.91 1.00 1.00 0.32 0.27 1.00 1.00 0.62 0.51 1.00 1.00 0.30 0.32 1.00 1.00 0.89 0.02 0.00 
 0.00 0.00 0.64 1.00 1.00 0.57 0.51 1.00 1.00 0.38 0.26 1.00 1.00 0.52 0.57 1.00 1.00 0.68 0.00 0.00 
 0.00 0.00 0.36 1.00 1.00 0.82 0.74 1.00 0.99 0.15 0.10 0.99 1.00 0.76 0.83 1.00 1.00 0.40 0.00 0.00 
 0.00 0.00 0.13 0.99 1.00 0.95 0.95 1.00 0.88 0.00 0.00 0.82 1.00 1.00 1.00 1.00 0.98 0.14 0.00 0.00 
 0.00 0.00 0.00 0.82 1.00 1.00 1.00 1.00 0.69 0.00 0.00 0.58 1.00 1.00 1.00 1.00 0.84 0.00 0.00 0.00 
 0.00 0.00 0.00 0.55 1.00 1.00 1.00 1.00 0.46 0.00 0.00 0.35 1.00 1.00 1.00 1.00 0.60 0.00 0.00 0.00 
 0.00 0.00 0.00 0.27 1.00 1.00 1.00 1.00 0.24 0.00 0.00 0.14 1.00 1.00 1.00 1.00 0.32 0.00 0.00 0.00 
 0.00 0.00 0.00 0.07 0.96 1.00 1.00 0.91 0.03 0.00 0.00 0.03 0.88 1.00 1.00 0.95 0.07 0.00 0.00 0.00 
 0.00 0.00 0.00 0.00 0.67 0.89 0.89 0.69 0.00 0.00 0.00 0.00 0.60 0.89 0.89 0.72 0.00 0.00 0.00 0.00 
 0.00 0.00 0.00 0.00 0.00 0.00 0.00 0.00 0.00 0.00 0.00 0.00 0.00 0.00 0.00 0.00 0.00 0.00 0.00 0.00 
 0.00 0.00 0.00 0.00 0.00 0.00 0.00 0.00 0.00 0.00 0.00 0.00 0.00 0.00 0.00 0.00 0.00 0.00 0.00 0.00 
 