-1.00 -1.00 -1.00 -1.00 -1.00 -1.00 -1.00 -1.00 -1.00 -1.00 -1.00 -1.00 -1.00 -1.00 -1.00 -1.00 -1.00 -1.00 -1.00 -1.00 
 -1.00 -1.00 -1.00 -1.00 -1.00 -1.00 -1.00 -1.00 -1.00 -1.00 -1.00 -1.00 -1.00 -1.00 -1.00 -1.00 -1.00 -1.00 -1.00 -1.00 
 0.18 0.27 0.27 0.27 0.27 0.01 -1.00 0.08 0.27 0.27 0.27 0.27 0.17 -1.00 -0.57 0.27 0.27 0.27 0.27 0.26 
 -0.51 0.80 1.00 1.00 0.07 -0.78 -1.00 -0.55 0.68 1.00 1.00 0.26 -0.69 -1.00 -0.90 -0.31 0.96 1.00 0.48 -0.51 
 -1.00 -0.07 1.00 1.00 -0.59 -1.00 -1.00 -1.00 -0.28 1.00 1.00 -0.53 -1.00 -1.00 -1.00 -1.00 0.75 0.48 -0.96 -1.00 
 -1.00 -0.55 1.00 1.00 -0.29 -1.00 -1.00 -1.00 -0.74 1.00 1.00 -0.24 -1.00 -1.00 -1.00 -0.63 0.93 -0.75 -1.00 -1.00 
 -1.00 -0.93 0.96 1.00 0.09 -1.00 -1.00 -1.00 -0.11 1.00 1.00 0.13 -1.00 -1.00 -1.00 0.36 0.04 -1.00 -1.00 -1.00 
 -1.00 -1.00 0.58 1.00 0.47 -1.00 -1.00 -0.87 0.78 0.58 1.00 0.49 -1.00 -1.00 -0.62 0.80 -0.90 -1.00 -1.00 -1.00 
 -1.00 -1.00 0.15 1.00 0.84 -0.99 -1.00 0.07 0.00 0.02 1.00 0.86 -0.99 -1.00 0.39 -0.21 -1.00 -1.00 -1.00 -1.00 
 -1.00 -1.00 -0.28 1.00 1.00 -0.79 -0.77 0.70 -0.92 -0.34 1.00 1.00 -0.77 -0.59 0.64 -0.98 -1.00 -1.00 -1.00 -1.00 
 -1.00 -1.00 -0.72 1.00 1.00 -0.41 0.25 -0.30 -1.00 -0.70 1.00 1.00 -0.41 0.42 -0.45 -1.00 -1.00 -1.00 -1.00 -1.00 
 -1.00 -1.00 -0.99 0.84 1.00 0.33 0.51 -0.99 -1.00 -0.98 0.91 1.00 0.38 0.42 -1.00 -1.00 -1.00 -1.00 -1.00 -1.00 
 -1.00 -1.00 -1.00 0.41 1.00 0.98 -0.60 -1.00 -1.00 -1.00 0.58 1.00 0.97 -0.67 -1.00 -1.00 -1.00 -1.00 -1.00 -1.00 
 -1.00 -1.00 -1.00 -0.02 1.00 0.23 -1.00 -1.00 -1.00 -1.00 0.21 1.00 0.18 -1.00 -1.00 -1.00 -1.00 -1.00 -1.00 -1.00 
 -1.00 -1.00 -1.00 -0.89 -0.69 -0.91 -1.00 -1.00 -1.00 -1.00 -0.84 -0.69 -0.92 -1.00 -1.00 -1.00 -1.00 -1.00 -1.00 -1.00 
 -1.00 -1.00 -1.00 -1.00 -1.00 -1.00 -1.00 -1.00 -1.00 -1.00 -1.00 -1.00 -1.00 -1.00 -1.00 -1.00 -1.00 -1.00 -1.00 -1.00 
 -1.00 -1.00 -1.00 -1.00 -1.00 -1.00 -1.00 -1.00 -1.00 -1.00 -1.00 -1.00 -1.00 -1.00 -1.00 -1.00 -1.00 -1.00 -1.00 -1.00 
 -1.00 -1.00 -1.00 -1.00 -1.00 -1.00 -1.00 -1.00 -1.00 -1.00 -1.00 -1.00 -1.00 -1.00 -1.00 -1.00 -1.00 -1.00 -1.00 -1.00 
 -1.00 -1.00 -1.00 -1.00 -1.00 -1.00 -1.00 -1.00 -1.00 -1.00 -1.00 -1.00 -1.00 -1.00 -1.00 -1.00 -1.00 -1.00 -1.00 -1.00 
 -1.00 -1.00 -1.00 -1.00 -1.00 -1.00 -1.00 -1.00 -1.00 -1.00 -1.00 -1.00 -1.00 -1.00 -1.00 -1.00 -1.00 -1.00 -1.00 -1.00 
 