-1.00 -1.00 -1.00 -1.00 -1.00 -1.00 -1.00 -1.00 -1.00 -1.00 -1.00 -1.00 -1.00 -1.00 -1.00 -1.00 -1.00 -1.00 -1.00 -1.00 
 -1.00 -1.00 -1.00 -1.00 -1.00 -1.00 -1.00 -1.00 -1.00 -1.00 -1.00 -1.00 -1.00 -1.00 -1.00 -1.00 -1.00 -1.00 -1.00 -1.00 
 0.37 0.34 -0.99 -1.00 -1.00 -1.00 -1.00 -1.00 -0.94 0.29 0.50 -0.90 -1.00 -1.00 -1.00 -1.00 -1.00 -1.00 -0.13 0.61 
 0.90 1.00 -0.83 -1.00 -1.00 -1.00 -1.00 -1.00 -0.04 1.00 1.00 -0.52 -1.00 -1.00 -1.00 -1.00 -1.00 -0.61 0.99 0.58 
 0.66 1.00 -0.59 -1.00 -1.00 -1.00 -1.00 -0.84 0.89 0.76 1.00 -0.29 -1.00 -1.00 -1.00 -1.00 -0.99 0.46 1.00 -0.49 
 0.43 1.00 -0.36 -1.00 -1.00 -1.00 -1.00 0.13 0.95 -0.17 1.00 -0.06 -1.00 -1.00 -1.00 -1.00 -0.46 1.00 0.43 -1.00 
 0.19 1.00 -0.13 -1.00 -1.00 -1.00 -0.73 0.95 0.18 -0.54 1.00 0.17 -1.00 -1.00 -1.00 -0.98 0.62 0.98 -0.64 -1.00 
 -0.04 1.00 0.11 -1.00 -1.00 -1.00 0.29 0.93 -0.79 -0.75 1.00 0.40 -1.00 -1.00 -1.00 -0.29 1.00 0.26 -1.00 -1.00 
 -0.28 1.00 0.34 -1.00 -1.00 -0.61 0.99 0.07 -1.00 -0.96 0.98 0.63 -1.00 -1.00 -0.95 0.74 0.94 -0.76 -1.00 -1.00 
 -0.51 1.00 0.58 -1.00 -0.99 0.46 0.86 -0.87 -1.00 -1.00 0.80 0.87 -1.00 -1.00 -0.13 1.00 0.09 -1.00 -1.00 -1.00 
 -0.75 1.00 0.80 -1.00 -0.46 1.00 -0.09 -1.00 -1.00 -1.00 0.57 1.00 -0.91 -0.88 0.84 0.87 -0.86 -1.00 -1.00 -1.00 
 -0.96 0.98 0.98 -0.95 0.60 0.76 -0.94 -1.00 -1.00 -1.00 0.35 1.00 -0.67 0.04 1.00 -0.07 -1.00 -1.00 -1.00 -1.00 
 -1.00 0.78 1.00 -0.15 1.00 -0.25 -1.00 -1.00 -1.00 -1.00 0.13 1.00 -0.25 0.92 0.78 -0.93 -1.00 -1.00 -1.00 -1.00 
 -1.00 0.55 1.00 0.84 0.65 -0.98 -1.00 -1.00 -1.00 -1.00 -0.09 1.00 0.83 1.00 -0.24 -1.00 -1.00 -1.00 -1.00 -1.00 
 -1.00 0.31 1.00 1.00 -0.41 -1.00 -1.00 -1.00 -1.00 -1.00 -0.32 1.00 1.00 0.65 -0.98 -1.00 -1.00 -1.00 -1.00 -1.00 
 -1.00 -0.47 0.45 -0.07 -1.00 -1.00 -1.00 -1.00 -1.00 -1.00 -0.84 0.37 0.36 -0.65 -1.00 -1.00 -1.00 -1.00 -1.00 -1.00 
 -1.00 -1.00 -1.00 -1.00 -1.00 -1.00 -1.00 -1.00 -1.00 -1.00 -1.00 -1.00 -1.00 -1.00 -1.00 -1.00 -1.00 -1.00 -1.00 -1.00 
 -1.00 -1.00 -1.00 -1.00 -1.00 -1.00 -1.00 -1.00 -1.00 -1.00 -1.00 -1.00 -1.00 -1.00 -1.00 -1.00 -1.00 -1.00 -1.00 -1.00 
 -1.00 -1.00 -1.00 -1.00 -1.00 -1.00 -1.00 -1.00 -1.00 -1.00 -1.00 -1.00 -1.00 -1.00 -1.00 -1.00 -1.00 -1.00 -1.00 -1.00 
 -1.00 -1.00 -1.00 -1.00 -1.00 -1.00 -1.00 -1.00 -1.00 -1.00 -1.00 -1.00 -1.00 -1.00 -1.00 -1.00 -1.00 -1.00 -1.00 -1.00 
 