-1.00 -1.00 -1.00 -1.00 -1.00 -1.00 -1.00 -1.00 -1.00 -1.00 -1.00 -1.00 -1.00 -1.00 -1.00 -1.00 -1.00 -1.00 -1.00 -1.00 
 -1.00 -1.00 -1.00 -1.00 -1.00 -1.00 -1.00 -1.00 -1.00 -1.00 -1.00 -1.00 -1.00 -1.00 -1.00 -1.00 -1.00 -1.00 -1.00 -1.00 
 -1.00 -1.00 -1.00 -1.00 -1.00 -1.00 -1.00 -1.00 -1.00 -1.00 -1.00 -1.00 -1.00 -1.00 -1.00 -1.00 -1.00 -1.00 -1.00 -1.00 
 -1.00 -1.00 -1.00 -1.00 -1.00 -1.00 -1.00 -1.00 -1.00 -1.00 -1.00 -1.00 -1.00 -1.00 -1.00 -1.00 -1.00 -0.74 0.06 0.24 
 -1.00 -1.00 -1.00 -1.00 -1.00 -1.00 -1.00 -1.00 -0.89 -1.00 -1.00 -1.00 -1.00 -1.00 -1.00 -1.00 -1.00 0.08 1.00 1.00 
 -1.00 -0.51 0.54 0.55 0.47 0.44 0.42 0.55 -0.11 -1.00 -1.00 -0.43 0.28 -0.25 -1.00 -1.00 -1.00 -0.29 1.00 1.00 
 -0.98 0.71 0.98 0.87 0.96 0.93 0.93 0.15 -0.99 -1.00 -0.98 0.78 0.99 -0.76 -1.00 -1.00 -1.00 -0.33 1.00 0.88 
 -0.42 0.67 -0.77 -1.00 -1.00 -0.37 0.37 -0.98 -1.00 -1.00 -0.60 1.00 0.58 -1.00 -1.00 -1.00 -1.00 -0.11 1.00 0.33 
 0.30 -0.49 -1.00 -1.00 -0.53 0.75 -0.85 -1.00 -1.00 -1.00 0.02 1.00 -0.07 -1.00 -1.00 -1.00 -1.00 0.29 1.00 -0.44 
 0.44 -0.99 -1.00 -0.76 0.84 -0.23 -1.00 -1.00 -1.00 -0.99 0.68 1.00 -0.71 -1.00 -1.00 -1.00 -0.95 0.85 0.61 -0.99 
 -0.89 -1.00 -1.00 0.42 0.80 -0.96 -1.00 -1.00 -1.00 -0.56 1.00 0.68 -1.00 -1.00 -1.00 -1.00 -0.33 1.00 -0.49 -1.00 
 -1.00 -1.00 -0.52 1.00 0.11 -1.00 -1.00 -1.00 -0.99 0.44 1.00 0.11 -1.00 -1.00 -1.00 -0.98 0.62 0.22 -1.00 -1.00 
 -1.00 -1.00 0.30 1.00 -0.40 -1.00 -1.00 -1.00 -0.15 0.99 1.00 -0.36 -1.00 -1.00 -1.00 -0.15 0.66 -0.91 -1.00 -1.00 
 -1.00 -0.98 0.88 1.00 -0.65 -1.00 -1.00 -0.30 0.38 0.84 1.00 -0.63 -1.00 -1.00 -0.53 0.75 -0.73 -1.00 -1.00 -1.00 
 -1.00 -0.75 1.00 1.00 -0.37 -0.87 0.10 0.42 -0.71 1.00 1.00 -0.38 -0.99 -0.34 0.69 -0.66 -1.00 -1.00 -1.00 -1.00 
 -1.00 -0.76 1.00 1.00 0.97 0.96 0.22 -0.95 -0.74 1.00 1.00 0.90 0.69 0.55 -0.77 -1.00 -1.00 -1.00 -1.00 -1.00 
 -1.00 -1.00 0.15 0.87 0.53 -0.40 -1.00 -1.00 -0.99 0.26 0.87 0.56 -0.24 -0.98 -1.00 -1.00 -1.00 -1.00 -1.00 -1.00 
 -1.00 -1.00 -1.00 -1.00 -1.00 -1.00 -1.00 -1.00 -1.00 -1.00 -1.00 -1.00 -1.00 -1.00 -1.00 -1.00 -1.00 -1.00 -1.00 -1.00 
 -1.00 -1.00 -1.00 -1.00 -1.00 -1.00 -1.00 -1.00 -1.00 -1.00 -1.00 -1.00 -1.00 -1.00 -1.00 -1.00 -1.00 -1.00 -1.00 -1.00 
 -1.00 -1.00 -1.00 -1.00 -1.00 -1.00 -1.00 -1.00 -1.00 -1.00 -1.00 -1.00 -1.00 -1.00 -1.00 -1.00 -1.00 -1.00 -1.00 -1.00 
 