-1.00 -1.00 -1.00 -1.00 -1.00 -1.00 -1.00 -1.00 -1.00 -1.00 -1.00 -1.00 -1.00 -1.00 -1.00 -1.00 -1.00 -1.00 -1.00 -1.00 
 -1.00 -1.00 -1.00 -1.00 -1.00 -1.00 -1.00 -1.00 -1.00 -1.00 -1.00 -1.00 -1.00 -1.00 -1.00 -1.00 -1.00 -1.00 -1.00 -1.00 
 0.02 0.15 0.15 0.15 0.15 -0.18 -1.00 -1.00 -1.00 -0.71 0.15 -0.40 -1.00 -1.00 -1.00 -0.43 0.15 0.15 0.15 0.15 
 -0.12 0.46 1.00 0.95 0.01 -0.46 -1.00 -1.00 -1.00 0.33 1.00 0.25 -1.00 -1.00 -1.00 -0.51 0.11 1.00 0.48 -0.07 
 -1.00 -0.34 1.00 0.82 -1.00 -1.00 -1.00 -1.00 -0.63 0.99 1.00 0.54 -1.00 -1.00 -1.00 -1.00 -0.24 0.92 -0.82 -1.00 
 -1.00 -0.62 1.00 0.99 -0.95 -1.00 -1.00 -1.00 0.39 0.44 1.00 0.82 -1.00 -1.00 -1.00 -0.98 0.70 0.11 -1.00 -1.00 
 -1.00 -0.88 1.00 1.00 -0.73 -1.00 -1.00 -0.57 0.94 -0.76 0.93 1.00 -0.89 -1.00 -1.00 -0.32 0.93 -0.81 -1.00 -1.00 
 -1.00 -1.00 0.84 1.00 -0.51 -1.00 -1.00 0.46 0.11 -1.00 0.64 1.00 -0.62 -1.00 -0.98 0.64 0.12 -1.00 -1.00 -1.00 
 -1.00 -1.00 0.57 1.00 -0.28 -1.00 -0.51 0.91 -0.84 -1.00 0.34 1.00 -0.33 -1.00 -0.39 0.94 -0.80 -1.00 -1.00 -1.00 
 -1.00 -1.00 0.29 1.00 -0.05 -0.99 0.53 0.02 -1.00 -1.00 0.04 1.00 -0.05 -0.99 0.57 0.15 -1.00 -1.00 -1.00 -1.00 
 -1.00 -1.00 0.02 1.00 0.17 -0.44 0.86 -0.88 -1.00 -1.00 -0.27 1.00 0.24 -0.47 0.95 -0.78 -1.00 -1.00 -1.00 -1.00 
 -1.00 -1.00 -0.25 1.00 0.40 0.59 -0.07 -1.00 -1.00 -1.00 -0.57 1.00 0.52 0.49 0.17 -1.00 -1.00 -1.00 -1.00 -1.00 
 -1.00 -1.00 -0.52 1.00 0.95 0.80 -0.92 -1.00 -1.00 -1.00 -0.87 1.00 0.95 0.95 -0.77 -1.00 -1.00 -1.00 -1.00 -1.00 
 -1.00 -1.00 -0.80 1.00 1.00 -0.16 -1.00 -1.00 -1.00 -1.00 -1.00 0.82 1.00 0.19 -1.00 -1.00 -1.00 -1.00 -1.00 -1.00 
 -1.00 -1.00 -0.98 0.71 0.58 -0.95 -1.00 -1.00 -1.00 -1.00 -1.00 0.35 0.74 -0.76 -1.00 -1.00 -1.00 -1.00 -1.00 -1.00 
 -1.00 -1.00 -1.00 -1.00 -1.00 -1.00 -1.00 -1.00 -1.00 -1.00 -1.00 -1.00 -1.00 -1.00 -1.00 -1.00 -1.00 -1.00 -1.00 -1.00 
 -1.00 -1.00 -1.00 -1.00 -1.00 -1.00 -1.00 -1.00 -1.00 -1.00 -1.00 -1.00 -1.00 -1.00 -1.00 -1.00 -1.00 -1.00 -1.00 -1.00 
 -1.00 -1.00 -1.00 -1.00 -1.00 -1.00 -1.00 -1.00 -1.00 -1.00 -1.00 -1.00 -1.00 -1.00 -1.00 -1.00 -1.00 -1.00 -1.00 -1.00 
 -1.00 -1.00 -1.00 -1.00 -1.00 -1.00 -1.00 -1.00 -1.00 -1.00 -1.00 -1.00 -1.00 -1.00 -1.00 -1.00 -1.00 -1.00 -1.00 -1.00 
 -1.00 -1.00 -1.00 -1.00 -1.00 -1.00 -1.00 -1.00 -1.00 -1.00 -1.00 -1.00 -1.00 -1.00 -1.00 -1.00 -1.00 -1.00 -1.00 -1.00 
 