0.00 0.00 0.00 0.00 0.00 0.00 0.00 0.00 0.00 0.00 0.00 0.00 0.00 0.00 0.00 0.00 0.00 0.00 0.00 0.00 
 0.00 0.00 0.00 0.00 0.00 0.00 0.00 0.00 0.00 0.00 0.00 0.00 0.00 0.00 0.00 0.00 0.00 0.00 0.00 0.00 
 0.00 0.00 0.00 0.00 0.00 0.00 0.00 0.00 0.00 0.00 0.00 0.00 0.00 0.00 0.00 0.00 0.00 0.00 0.00 0.00 
 0.33 0.33 0.33 0.33 0.33 0.28 0.00 0.11 0.33 0.33 0.33 0.33 0.33 0.33 0.11 0.00 0.00 0.17 0.33 0.33 
 0.31 0.81 1.00 1.00 0.75 0.17 0.00 0.06 0.31 0.84 1.00 1.00 0.81 0.28 0.06 0.00 0.00 0.09 0.45 1.00 
 0.00 0.20 0.97 1.00 0.53 0.00 0.00 0.00 0.00 0.28 1.00 1.00 0.53 0.00 0.00 0.00 0.00 0.00 0.17 1.00 
 0.00 0.00 0.73 1.00 0.78 0.00 0.00 0.00 0.00 0.06 0.84 1.00 0.78 0.00 0.00 0.00 0.00 0.00 0.42 0.86 
 0.00 0.00 0.36 1.00 0.97 0.20 0.00 0.00 0.00 0.00 0.50 1.00 0.97 0.25 0.00 0.00 0.00 0.03 0.78 0.47 
 0.00 0.00 0.11 0.95 1.00 0.56 0.00 0.00 0.00 0.00 0.64 1.00 1.00 0.64 0.00 0.00 0.00 0.20 0.92 0.11 
 0.00 0.00 0.00 0.61 1.00 0.86 0.03 0.00 0.00 0.17 0.89 0.70 1.00 0.89 0.06 0.00 0.00 0.47 0.73 0.00 
 0.00 0.00 0.00 0.25 1.00 1.00 0.28 0.00 0.00 0.56 0.64 0.25 1.00 1.00 0.42 0.00 0.06 0.86 0.33 0.00 
 0.00 0.00 0.00 0.06 0.86 1.00 0.64 0.00 0.14 0.89 0.17 0.06 0.86 1.00 0.78 0.00 0.25 0.84 0.03 0.00 
 0.00 0.00 0.00 0.00 0.53 1.00 0.86 0.03 0.45 0.73 0.00 0.00 0.45 1.00 0.97 0.22 0.61 0.56 0.00 0.00 
 0.00 0.00 0.00 0.00 0.20 1.00 1.00 0.42 0.86 0.25 0.00 0.00 0.14 0.97 1.00 0.70 0.89 0.20 0.00 0.00 
 0.00 0.00 0.00 0.00 0.03 0.75 1.00 0.92 0.75 0.00 0.00 0.00 0.00 0.67 1.00 1.00 0.78 0.00 0.00 0.00 
 0.00 0.00 0.00 0.00 0.00 0.39 1.00 1.00 0.36 0.00 0.00 0.00 0.00 0.28 1.00 1.00 0.42 0.00 0.00 0.00 
 0.00 0.00 0.00 0.00 0.00 0.14 0.97 0.84 0.03 0.00 0.00 0.00 0.00 0.06 0.86 0.92 0.09 0.00 0.00 0.00 
 0.00 0.00 0.00 0.00 0.00 0.00 0.67 0.45 0.00 0.00 0.00 0.00 0.00 0.00 0.45 0.67 0.00 0.00 0.00 0.00 
 0.00 0.00 0.00 0.00 0.00 0.00 0.09 0.03 0.00 0.00 0.00 0.00 0.00 0.00 0.03 0.09 0.00 0.00 0.00 0.00 
 0.00 0.00 0.00 0.00 0.00 0.00 0.00 0.00 0.00 0.00 0.00 0.00 0.00 0.00 0.00 0.00 0.00 0.00 0.00 0.00 
 