0.00 0.00 0.00 0.00 0.00 0.00 0.00 0.00 0.00 0.00 0.00 0.00 0.00 0.00 0.00 0.00 0.00 0.00 0.00 0.00 
 0.00 0.00 0.00 0.00 0.00 0.00 0.00 0.00 0.00 0.00 0.00 0.00 0.00 0.00 0.00 0.00 0.00 0.00 0.00 0.00 
 0.00 0.00 0.00 0.00 0.00 0.00 0.00 0.00 0.00 0.00 0.00 0.00 0.00 0.00 0.00 0.00 0.00 0.00 0.00 0.00 
 0.20 0.20 0.20 0.20 0.20 0.18 0.00 0.00 0.00 0.00 0.00 0.00 0.00 0.00 0.00 0.02 0.20 0.20 0.20 0.20 
 0.82 1.00 1.00 1.00 0.97 0.75 0.00 0.00 0.00 0.00 0.59 0.84 0.04 0.00 0.00 0.07 0.76 0.96 1.00 1.00 
 0.01 0.42 1.00 1.00 0.62 0.00 0.00 0.00 0.00 0.07 0.95 1.00 0.35 0.00 0.00 0.00 0.00 0.32 1.00 0.49 
 0.00 0.02 0.85 1.00 0.84 0.00 0.00 0.00 0.00 0.35 1.00 1.00 0.71 0.00 0.00 0.00 0.00 0.39 0.86 0.01 
 0.00 0.00 0.51 1.00 0.99 0.18 0.00 0.00 0.00 0.69 0.87 1.00 0.96 0.10 0.00 0.00 0.00 0.69 0.52 0.00 
 0.00 0.00 0.19 1.00 1.00 0.49 0.00 0.00 0.10 0.94 0.25 0.99 1.00 0.45 0.00 0.00 0.07 0.95 0.18 0.00 
 0.00 0.00 0.02 0.85 1.00 0.80 0.00 0.00 0.40 0.73 0.00 0.73 1.00 0.80 0.00 0.00 0.32 0.83 0.00 0.00 
 0.00 0.00 0.00 0.51 1.00 0.97 0.12 0.00 0.75 0.37 0.00 0.37 1.00 0.99 0.19 0.00 0.65 0.51 0.00 0.00 
 0.00 0.00 0.00 0.19 1.00 1.00 0.42 0.14 0.92 0.05 0.00 0.08 0.96 1.00 0.55 0.07 0.94 0.18 0.00 0.00 
 0.00 0.00 0.00 0.03 0.87 1.00 0.74 0.47 0.63 0.00 0.00 0.00 0.64 1.00 0.87 0.33 0.80 0.00 0.00 0.00 
 0.00 0.00 0.00 0.00 0.55 1.00 0.95 0.86 0.26 0.00 0.00 0.00 0.27 1.00 1.00 0.87 0.48 0.00 0.00 0.00 
 0.00 0.00 0.00 0.00 0.20 1.00 1.00 0.86 0.01 0.00 0.00 0.00 0.04 0.90 1.00 0.98 0.15 0.00 0.00 0.00 
 0.00 0.00 0.00 0.00 0.02 0.85 1.00 0.53 0.00 0.00 0.00 0.00 0.00 0.54 1.00 0.82 0.00 0.00 0.00 0.00 
 0.00 0.00 0.00 0.00 0.00 0.51 0.98 0.16 0.00 0.00 0.00 0.00 0.00 0.19 1.00 0.53 0.00 0.00 0.00 0.00 
 0.00 0.00 0.00 0.00 0.00 0.09 0.27 0.00 0.00 0.00 0.00 0.00 0.00 0.01 0.28 0.10 0.00 0.00 0.00 0.00 
 0.00 0.00 0.00 0.00 0.00 0.00 0.00 0.00 0.00 0.00 0.00 0.00 0.00 0.00 0.00 0.00 0.00 0.00 0.00 0.00 
 0.00 0.00 0.00 0.00 0.00 0.00 0.00 0.00 0.00 0.00 0.00 0.00 0.00 0.00 0.00 0.00 0.00 0.00 0.00 0.00 
 