0.00 0.00 0.00 0.00 0.00 0.00 0.00 0.00 0.00 0.00 0.00 0.00 0.00 0.00 0.00 0.00 0.00 0.00 0.00 0.00 
 0.00 0.00 0.00 0.00 0.00 0.00 0.00 0.00 0.00 0.00 0.00 0.00 0.00 0.00 0.00 0.00 0.00 0.00 0.00 0.00 
 0.04 0.10 0.00 0.00 0.00 0.00 0.00 0.00 0.00 0.04 0.10 0.00 0.00 0.00 0.00 0.00 0.00 0.00 0.02 0.11 
 0.85 0.99 0.57 0.00 0.00 0.00 0.00 0.00 0.06 0.88 0.99 0.52 0.00 0.00 0.00 0.00 0.00 0.02 0.77 1.00 
 0.72 1.00 0.89 0.02 0.00 0.00 0.00 0.00 0.24 1.00 1.00 0.85 0.00 0.00 0.00 0.00 0.00 0.16 1.00 1.00 
 0.41 1.00 1.00 0.25 0.00 0.00 0.00 0.00 0.49 1.00 1.00 0.99 0.18 0.00 0.00 0.00 0.00 0.44 1.00 0.99 
 0.14 0.99 1.00 0.53 0.00 0.00 0.00 0.00 0.77 1.00 1.00 1.00 0.47 0.00 0.00 0.00 0.00 0.72 1.00 0.79 
 0.00 0.79 1.00 0.80 0.00 0.00 0.00 0.11 0.99 0.98 0.76 1.00 0.76 0.00 0.00 0.00 0.07 0.96 1.00 0.48 
 0.00 0.48 1.00 0.96 0.11 0.00 0.00 0.31 1.00 0.83 0.35 1.00 0.94 0.06 0.00 0.00 0.29 1.00 0.99 0.19 
 0.00 0.20 1.00 1.00 0.41 0.00 0.00 0.57 1.00 0.58 0.11 0.99 1.00 0.33 0.00 0.00 0.58 1.00 0.83 0.00 
 0.00 0.03 0.87 1.00 0.71 0.00 0.02 0.84 1.00 0.32 0.00 0.78 1.00 0.62 0.00 0.03 0.87 1.00 0.55 0.00 
 0.00 0.00 0.56 1.00 0.91 0.03 0.15 1.00 0.94 0.06 0.00 0.48 1.00 0.88 0.02 0.18 1.00 1.00 0.25 0.00 
 0.00 0.00 0.26 1.00 1.00 0.29 0.38 1.00 0.78 0.00 0.00 0.20 1.00 1.00 0.20 0.45 1.00 0.89 0.02 0.00 
 0.00 0.00 0.06 0.94 1.00 0.58 0.65 1.00 0.51 0.00 0.00 0.04 0.90 1.00 0.48 0.73 1.00 0.63 0.00 0.00 
 0.00 0.00 0.00 0.63 1.00 0.88 0.90 1.00 0.24 0.00 0.00 0.00 0.62 1.00 0.87 0.98 1.00 0.31 0.00 0.00 
 0.00 0.00 0.00 0.32 1.00 1.00 1.00 0.90 0.03 0.00 0.00 0.00 0.32 1.00 1.00 1.00 0.93 0.04 0.00 0.00 
 0.00 0.00 0.00 0.09 0.98 1.00 1.00 0.71 0.00 0.00 0.00 0.00 0.09 0.98 1.00 1.00 0.71 0.00 0.00 0.00 
 0.00 0.00 0.00 0.00 0.41 0.67 0.63 0.24 0.00 0.00 0.00 0.00 0.00 0.44 0.67 0.63 0.22 0.00 0.00 0.00 
 0.00 0.00 0.00 0.00 0.00 0.00 0.00 0.00 0.00 0.00 0.00 0.00 0.00 0.00 0.00 0.00 0.00 0.00 0.00 0.00 
 0.00 0.00 0.00 0.00 0.00 0.00 0.00 0.00 0.00 0.00 0.00 0.00 0.00 0.00 0.00 0.00 0.00 0.00 0.00 0.00 
 