0.00 0.00 0.00 0.00 0.00 0.00 0.00 0.00 0.00 0.00 0.00 0.00 0.00 0.00 0.00 0.00 0.00 0.00 0.00 0.00 
 0.00 0.00 0.00 0.00 0.00 0.00 0.00 0.00 0.00 0.00 0.00 0.00 0.00 0.00 0.00 0.00 0.00 0.00 0.00 0.00 
 0.00 0.02 0.08 0.00 0.00 0.00 0.00 0.00 0.00 0.00 0.00 0.00 0.00 0.00 0.00 0.00 0.00 0.00 0.00 0.00 
 0.15 0.62 0.82 0.02 0.00 0.00 0.00 0.00 0.00 0.02 0.31 0.65 0.53 0.00 0.00 0.00 0.00 0.00 0.00 0.04 
 0.92 1.00 1.00 0.25 0.00 0.00 0.00 0.00 0.00 0.15 1.00 1.00 0.94 0.08 0.00 0.00 0.00 0.00 0.00 0.51 
 0.69 1.00 1.00 0.53 0.00 0.00 0.00 0.00 0.00 0.13 0.98 1.00 1.00 0.29 0.00 0.00 0.00 0.00 0.00 0.69 
 0.27 1.00 1.00 0.65 0.00 0.00 0.00 0.00 0.00 0.04 0.78 1.00 1.00 0.33 0.00 0.00 0.00 0.00 0.02 0.84 
 0.02 0.78 1.00 0.62 0.31 0.00 0.00 0.00 0.00 0.13 0.92 1.00 1.00 0.59 0.00 0.00 0.00 0.00 0.15 1.00 
 0.00 0.21 1.00 1.00 0.88 0.02 0.00 0.00 0.00 0.29 0.98 0.88 1.00 0.96 0.16 0.00 0.00 0.00 0.16 1.00 
 0.00 0.02 0.76 1.00 0.92 0.08 0.00 0.00 0.00 0.45 0.84 0.29 1.00 1.00 0.53 0.00 0.00 0.00 0.39 1.00 
 0.00 0.00 0.21 0.92 1.00 0.37 0.00 0.00 0.04 0.86 0.62 0.04 0.53 1.00 0.84 0.02 0.00 0.00 0.67 0.80 
 0.00 0.00 0.00 0.31 1.00 0.82 0.02 0.00 0.21 0.98 0.27 0.00 0.27 0.98 1.00 0.31 0.00 0.15 0.98 0.43 
 0.00 0.00 0.00 0.31 1.00 1.00 0.29 0.00 0.53 0.84 0.00 0.00 0.15 0.96 1.00 0.67 0.00 0.41 0.96 0.15 
 0.00 0.00 0.00 0.06 0.84 1.00 0.64 0.02 0.74 0.62 0.00 0.00 0.00 0.65 1.00 0.92 0.08 0.67 0.78 0.00 
 0.00 0.00 0.00 0.00 0.29 1.00 0.94 0.43 0.98 0.23 0.00 0.00 0.00 0.35 0.98 1.00 0.67 0.88 0.47 0.00 
 0.00 0.00 0.00 0.00 0.08 0.94 1.00 1.00 0.86 0.00 0.00 0.00 0.00 0.00 0.45 1.00 1.00 1.00 0.29 0.00 
 0.00 0.00 0.00 0.00 0.00 0.69 1.00 1.00 0.67 0.00 0.00 0.00 0.00 0.00 0.25 1.00 1.00 0.92 0.15 0.00 
 0.00 0.00 0.00 0.00 0.00 0.33 1.00 0.88 0.27 0.00 0.00 0.00 0.00 0.00 0.04 0.76 0.84 0.16 0.00 0.00 
 0.00 0.00 0.00 0.00 0.00 0.04 0.35 0.04 0.00 0.00 0.00 0.00 0.00 0.00 0.00 0.06 0.15 0.00 0.00 0.00 
 0.00 0.00 0.00 0.00 0.00 0.00 0.00 0.00 0.00 0.00 0.00 0.00 0.00 0.00 0.00 0.00 0.00 0.00 0.00 0.00 
 