0.00 0.00 0.00 0.00 0.00 0.00 0.00 0.00 0.00 0.00 0.00 0.00 0.00 0.00 0.00 0.00 0.00 0.00 0.00 0.00 
 0.00 0.00 0.00 0.00 0.00 0.00 0.00 0.00 0.00 0.00 0.00 0.00 0.00 0.00 0.00 0.00 0.00 0.00 0.00 0.00 
 0.00 0.00 0.00 0.00 0.00 0.00 0.00 0.00 0.00 0.00 0.00 0.00 0.00 0.00 0.00 0.00 0.00 0.00 0.00 0.00 
 0.72 0.78 0.35 0.00 0.00 0.00 0.00 0.00 0.07 0.77 0.78 0.65 0.00 0.00 0.00 0.00 0.00 0.00 0.49 0.78 
 0.63 1.00 0.71 0.00 0.00 0.00 0.00 0.00 0.27 1.00 1.00 0.95 0.09 0.00 0.00 0.00 0.00 0.04 0.89 1.00 
 0.30 1.00 0.93 0.04 0.00 0.00 0.00 0.00 0.55 1.00 0.94 1.00 0.37 0.00 0.00 0.00 0.00 0.20 1.00 1.00 
 0.07 0.95 1.00 0.30 0.00 0.00 0.00 0.02 0.83 0.99 0.52 1.00 0.64 0.00 0.00 0.00 0.00 0.48 1.00 0.82 
 0.00 0.65 1.00 0.60 0.00 0.00 0.00 0.14 1.00 0.87 0.15 1.00 0.88 0.02 0.00 0.00 0.02 0.79 1.00 0.48 
 0.00 0.32 1.00 0.87 0.02 0.00 0.00 0.38 1.00 0.63 0.02 0.84 1.00 0.20 0.00 0.00 0.14 1.00 0.98 0.15 
 0.00 0.07 0.95 1.00 0.20 0.00 0.00 0.67 1.00 0.36 0.00 0.57 1.00 0.48 0.00 0.00 0.37 1.00 0.80 0.00 
 0.00 0.00 0.65 1.00 0.48 0.00 0.05 0.93 0.95 0.09 0.00 0.30 1.00 0.76 0.00 0.00 0.68 1.00 0.48 0.00 
 0.00 0.00 0.32 1.00 0.78 0.00 0.22 1.00 0.80 0.00 0.00 0.09 0.98 0.94 0.06 0.06 0.95 0.98 0.15 0.00 
 0.00 0.00 0.07 0.95 0.95 0.09 0.49 1.00 0.53 0.00 0.00 0.00 0.74 1.00 0.31 0.27 1.00 0.80 0.00 0.00 
 0.00 0.00 0.00 0.65 1.00 0.37 0.77 1.00 0.26 0.00 0.00 0.00 0.47 1.00 0.57 0.56 1.00 0.48 0.00 0.00 
 0.00 0.00 0.00 0.32 1.00 0.74 0.98 0.90 0.03 0.00 0.00 0.00 0.21 1.00 0.83 0.84 0.98 0.15 0.00 0.00 
 0.00 0.00 0.00 0.09 0.98 0.99 1.00 0.71 0.00 0.00 0.00 0.00 0.05 0.91 1.00 1.00 0.83 0.00 0.00 0.00 
 0.00 0.00 0.00 0.00 0.71 1.00 1.00 0.44 0.00 0.00 0.00 0.00 0.00 0.64 1.00 1.00 0.52 0.00 0.00 0.00 
 0.00 0.00 0.00 0.00 0.29 0.67 0.67 0.14 0.00 0.00 0.00 0.00 0.00 0.27 0.67 0.67 0.16 0.00 0.00 0.00 
 0.00 0.00 0.00 0.00 0.00 0.00 0.00 0.00 0.00 0.00 0.00 0.00 0.00 0.00 0.00 0.00 0.00 0.00 0.00 0.00 
 0.00 0.00 0.00 0.00 0.00 0.00 0.00 0.00 0.00 0.00 0.00 0.00 0.00 0.00 0.00 0.00 0.00 0.00 0.00 0.00 
 