0.55 0.55 0.55 0.55 0.55 0.55 0.55 0.55 0.55 0.55 -0.00 -1.00 -0.43 0.55 0.55 0.55 0.55 0.55 0.55 0.23 
 -0.25 0.73 1.00 1.00 1.00 1.00 1.00 1.00 0.79 -0.22 -0.64 -1.00 -0.79 -0.31 0.33 1.00 1.00 0.98 0.25 -0.46 
 -1.00 -0.73 0.90 1.00 1.00 1.00 1.00 1.00 0.56 -1.00 -1.00 -1.00 -1.00 -1.00 -0.51 1.00 0.93 -0.48 -1.00 -1.00 
 -1.00 -1.00 -0.17 1.00 1.00 1.00 1.00 1.00 1.00 -0.46 -1.00 -1.00 -1.00 -0.99 0.32 1.00 -0.29 -1.00 -1.00 -1.00 
 -1.00 -1.00 -0.98 0.52 1.00 1.00 1.00 1.00 1.00 0.71 -0.92 -1.00 -1.00 -0.21 1.00 0.11 -1.00 -1.00 -1.00 -1.00 
 -1.00 -1.00 -1.00 -0.70 0.94 1.00 1.00 1.00 1.00 1.00 0.16 -1.00 -0.47 0.97 0.47 -0.97 -1.00 -1.00 -1.00 -1.00 
 -1.00 -1.00 -1.00 -1.00 -0.07 1.00 1.00 1.00 1.00 1.00 1.00 -0.17 0.84 0.75 -0.84 -1.00 -1.00 -1.00 -1.00 -1.00 
 -1.00 -1.00 -1.00 -1.00 -0.96 0.61 1.00 1.00 1.00 1.00 1.00 1.00 0.92 -0.62 -1.00 -1.00 -1.00 -1.00 -1.00 -1.00 
 -1.00 -1.00 -1.00 -1.00 -1.00 -0.62 0.97 1.00 1.00 1.00 1.00 1.00 0.45 -1.00 -1.00 -1.00 -1.00 -1.00 -1.00 -1.00 
 -1.00 -1.00 -1.00 -1.00 -1.00 -1.00 0.04 1.00 1.00 1.00 1.00 1.00 1.00 -0.36 -1.00 -1.00 -1.00 -1.00 -1.00 -1.00 
 -1.00 -1.00 -1.00 -1.00 -1.00 -1.00 -0.94 0.69 1.00 1.00 1.00 1.00 1.00 0.80 -0.87 -1.00 -1.00 -1.00 -1.00 -1.00 
 -1.00 -1.00 -1.00 -1.00 -1.00 -1.00 -1.00 0.15 1.00 1.00 1.00 1.00 1.00 1.00 0.23 -1.00 -1.00 -1.00 -1.00 -1.00 
 -1.00 -1.00 -1.00 -1.00 -1.00 -1.00 -0.40 0.99 0.76 1.00 1.00 1.00 1.00 1.00 1.00 -0.47 -1.00 -1.00 -1.00 -1.00 
 -1.00 -1.00 -1.00 -1.00 -1.00 -0.71 0.88 0.59 -0.88 0.65 1.00 1.00 1.00 1.00 1.00 0.74 -0.91 -1.00 -1.00 -1.00 
 -1.00 -1.00 -1.00 -1.00 -0.94 0.64 0.85 -0.76 -1.00 -0.60 0.97 1.00 1.00 1.00 1.00 1.00 0.12 -1.00 -1.00 -1.00 
 -1.00 -1.00 -1.00 -1.00 0.18 1.00 -0.35 -1.00 -1.00 -1.00 0.01 1.00 1.00 1.00 1.00 1.00 0.98 -0.56 -1.00 -1.00 
 -1.00 -1.00 -1.00 -0.22 1.00 0.40 -1.00 -1.00 -1.00 -1.00 -0.95 0.68 1.00 1.00 1.00 1.00 1.00 0.66 -0.95 -1.00 
 -1.00 -1.00 -0.38 0.96 1.00 -0.51 -1.00 -1.00 -1.00 -1.00 -1.00 -0.24 1.00 1.00 1.00 1.00 1.00 1.00 0.01 -1.00 
 -0.58 0.11 0.98 1.00 1.00 0.25 -0.50 -0.89 -1.00 -0.94 -0.51 0.29 1.00 1.00 1.00 1.00 1.00 1.00 0.96 -0.16 
 0.59 0.73 0.73 0.73 0.73 0.73 0.73 -0.49 -1.00 -0.70 0.73 0.73 0.73 0.73 0.73 0.73 0.73 0.73 0.73 0.73 
 