0.10 0.15 0.14 0.14 0.14 0.14 0.16 0.03 0.00 0.00 0.00 0.00 0.00 0.00 0.02 0.16 0.14 0.14 0.14 0.14 
 0.54 0.87 0.93 1.00 1.00 1.00 0.95 0.17 0.00 0.00 0.00 0.00 0.00 0.00 0.11 0.95 1.00 1.00 1.00 0.93 
 0.00 0.00 0.08 0.61 1.00 1.00 0.31 0.00 0.00 0.00 0.00 0.00 0.00 0.00 0.00 0.41 1.00 0.87 0.39 0.06 
 0.00 0.00 0.00 0.03 0.68 1.00 0.51 0.00 0.00 0.00 0.00 0.00 0.00 0.00 0.00 0.45 0.72 0.07 0.00 0.00 
 0.00 0.00 0.00 0.00 0.09 0.85 0.97 0.28 0.00 0.00 0.00 0.00 0.00 0.00 0.10 0.66 0.05 0.00 0.00 0.00 
 0.00 0.00 0.00 0.00 0.00 0.21 0.95 0.89 0.13 0.00 0.00 0.00 0.00 0.04 0.60 0.13 0.00 0.00 0.00 0.00 
 0.00 0.00 0.00 0.00 0.00 0.00 0.38 1.00 0.76 0.04 0.00 0.00 0.01 0.48 0.27 0.00 0.00 0.00 0.00 0.00 
 0.00 0.00 0.00 0.00 0.00 0.00 0.01 0.60 1.00 0.57 0.00 0.00 0.33 0.44 0.00 0.00 0.00 0.00 0.00 0.00 
 0.00 0.00 0.00 0.00 0.00 0.00 0.00 0.05 0.79 0.98 0.36 0.18 0.58 0.00 0.00 0.00 0.00 0.00 0.00 0.00 
 0.00 0.00 0.00 0.00 0.00 0.00 0.00 0.00 0.15 0.92 0.93 0.66 0.05 0.00 0.00 0.00 0.00 0.00 0.00 0.00 
 0.00 0.00 0.00 0.00 0.00 0.00 0.00 0.00 0.00 0.33 1.00 0.82 0.06 0.00 0.00 0.00 0.00 0.00 0.00 0.00 
 0.00 0.00 0.00 0.00 0.00 0.00 0.00 0.00 0.01 0.45 0.70 1.00 0.65 0.01 0.00 0.00 0.00 0.00 0.00 0.00 
 0.00 0.00 0.00 0.00 0.00 0.00 0.00 0.00 0.30 0.47 0.04 0.72 1.00 0.45 0.00 0.00 0.00 0.00 0.00 0.00 
 0.00 0.00 0.00 0.00 0.00 0.00 0.00 0.16 0.59 0.01 0.00 0.11 0.88 0.96 0.24 0.00 0.00 0.00 0.00 0.00 
 0.00 0.00 0.00 0.00 0.00 0.00 0.07 0.63 0.06 0.00 0.00 0.00 0.24 0.96 0.87 0.10 0.00 0.00 0.00 0.00 
 0.00 0.00 0.00 0.00 0.00 0.02 0.56 0.17 0.00 0.00 0.00 0.00 0.00 0.43 1.00 0.73 0.03 0.00 0.00 0.00 
 0.00 0.00 0.00 0.00 0.00 0.43 0.33 0.00 0.00 0.00 0.00 0.00 0.00 0.02 0.64 1.00 0.53 0.00 0.00 0.00 
 0.00 0.00 0.00 0.00 0.36 0.64 0.00 0.00 0.00 0.00 0.00 0.00 0.00 0.00 0.07 0.82 0.98 0.32 0.00 0.00 
 0.00 0.00 0.07 0.49 0.98 0.39 0.00 0.00 0.00 0.00 0.00 0.00 0.00 0.00 0.00 0.31 1.00 0.92 0.19 0.00 
 0.38 0.59 0.90 1.00 1.00 0.76 0.05 0.00 0.00 0.00 0.00 0.00 0.00 0.00 0.11 0.74 1.00 1.00 0.94 0.59 
 