-0.99 0.40 1.00 1.00 1.00 1.00 0.51 -0.99 -1.00 -1.00 -1.00 -1.00 -1.00 0.28 1.00 1.00 1.00 1.00 0.61 -0.97 
 -1.00 -0.76 0.91 1.00 1.00 1.00 1.00 -0.29 -1.00 -1.00 -1.00 -1.00 -0.54 0.99 1.00 1.00 1.00 0.98 -0.60 -1.00 
 -1.00 -1.00 -0.13 1.00 1.00 1.00 1.00 0.80 -0.89 -1.00 -1.00 -0.98 0.61 1.00 1.00 1.00 1.00 0.11 -1.00 -1.00 
 -1.00 -1.00 -0.98 0.58 1.00 1.00 1.00 1.00 0.11 -1.00 -1.00 -0.21 1.00 1.00 1.00 1.00 0.76 -0.91 -1.00 -1.00 
 -1.00 -1.00 -1.00 -0.63 0.97 1.00 1.00 1.00 0.97 -0.65 -0.87 0.84 1.00 1.00 1.00 1.00 -0.40 -1.00 -1.00 -1.00 
 -1.00 -1.00 -1.00 -1.00 0.07 1.00 1.00 1.00 1.00 0.50 0.15 1.00 1.00 1.00 1.00 0.33 -1.00 -1.00 -1.00 -1.00 
 -1.00 -1.00 -1.00 -1.00 -0.92 0.73 1.00 1.00 1.00 1.00 1.00 1.00 1.00 1.00 0.88 -0.80 -1.00 -1.00 -1.00 -1.00 
 -1.00 -1.00 -1.00 -1.00 -1.00 -0.47 1.00 1.00 1.00 1.00 1.00 1.00 1.00 1.00 -0.18 -1.00 -1.00 -1.00 -1.00 -1.00 
 -1.00 -1.00 -1.00 -1.00 -1.00 -1.00 0.26 1.00 1.00 1.00 1.00 1.00 1.00 0.55 -0.98 -1.00 -1.00 -1.00 -1.00 -1.00 
 -1.00 -1.00 -1.00 -1.00 -1.00 -1.00 -0.84 0.91 1.00 1.00 1.00 1.00 1.00 -0.63 -1.00 -1.00 -1.00 -1.00 -1.00 -1.00 
 -1.00 -1.00 -1.00 -1.00 -1.00 -1.00 -0.34 1.00 1.00 1.00 1.00 1.00 1.00 -0.04 -1.00 -1.00 -1.00 -1.00 -1.00 -1.00 
 -1.00 -1.00 -1.00 -1.00 -1.00 -0.81 0.84 1.00 1.00 1.00 1.00 1.00 1.00 0.96 -0.62 -1.00 -1.00 -1.00 -1.00 -1.00 
 -1.00 -1.00 -1.00 -1.00 -0.99 0.40 1.00 1.00 1.00 1.00 1.00 1.00 1.00 1.00 0.66 -0.94 -1.00 -1.00 -1.00 -1.00 
 -1.00 -1.00 -1.00 -1.00 -0.23 1.00 1.00 1.00 1.00 0.80 0.56 1.00 1.00 1.00 1.00 0.10 -1.00 -1.00 -1.00 -1.00 
 -1.00 -1.00 -1.00 -0.75 0.89 1.00 1.00 1.00 1.00 -0.30 -0.64 0.97 1.00 1.00 1.00 0.98 -0.51 -1.00 -1.00 -1.00 
 -1.00 -1.00 -0.98 0.49 1.00 1.00 1.00 1.00 0.47 -0.99 -1.00 0.11 1.00 1.00 1.00 1.00 0.74 -0.89 -1.00 -1.00 
 -1.00 -1.00 -0.12 1.00 1.00 1.00 1.00 0.95 -0.69 -1.00 -1.00 -0.90 0.79 1.00 1.00 1.00 1.00 0.22 -1.00 -1.00 
 -1.00 -0.69 0.93 1.00 1.00 1.00 1.00 0.04 -1.00 -1.00 -1.00 -1.00 -0.33 1.00 1.00 1.00 1.00 1.00 -0.40 -1.00 
 -0.96 0.58 1.00 1.00 1.00 1.00 0.74 -0.92 -1.00 -1.00 -1.00 -1.00 -0.99 0.44 1.00 1.00 1.00 1.00 0.82 -0.84 
 -0.01 1.00 1.00 1.00 1.00 1.00 -0.40 -1.00 -1.00 -1.00 -1.00 -1.00 -1.00 -0.71 0.95 1.00 1.00 1.00 1.00 0.36 
 