-1.00 -1.00 -1.00 -1.00 -1.00 -1.00 -0.94 -0.50 -0.08 0.02 -0.77 -1.00 -1.00 -1.00 -1.00 -1.00 -0.91 -0.22 0.05 -0.56 
 -1.00 -1.00 -1.00 -0.96 -0.29 0.36 0.91 1.00 1.00 1.00 0.52 -1.00 -1.00 -1.00 -1.00 -0.65 0.74 1.00 1.00 0.95 
 -1.00 -1.00 -1.00 -0.96 -0.18 -0.62 -0.87 0.10 1.00 1.00 1.00 -0.73 -1.00 -1.00 -0.71 0.84 0.83 1.00 1.00 0.98 
 -1.00 -1.00 -1.00 -1.00 -1.00 -1.00 -1.00 -0.86 0.97 1.00 1.00 -0.22 -1.00 -0.90 0.68 0.00 -0.99 -0.61 0.10 -0.35 
 -1.00 -1.00 -1.00 -1.00 -1.00 -1.00 -1.00 -1.00 0.56 1.00 1.00 0.21 -1.00 0.25 0.25 -0.99 -1.00 -1.00 -1.00 -1.00 
 -1.00 -1.00 -1.00 -1.00 -1.00 -1.00 -1.00 -1.00 0.08 1.00 1.00 0.61 -0.37 0.72 -0.91 -1.00 -1.00 -1.00 -1.00 -1.00 
 -1.00 -1.00 -1.00 -1.00 -1.00 -1.00 -1.00 -1.00 -0.39 1.00 1.00 0.95 0.80 -0.49 -1.00 -1.00 -1.00 -1.00 -1.00 -1.00 
 -1.00 -1.00 -1.00 -1.00 -1.00 -1.00 -1.00 -1.00 -0.84 0.99 1.00 1.00 0.29 -1.00 -1.00 -1.00 -1.00 -1.00 -1.00 -1.00 
 -1.00 -1.00 -1.00 -1.00 -1.00 -1.00 -1.00 -1.00 -1.00 0.67 1.00 1.00 -0.18 -1.00 -1.00 -1.00 -1.00 -1.00 -1.00 -1.00 
 -1.00 -1.00 -1.00 -1.00 -1.00 -1.00 -1.00 -1.00 -1.00 0.20 1.00 1.00 0.19 -1.00 -1.00 -1.00 -1.00 -1.00 -1.00 -1.00 
 -1.00 -1.00 -1.00 -1.00 -1.00 -1.00 -1.00 -1.00 -1.00 0.30 1.00 1.00 0.64 -1.00 -1.00 -1.00 -1.00 -1.00 -1.00 -1.00 
 -1.00 -1.00 -1.00 -1.00 -1.00 -1.00 -1.00 -1.00 -0.34 0.95 1.00 1.00 0.98 -0.87 -1.00 -1.00 -1.00 -1.00 -1.00 -1.00 
 -1.00 -1.00 -1.00 -1.00 -1.00 -1.00 -1.00 -0.79 0.86 -0.22 0.80 1.00 1.00 -0.41 -1.00 -1.00 -1.00 -1.00 -1.00 -1.00 
 -1.00 -1.00 -1.00 -1.00 -1.00 -1.00 -0.98 0.45 0.30 -0.99 0.31 1.00 1.00 0.08 -1.00 -1.00 -1.00 -1.00 -1.00 -1.00 
 -1.00 -1.00 -1.00 -1.00 -1.00 -1.00 -0.14 0.69 -0.90 -1.00 -0.19 1.00 1.00 0.57 -1.00 -1.00 -1.00 -0.96 -0.44 -1.00 
 -1.00 -1.00 -1.00 -1.00 -1.00 -0.66 0.83 -0.67 -1.00 -1.00 -0.69 1.00 1.00 0.97 -0.91 -1.00 -1.00 0.12 -0.11 -1.00 
 -0.56 0.09 -0.42 -0.99 -0.78 0.70 -0.39 -1.00 -1.00 -1.00 -0.99 0.80 1.00 1.00 -0.29 -1.00 -0.24 0.51 -0.98 -1.00 
 0.84 1.00 1.00 0.72 0.87 -0.07 -1.00 -1.00 -1.00 -1.00 -1.00 0.27 1.00 1.00 0.87 0.40 0.83 -0.76 -1.00 -1.00 
 0.78 1.00 1.00 1.00 0.15 -0.99 -1.00 -1.00 -1.00 -1.00 -1.00 -0.50 1.00 1.00 1.00 0.89 -0.55 -1.00 -1.00 -1.00 
 -0.62 0.29 0.40 -0.22 -0.99 -1.00 -1.00 -1.00 -1.00 -1.00 -1.00 -1.00 -0.20 0.41 0.19 -0.71 -1.00 -1.00 -1.00 -1.00 
 