-1.00 -1.00 -1.00 -1.00 -1.00 -1.00 -1.00 -1.00 -1.00 -1.00 -1.00 -1.00 -1.00 -1.00 -1.00 -1.00 -1.00 -1.00 -1.00 -1.00 
 -1.00 -1.00 -1.00 -0.84 0.48 0.56 -0.27 -1.00 -1.00 -1.00 -1.00 -1.00 -1.00 -1.00 -1.00 -1.00 -1.00 -0.41 0.51 0.55 
 -1.00 -1.00 -1.00 -0.86 0.83 1.00 0.95 -0.67 -1.00 -1.00 -1.00 -1.00 -1.00 -1.00 -1.00 -1.00 -0.25 0.98 1.00 0.36 
 -1.00 -1.00 -1.00 -1.00 -0.40 1.00 1.00 0.58 -0.97 -1.00 -1.00 -1.00 -1.00 -1.00 -1.00 -0.13 0.99 1.00 0.19 -0.98 
 -1.00 -1.00 -1.00 -1.00 -1.00 0.18 1.00 1.00 -0.07 -1.00 -1.00 -1.00 -1.00 -0.99 -0.01 1.00 1.00 0.01 -0.99 -1.00 
 -1.00 -1.00 -1.00 -1.00 -1.00 -0.91 0.69 1.00 0.94 -0.69 -1.00 -1.00 -0.98 0.11 1.00 0.98 -0.17 -1.00 -1.00 -1.00 
 -1.00 -1.00 -1.00 -1.00 -1.00 -1.00 -0.60 0.96 1.00 0.55 -0.98 -0.97 0.23 1.00 0.95 -0.34 -1.00 -1.00 -1.00 -1.00 
 -1.00 -1.00 -1.00 -1.00 -1.00 -1.00 -1.00 -0.05 1.00 1.00 -0.05 0.34 1.00 0.89 -0.49 -1.00 -1.00 -1.00 -1.00 -1.00 
 -1.00 -1.00 -1.00 -1.00 -1.00 -1.00 -1.00 -0.98 0.51 1.00 1.00 1.00 0.81 -0.62 -1.00 -1.00 -1.00 -1.00 -1.00 -1.00 
 -1.00 -1.00 -1.00 -1.00 -1.00 -1.00 -1.00 -1.00 -0.75 0.95 1.00 0.78 -0.73 -1.00 -1.00 -1.00 -1.00 -1.00 -1.00 -1.00 
 -1.00 -1.00 -1.00 -1.00 -1.00 -1.00 -1.00 -0.98 0.16 1.00 1.00 0.92 -0.69 -1.00 -1.00 -1.00 -1.00 -1.00 -1.00 -1.00 
 -1.00 -1.00 -1.00 -1.00 -1.00 -1.00 -0.95 0.33 1.00 0.62 0.58 1.00 0.59 -0.95 -1.00 -1.00 -1.00 -1.00 -1.00 -1.00 
 -1.00 -1.00 -1.00 -1.00 -1.00 -0.90 0.47 1.00 0.60 -0.85 -0.65 0.96 1.00 0.04 -1.00 -1.00 -1.00 -1.00 -1.00 -1.00 
 -1.00 -1.00 -1.00 -1.00 -0.83 0.60 1.00 0.58 -0.87 -1.00 -1.00 0.06 1.00 0.98 -0.54 -1.00 -1.00 -1.00 -1.00 -1.00 
 -1.00 -1.00 -1.00 -0.74 0.71 1.00 0.55 -0.88 -1.00 -1.00 -1.00 -0.92 0.73 1.00 0.73 -0.89 -1.00 -1.00 -1.00 -1.00 
 -1.00 -1.00 -0.63 0.80 1.00 0.53 -0.89 -1.00 -1.00 -1.00 -1.00 -1.00 -0.45 1.00 1.00 0.24 -1.00 -1.00 -1.00 -1.00 
 -1.00 -0.51 0.88 1.00 0.51 -0.91 -1.00 -1.00 -1.00 -1.00 -1.00 -1.00 -1.00 0.29 1.00 1.00 -0.36 -1.00 -1.00 -1.00 
 -0.38 0.94 1.00 0.47 -0.91 -1.00 -1.00 -1.00 -1.00 -1.00 -1.00 -1.00 -1.00 -0.82 0.87 1.00 0.85 -0.80 -1.00 -1.00 
 0.83 0.98 0.33 -0.93 -1.00 -1.00 -1.00 -1.00 -1.00 -1.00 -1.00 -1.00 -1.00 -1.00 -0.28 0.96 0.97 -0.45 -1.00 -1.00 
 -0.98 -0.98 -1.00 -1.00 -1.00 -1.00 -1.00 -1.00 -1.00 -1.00 -1.00 -1.00 -1.00 -1.00 -1.00 -0.98 -0.98 -1.00 -1.00 -1.00 
 