0.00 0.00 0.00 0.00 0.00 0.00 0.14 0.52 0.55 0.18 0.00 0.00 0.00 0.00 0.00 0.00 0.13 0.47 0.59 0.34 
 0.00 0.00 0.00 0.00 0.00 0.27 0.94 1.00 1.00 0.92 0.13 0.00 0.00 0.00 0.00 0.36 0.96 1.00 1.00 1.00 
 0.00 0.00 0.00 0.00 0.19 0.95 1.00 1.00 1.00 1.00 0.60 0.00 0.00 0.00 0.31 0.99 1.00 1.00 1.00 1.00 
 0.00 0.00 0.00 0.07 0.83 0.96 0.65 0.89 1.00 1.00 0.89 0.02 0.00 0.09 0.91 0.95 0.64 0.94 1.00 1.00 
 0.00 0.00 0.01 0.59 0.98 0.36 0.00 0.27 1.00 1.00 1.00 0.20 0.00 0.53 0.96 0.26 0.00 0.43 0.97 0.91 
 0.00 0.00 0.31 1.00 0.56 0.00 0.00 0.05 0.93 1.00 1.00 0.41 0.14 0.96 0.53 0.00 0.00 0.00 0.10 0.04 
 0.00 0.00 0.48 0.77 0.03 0.00 0.00 0.00 0.72 1.00 1.00 0.62 0.63 0.89 0.05 0.00 0.00 0.00 0.00 0.00 
 0.00 0.00 0.00 0.04 0.00 0.00 0.00 0.00 0.51 1.00 1.00 0.93 0.99 0.42 0.00 0.00 0.00 0.00 0.00 0.00 
 0.00 0.00 0.00 0.00 0.00 0.00 0.00 0.00 0.31 1.00 1.00 1.00 0.83 0.02 0.00 0.00 0.00 0.00 0.00 0.00 
 0.00 0.00 0.00 0.00 0.00 0.00 0.00 0.00 0.14 1.00 1.00 1.00 0.39 0.00 0.00 0.00 0.00 0.00 0.00 0.00 
 0.00 0.00 0.00 0.00 0.00 0.00 0.00 0.00 0.04 0.90 1.00 1.00 0.44 0.00 0.00 0.00 0.00 0.00 0.00 0.00 
 0.00 0.00 0.00 0.00 0.00 0.00 0.00 0.00 0.05 0.88 1.00 1.00 0.64 0.00 0.00 0.00 0.00 0.00 0.00 0.00 
 0.00 0.00 0.00 0.00 0.00 0.00 0.00 0.00 0.44 1.00 1.00 1.00 0.83 0.00 0.00 0.00 0.00 0.00 0.00 0.00 
 0.00 0.00 0.00 0.00 0.00 0.00 0.00 0.10 0.93 0.82 1.00 1.00 0.94 0.06 0.00 0.00 0.00 0.00 0.03 0.04 
 0.00 0.00 0.00 0.00 0.00 0.00 0.00 0.57 0.93 0.20 0.98 1.00 1.00 0.27 0.00 0.00 0.00 0.00 0.54 0.80 
 0.06 0.49 0.60 0.20 0.00 0.00 0.20 0.98 0.51 0.00 0.80 1.00 1.00 0.53 0.00 0.00 0.00 0.26 0.99 0.63 
 0.58 1.00 1.00 0.83 0.00 0.06 0.80 0.84 0.04 0.00 0.56 1.00 1.00 0.82 0.01 0.00 0.13 0.89 0.90 0.10 
 0.85 1.00 1.00 0.98 0.36 0.72 0.96 0.23 0.00 0.00 0.27 1.00 1.00 1.00 0.50 0.32 0.86 0.96 0.27 0.00 
 0.76 1.00 1.00 1.00 1.00 0.97 0.37 0.00 0.00 0.00 0.04 0.82 1.00 1.00 1.00 1.00 0.98 0.40 0.00 0.00 
 0.25 0.94 1.00 1.00 0.87 0.28 0.00 0.00 0.00 0.00 0.00 0.20 0.89 1.00 1.00 0.96 0.39 0.00 0.00 0.00 
 