0.00 0.00 0.00 0.00 0.18 0.27 0.27 0.18 0.00 0.00 0.00 0.00 0.00 0.00 0.00 0.00 0.13 0.27 0.27 0.26 
 0.00 0.00 0.00 0.00 0.37 1.00 1.00 0.91 0.04 0.00 0.00 0.00 0.00 0.00 0.00 0.13 0.91 1.00 1.00 0.39 
 0.00 0.00 0.00 0.00 0.02 0.89 1.00 1.00 0.40 0.00 0.00 0.00 0.00 0.00 0.07 0.84 1.00 1.00 0.49 0.00 
 0.00 0.00 0.00 0.00 0.00 0.45 1.00 1.00 0.85 0.01 0.00 0.00 0.00 0.03 0.75 1.00 1.00 0.58 0.00 0.00 
 0.00 0.00 0.00 0.00 0.00 0.05 0.94 1.00 1.00 0.32 0.00 0.00 0.01 0.65 1.00 1.00 0.66 0.01 0.00 0.00 
 0.00 0.00 0.00 0.00 0.00 0.00 0.53 1.00 1.00 0.78 0.00 0.00 0.52 1.00 1.00 0.74 0.03 0.00 0.00 0.00 
 0.00 0.00 0.00 0.00 0.00 0.00 0.10 0.98 1.00 1.00 0.24 0.39 1.00 1.00 0.81 0.05 0.00 0.00 0.00 0.00 
 0.00 0.00 0.00 0.00 0.00 0.00 0.00 0.62 1.00 1.00 0.83 0.98 1.00 0.86 0.09 0.00 0.00 0.00 0.00 0.00 
 0.00 0.00 0.00 0.00 0.00 0.00 0.00 0.16 1.00 1.00 1.00 1.00 0.91 0.14 0.00 0.00 0.00 0.00 0.00 0.00 
 0.00 0.00 0.00 0.00 0.00 0.00 0.00 0.00 0.71 1.00 1.00 0.96 0.20 0.00 0.00 0.00 0.00 0.00 0.00 0.00 
 0.00 0.00 0.00 0.00 0.00 0.00 0.00 0.17 0.94 1.00 1.00 0.98 0.13 0.00 0.00 0.00 0.00 0.00 0.00 0.00 
 0.00 0.00 0.00 0.00 0.00 0.00 0.11 0.89 1.00 1.00 1.00 1.00 0.57 0.00 0.00 0.00 0.00 0.00 0.00 0.00 
 0.00 0.00 0.00 0.00 0.00 0.07 0.83 1.00 1.00 0.63 1.00 1.00 0.96 0.07 0.00 0.00 0.00 0.00 0.00 0.00 
 0.00 0.00 0.00 0.00 0.04 0.76 1.00 1.00 0.56 0.00 0.80 1.00 1.00 0.49 0.00 0.00 0.00 0.00 0.00 0.00 
 0.00 0.00 0.00 0.01 0.68 1.00 1.00 0.68 0.01 0.00 0.35 1.00 1.00 0.92 0.04 0.00 0.00 0.00 0.00 0.00 
 0.00 0.00 0.00 0.58 1.00 1.00 0.78 0.04 0.00 0.00 0.02 0.88 1.00 1.00 0.42 0.00 0.00 0.00 0.00 0.00 
 0.00 0.00 0.48 1.00 1.00 0.87 0.09 0.00 0.00 0.00 0.00 0.45 1.00 1.00 0.86 0.01 0.00 0.00 0.00 0.00 
 0.00 0.38 1.00 1.00 0.93 0.15 0.00 0.00 0.00 0.00 0.00 0.05 0.94 1.00 1.00 0.33 0.00 0.00 0.00 0.00 
 0.29 0.98 1.00 0.97 0.24 0.00 0.00 0.00 0.00 0.00 0.00 0.00 0.55 1.00 1.00 0.79 0.00 0.00 0.00 0.00 
 0.29 0.33 0.33 0.21 0.00 0.00 0.00 0.00 0.00 0.00 0.00 0.00 0.08 0.33 0.33 0.33 0.04 0.00 0.00 0.00 
 