-1.00 -1.00 -1.00 -1.00 -0.64 -0.46 -0.46 -0.65 -1.00 -1.00 -1.00 -1.00 -1.00 -1.00 -1.00 -1.00 -0.73 -0.46 -0.46 -0.48 
 -1.00 -1.00 -1.00 -1.00 -0.26 1.00 1.00 0.83 -0.93 -1.00 -1.00 -1.00 -1.00 -1.00 -1.00 -0.73 0.83 1.00 1.00 -0.22 
 -1.00 -1.00 -1.00 -1.00 -0.95 0.78 1.00 1.00 -0.19 -1.00 -1.00 -1.00 -1.00 -1.00 -0.86 0.69 1.00 1.00 -0.03 -1.00 
 -1.00 -1.00 -1.00 -1.00 -1.00 -0.10 1.00 1.00 0.71 -0.98 -1.00 -1.00 -1.00 -0.95 0.51 1.00 1.00 0.16 -0.99 -1.00 
 -1.00 -1.00 -1.00 -1.00 -1.00 -0.89 0.88 1.00 1.00 -0.36 -1.00 -1.00 -0.98 0.29 1.00 1.00 0.33 -0.98 -1.00 -1.00 
 -1.00 -1.00 -1.00 -1.00 -1.00 -1.00 0.07 1.00 1.00 0.55 -0.99 -1.00 0.04 1.00 1.00 0.48 -0.95 -1.00 -1.00 -1.00 
 -1.00 -1.00 -1.00 -1.00 -1.00 -1.00 -0.80 0.95 1.00 1.00 -0.53 -0.22 1.00 1.00 0.62 -0.89 -1.00 -1.00 -1.00 -1.00 
 -1.00 -1.00 -1.00 -1.00 -1.00 -1.00 -1.00 0.23 1.00 1.00 0.65 0.97 1.00 0.73 -0.81 -1.00 -1.00 -1.00 -1.00 -1.00 
 -1.00 -1.00 -1.00 -1.00 -1.00 -1.00 -1.00 -0.67 0.99 1.00 1.00 1.00 0.82 -0.72 -1.00 -1.00 -1.00 -1.00 -1.00 -1.00 
 -1.00 -1.00 -1.00 -1.00 -1.00 -1.00 -1.00 -1.00 0.43 1.00 1.00 0.92 -0.61 -1.00 -1.00 -1.00 -1.00 -1.00 -1.00 -1.00 
 -1.00 -1.00 -1.00 -1.00 -1.00 -1.00 -1.00 -0.65 0.87 1.00 1.00 0.97 -0.74 -1.00 -1.00 -1.00 -1.00 -1.00 -1.00 -1.00 
 -1.00 -1.00 -1.00 -1.00 -1.00 -1.00 -0.77 0.78 1.00 1.00 1.00 1.00 0.15 -1.00 -1.00 -1.00 -1.00 -1.00 -1.00 -1.00 
 -1.00 -1.00 -1.00 -1.00 -1.00 -0.87 0.66 1.00 1.00 0.25 1.00 1.00 0.91 -0.85 -1.00 -1.00 -1.00 -1.00 -1.00 -1.00 
 -1.00 -1.00 -1.00 -1.00 -0.93 0.52 1.00 1.00 0.11 -0.99 0.59 1.00 1.00 -0.01 -1.00 -1.00 -1.00 -1.00 -1.00 -1.00 
 -1.00 -1.00 -1.00 -0.98 0.36 1.00 1.00 0.36 -0.98 -1.00 -0.31 1.00 1.00 0.84 -0.92 -1.00 -1.00 -1.00 -1.00 -1.00 
 -1.00 -1.00 -0.99 0.16 1.00 1.00 0.56 -0.92 -1.00 -1.00 -0.96 0.76 1.00 1.00 -0.17 -1.00 -1.00 -1.00 -1.00 -1.00 
 -1.00 -1.00 -0.04 1.00 1.00 0.73 -0.83 -1.00 -1.00 -1.00 -1.00 -0.11 1.00 1.00 0.73 -0.98 -1.00 -1.00 -1.00 -1.00 
 -1.00 -0.25 1.00 1.00 0.86 -0.69 -1.00 -1.00 -1.00 -1.00 -1.00 -0.89 0.88 1.00 1.00 -0.33 -1.00 -1.00 -1.00 -1.00 
 -0.43 0.97 1.00 0.95 -0.52 -1.00 -1.00 -1.00 -1.00 -1.00 -1.00 -1.00 0.10 1.00 1.00 0.58 -0.99 -1.00 -1.00 -1.00 
 -0.42 -0.33 -0.33 -0.58 -1.00 -1.00 -1.00 -1.00 -1.00 -1.00 -1.00 -1.00 -0.84 -0.33 -0.33 -0.33 -0.93 -1.00 -1.00 -1.00 
 