0.00 0.00 0.27 0.58 0.80 0.93 0.67 0.02 0.00 0.00 0.00 0.00 0.00 0.00 0.20 0.89 0.88 0.20 0.00 0.00 
 0.00 0.00 0.31 0.38 0.52 0.97 1.00 0.38 0.00 0.00 0.00 0.00 0.00 0.03 0.77 1.00 0.64 0.00 0.00 0.00 
 0.00 0.00 0.00 0.00 0.00 0.50 1.00 0.80 0.02 0.00 0.00 0.00 0.00 0.35 1.00 0.78 0.05 0.00 0.00 0.00 
 0.00 0.00 0.00 0.00 0.00 0.09 0.94 1.00 0.27 0.00 0.00 0.00 0.06 0.86 0.91 0.14 0.00 0.00 0.00 0.00 
 0.00 0.00 0.00 0.00 0.00 0.00 0.55 1.00 0.71 0.00 0.00 0.00 0.47 0.99 0.35 0.00 0.00 0.00 0.00 0.00 
 0.00 0.00 0.00 0.00 0.00 0.00 0.14 0.99 0.97 0.16 0.00 0.13 0.94 0.61 0.00 0.00 0.00 0.00 0.00 0.00 
 0.00 0.00 0.00 0.00 0.00 0.00 0.00 0.64 1.00 0.61 0.02 0.63 0.83 0.05 0.00 0.00 0.00 0.00 0.00 0.00 
 0.00 0.00 0.00 0.00 0.00 0.00 0.00 0.22 1.00 0.94 0.33 0.97 0.25 0.00 0.00 0.00 0.00 0.00 0.00 0.00 
 0.00 0.00 0.00 0.00 0.00 0.00 0.00 0.02 0.75 1.00 0.97 0.58 0.00 0.00 0.00 0.00 0.00 0.00 0.00 0.00 
 0.00 0.00 0.00 0.00 0.00 0.00 0.00 0.00 0.30 1.00 0.96 0.11 0.00 0.00 0.00 0.00 0.00 0.00 0.00 0.00 
 0.00 0.00 0.00 0.00 0.00 0.00 0.00 0.00 0.47 1.00 1.00 0.41 0.00 0.00 0.00 0.00 0.00 0.00 0.00 0.00 
 0.00 0.00 0.00 0.00 0.00 0.00 0.00 0.19 0.96 0.64 1.00 0.83 0.02 0.00 0.00 0.00 0.00 0.00 0.00 0.00 
 0.00 0.00 0.00 0.00 0.00 0.00 0.06 0.82 0.67 0.06 0.91 1.00 0.33 0.00 0.00 0.00 0.00 0.00 0.00 0.00 
 0.00 0.00 0.00 0.00 0.00 0.00 0.52 0.93 0.13 0.00 0.50 1.00 0.75 0.00 0.00 0.00 0.00 0.00 0.00 0.00 
 0.00 0.00 0.00 0.00 0.00 0.27 0.99 0.52 0.00 0.00 0.13 0.96 0.99 0.22 0.00 0.00 0.00 0.00 0.00 0.00 
 0.00 0.00 0.00 0.00 0.09 0.88 0.86 0.05 0.00 0.00 0.00 0.61 1.00 0.67 0.00 0.00 0.00 0.00 0.00 0.00 
 0.00 0.00 0.00 0.02 0.66 1.00 0.38 0.00 0.00 0.00 0.00 0.19 0.99 0.96 0.14 0.00 0.00 0.00 0.00 0.00 
 0.00 0.00 0.00 0.42 1.00 0.78 0.02 0.00 0.00 0.00 0.00 0.00 0.72 1.00 0.63 0.00 0.00 0.00 0.00 0.00 
 0.00 0.00 0.19 0.97 0.99 0.28 0.00 0.00 0.00 0.00 0.00 0.00 0.27 1.00 0.99 0.55 0.30 0.45 0.14 0.00 
 0.00 0.06 0.82 0.88 0.61 0.00 0.00 0.00 0.00 0.00 0.00 0.00 0.02 0.64 1.00 0.99 0.80 0.42 0.06 0.00 
 