0.00 0.00 0.13 0.96 1.00 1.00 0.60 0.00 0.00 0.00 0.00 0.00 0.00 0.00 0.00 0.05 0.88 1.00 1.00 0.64 
 0.00 0.00 0.00 0.45 1.00 1.00 0.94 0.11 0.00 0.00 0.00 0.00 0.00 0.00 0.00 0.38 1.00 1.00 0.88 0.08 
 0.00 0.00 0.00 0.05 0.82 1.00 1.00 0.63 0.00 0.00 0.00 0.00 0.00 0.00 0.05 0.86 1.00 0.99 0.31 0.00 
 0.00 0.00 0.00 0.00 0.22 0.97 1.00 0.97 0.22 0.00 0.00 0.00 0.00 0.00 0.42 1.00 1.00 0.55 0.00 0.00 
 0.00 0.00 0.00 0.00 0.00 0.47 1.00 1.00 0.78 0.02 0.00 0.00 0.00 0.09 0.93 1.00 0.75 0.02 0.00 0.00 
 0.00 0.00 0.00 0.00 0.00 0.03 0.77 1.00 1.00 0.42 0.00 0.00 0.00 0.56 1.00 0.89 0.13 0.00 0.00 0.00 
 0.00 0.00 0.00 0.00 0.00 0.00 0.17 0.96 1.00 0.93 0.11 0.00 0.22 0.99 0.97 0.28 0.00 0.00 0.00 0.00 
 0.00 0.00 0.00 0.00 0.00 0.00 0.00 0.39 1.00 1.00 0.71 0.06 0.78 0.99 0.47 0.00 0.00 0.00 0.00 0.00 
 0.00 0.00 0.00 0.00 0.00 0.00 0.00 0.02 0.64 1.00 1.00 0.83 1.00 0.61 0.00 0.00 0.00 0.00 0.00 0.00 
 0.00 0.00 0.00 0.00 0.00 0.00 0.00 0.00 0.08 0.85 1.00 1.00 0.80 0.02 0.00 0.00 0.00 0.00 0.00 0.00 
 0.00 0.00 0.00 0.00 0.00 0.00 0.00 0.00 0.05 0.75 1.00 1.00 0.94 0.17 0.00 0.00 0.00 0.00 0.00 0.00 
 0.00 0.00 0.00 0.00 0.00 0.00 0.00 0.02 0.55 1.00 0.89 1.00 1.00 0.82 0.05 0.00 0.00 0.00 0.00 0.00 
 0.00 0.00 0.00 0.00 0.00 0.00 0.00 0.30 1.00 0.88 0.11 0.74 1.00 1.00 0.58 0.00 0.00 0.00 0.00 0.00 
 0.00 0.00 0.00 0.00 0.00 0.00 0.09 0.89 0.99 0.38 0.00 0.13 0.93 1.00 0.99 0.30 0.00 0.00 0.00 0.00 
 0.00 0.00 0.00 0.00 0.00 0.02 0.66 1.00 0.77 0.00 0.00 0.00 0.39 1.00 1.00 0.88 0.08 0.00 0.00 0.00 
 0.00 0.00 0.00 0.00 0.00 0.36 1.00 0.99 0.25 0.00 0.00 0.00 0.03 0.75 1.00 1.00 0.63 0.00 0.00 0.00 
 0.00 0.00 0.00 0.00 0.13 0.93 1.00 0.67 0.00 0.00 0.00 0.00 0.00 0.19 0.97 1.00 0.99 0.30 0.00 0.00 
 0.00 0.00 0.00 0.02 0.67 1.00 0.97 0.19 0.00 0.00 0.00 0.00 0.00 0.00 0.53 1.00 1.00 0.86 0.05 0.00 
 0.00 0.00 0.00 0.35 1.00 1.00 0.67 0.00 0.00 0.00 0.00 0.00 0.00 0.00 0.08 0.89 1.00 1.00 0.58 0.00 
 0.00 0.00 0.08 0.89 1.00 0.97 0.19 0.00 0.00 0.00 0.00 0.00 0.00 0.00 0.00 0.38 1.00 1.00 0.97 0.22 
 