0.00 0.00 0.00 0.00 0.00 0.00 0.00 0.00 0.00 0.00 0.00 0.00 0.00 0.00 0.00 0.00 0.00 0.00 0.00 0.00 
 0.00 0.00 0.00 0.00 0.00 0.00 0.00 0.00 0.00 0.00 0.00 0.00 0.00 0.00 0.00 0.00 0.00 0.00 0.00 0.00 
 0.00 0.00 0.00 0.00 0.00 0.00 0.00 0.00 0.00 0.00 0.00 0.00 0.00 0.00 0.00 0.00 0.00 0.00 0.00 0.00 
 0.00 0.30 0.88 0.89 0.89 0.89 0.89 0.84 0.16 0.00 0.00 0.02 0.61 0.89 0.89 0.89 0.89 0.89 0.64 0.02 
 0.00 0.00 0.49 1.00 1.00 1.00 1.00 1.00 0.83 0.06 0.00 0.47 1.00 1.00 1.00 1.00 1.00 0.80 0.07 0.00 
 0.00 0.00 0.02 0.60 1.00 1.00 1.00 1.00 1.00 0.69 0.33 0.99 1.00 1.00 1.00 1.00 0.87 0.13 0.00 0.00 
 0.00 0.00 0.00 0.03 0.69 1.00 1.00 1.00 1.00 1.00 0.99 1.00 1.00 1.00 1.00 0.90 0.19 0.00 0.00 0.00 
 0.00 0.00 0.00 0.00 0.05 0.78 1.00 1.00 1.00 1.00 1.00 1.00 1.00 1.00 0.94 0.24 0.00 0.00 0.00 0.00 
 0.00 0.00 0.00 0.00 0.00 0.09 0.85 1.00 1.00 1.00 1.00 1.00 1.00 0.96 0.31 0.00 0.00 0.00 0.00 0.00 
 0.00 0.00 0.00 0.00 0.00 0.00 0.24 1.00 1.00 1.00 1.00 1.00 1.00 0.55 0.00 0.00 0.00 0.00 0.00 0.00 
 0.00 0.00 0.00 0.00 0.00 0.09 0.82 1.00 1.00 1.00 1.00 1.00 1.00 0.95 0.26 0.00 0.00 0.00 0.00 0.00 
 0.00 0.00 0.00 0.00 0.06 0.74 1.00 1.00 1.00 1.00 1.00 1.00 1.00 1.00 0.91 0.20 0.00 0.00 0.00 0.00 
 0.00 0.00 0.00 0.04 0.69 1.00 1.00 1.00 1.00 1.00 0.99 1.00 1.00 1.00 1.00 0.90 0.14 0.00 0.00 0.00 
 0.00 0.00 0.02 0.63 1.00 1.00 1.00 1.00 1.00 0.69 0.42 0.99 1.00 1.00 1.00 1.00 0.87 0.11 0.00 0.00 
 0.00 0.02 0.56 1.00 1.00 1.00 1.00 1.00 0.80 0.05 0.00 0.55 1.00 1.00 1.00 1.00 1.00 0.80 0.09 0.00 
 0.02 0.47 1.00 1.00 1.00 1.00 1.00 0.88 0.13 0.00 0.00 0.03 0.67 1.00 1.00 1.00 1.00 1.00 0.76 0.05 
 0.41 1.00 1.00 1.00 1.00 1.00 0.94 0.20 0.00 0.00 0.00 0.00 0.05 0.78 1.00 1.00 1.00 1.00 1.00 0.73 
 0.21 0.22 0.22 0.22 0.22 0.22 0.14 0.00 0.00 0.00 0.00 0.00 0.00 0.06 0.22 0.22 0.22 0.22 0.22 0.22 
 0.00 0.00 0.00 0.00 0.00 0.00 0.00 0.00 0.00 0.00 0.00 0.00 0.00 0.00 0.00 0.00 0.00 0.00 0.00 0.00 
 0.00 0.00 0.00 0.00 0.00 0.00 0.00 0.00 0.00 0.00 0.00 0.00 0.00 0.00 0.00 0.00 0.00 0.00 0.00 0.00 
 