0.00 0.75 1.00 1.00 1.00 1.00 0.82 0.00 0.00 0.00 0.00 0.00 0.17 0.97 1.00 1.00 1.00 1.00 0.50 0.00 
 0.00 0.22 0.49 0.99 0.77 0.38 0.27 0.00 0.00 0.00 0.00 0.00 0.03 0.35 0.41 0.91 0.89 0.39 0.13 0.00 
 0.00 0.00 0.00 0.52 0.97 0.25 0.00 0.00 0.00 0.00 0.00 0.00 0.00 0.00 0.49 0.97 0.28 0.00 0.00 0.00 
 0.00 0.00 0.00 0.03 0.74 0.88 0.09 0.00 0.00 0.00 0.00 0.00 0.00 0.28 0.99 0.50 0.00 0.00 0.00 0.00 
 0.00 0.00 0.00 0.00 0.13 0.91 0.72 0.02 0.00 0.00 0.00 0.00 0.13 0.91 0.72 0.02 0.00 0.00 0.00 0.00 
 0.00 0.00 0.00 0.00 0.00 0.27 0.97 0.50 0.00 0.00 0.00 0.03 0.74 0.86 0.09 0.00 0.00 0.00 0.00 0.00 
 0.00 0.00 0.00 0.00 0.00 0.00 0.47 0.97 0.28 0.00 0.02 0.53 0.96 0.24 0.00 0.00 0.00 0.00 0.00 0.00 
 0.00 0.00 0.00 0.00 0.00 0.00 0.03 0.71 0.91 0.13 0.33 0.99 0.45 0.00 0.00 0.00 0.00 0.00 0.00 0.00 
 0.00 0.00 0.00 0.00 0.00 0.00 0.00 0.08 0.86 0.82 0.93 0.66 0.00 0.00 0.00 0.00 0.00 0.00 0.00 0.00 
 0.00 0.00 0.00 0.00 0.00 0.00 0.00 0.00 0.27 1.00 0.89 0.06 0.00 0.00 0.00 0.00 0.00 0.00 0.00 0.00 
 0.00 0.00 0.00 0.00 0.00 0.00 0.00 0.02 0.58 0.99 0.99 0.35 0.00 0.00 0.00 0.00 0.00 0.00 0.00 0.00 
 0.00 0.00 0.00 0.00 0.00 0.00 0.00 0.35 0.99 0.41 0.64 0.93 0.16 0.00 0.00 0.00 0.00 0.00 0.00 0.00 
 0.00 0.00 0.00 0.00 0.00 0.00 0.16 0.94 0.63 0.00 0.08 0.85 0.80 0.05 0.00 0.00 0.00 0.00 0.00 0.00 
 0.00 0.00 0.00 0.00 0.00 0.06 0.80 0.82 0.05 0.00 0.00 0.19 0.96 0.60 0.00 0.00 0.00 0.00 0.00 0.00 
 0.00 0.00 0.00 0.00 0.02 0.58 0.94 0.17 0.00 0.00 0.00 0.00 0.39 0.99 0.38 0.00 0.00 0.00 0.00 0.00 
 0.00 0.00 0.00 0.00 0.35 0.99 0.38 0.00 0.00 0.00 0.00 0.00 0.02 0.63 0.94 0.17 0.00 0.00 0.00 0.00 
 0.00 0.00 0.00 0.16 0.94 0.60 0.00 0.00 0.00 0.00 0.00 0.00 0.00 0.06 0.82 0.82 0.05 0.00 0.00 0.00 
 0.00 0.00 0.06 0.80 0.78 0.03 0.00 0.00 0.00 0.00 0.00 0.00 0.00 0.00 0.17 0.94 0.64 0.02 0.00 0.00 
 0.03 0.36 0.64 0.99 0.52 0.38 0.33 0.03 0.00 0.00 0.00 0.00 0.11 0.38 0.38 0.67 1.00 0.55 0.27 0.00 
 0.09 0.94 1.00 1.00 1.00 1.00 0.96 0.17 0.00 0.00 0.00 0.00 0.41 1.00 1.00 1.00 1.00 1.00 0.82 0.00 
 