0.00 0.08 0.89 1.00 0.99 0.29 0.00 0.00 0.00 0.00 0.00 0.00 0.00 0.00 0.00 0.37 1.00 1.00 0.55 0.00 
 0.00 0.00 0.29 0.99 1.00 0.86 0.06 0.00 0.00 0.00 0.00 0.00 0.00 0.00 0.14 0.94 1.00 0.80 0.03 0.00 
 0.00 0.00 0.00 0.59 1.00 1.00 0.57 0.00 0.00 0.00 0.00 0.00 0.00 0.02 0.73 1.00 0.95 0.18 0.00 0.00 
 0.00 0.00 0.00 0.07 0.88 1.00 0.98 0.23 0.00 0.00 0.00 0.00 0.00 0.44 1.00 1.00 0.45 0.00 0.00 0.00 
 0.00 0.00 0.00 0.00 0.26 0.99 1.00 0.82 0.03 0.00 0.00 0.00 0.17 0.96 1.00 0.73 0.01 0.00 0.00 0.00 
 0.00 0.00 0.00 0.00 0.00 0.56 1.00 1.00 0.51 0.00 0.00 0.04 0.79 1.00 0.92 0.12 0.00 0.00 0.00 0.00 
 0.00 0.00 0.00 0.00 0.00 0.05 0.85 1.00 0.96 0.17 0.00 0.49 1.00 0.99 0.36 0.00 0.00 0.00 0.00 0.00 
 0.00 0.00 0.00 0.00 0.00 0.00 0.24 0.98 1.00 0.77 0.21 0.98 1.00 0.65 0.00 0.00 0.00 0.00 0.00 0.00 
 0.00 0.00 0.00 0.00 0.00 0.00 0.00 0.53 1.00 1.00 0.94 1.00 0.88 0.07 0.00 0.00 0.00 0.00 0.00 0.00 
 0.00 0.00 0.00 0.00 0.00 0.00 0.00 0.05 0.83 1.00 1.00 0.98 0.27 0.00 0.00 0.00 0.00 0.00 0.00 0.00 
 0.00 0.00 0.00 0.00 0.00 0.00 0.00 0.01 0.63 1.00 1.00 0.96 0.17 0.00 0.00 0.00 0.00 0.00 0.00 0.00 
 0.00 0.00 0.00 0.00 0.00 0.00 0.00 0.31 1.00 1.00 0.99 1.00 0.78 0.03 0.00 0.00 0.00 0.00 0.00 0.00 
 0.00 0.00 0.00 0.00 0.00 0.00 0.10 0.90 1.00 0.80 0.51 1.00 1.00 0.51 0.00 0.00 0.00 0.00 0.00 0.00 
 0.00 0.00 0.00 0.00 0.00 0.01 0.68 1.00 0.95 0.18 0.04 0.83 1.00 0.97 0.21 0.00 0.00 0.00 0.00 0.00 
 0.00 0.00 0.00 0.00 0.00 0.39 1.00 1.00 0.46 0.00 0.00 0.23 0.98 1.00 0.82 0.03 0.00 0.00 0.00 0.00 
 0.00 0.00 0.00 0.00 0.16 0.95 1.00 0.74 0.01 0.00 0.00 0.00 0.55 1.00 1.00 0.55 0.00 0.00 0.00 0.00 
 0.00 0.00 0.00 0.04 0.77 1.00 0.94 0.14 0.00 0.00 0.00 0.00 0.05 0.85 1.00 0.98 0.25 0.00 0.00 0.00 
 0.00 0.00 0.00 0.49 1.00 0.99 0.40 0.00 0.00 0.00 0.00 0.00 0.00 0.27 0.99 1.00 0.85 0.06 0.00 0.00 
 0.00 0.00 0.21 0.98 1.00 0.71 0.00 0.00 0.00 0.00 0.00 0.00 0.00 0.00 0.59 1.00 1.00 0.60 0.00 0.00 
 0.00 0.05 0.84 1.00 0.92 0.11 0.00 0.00 0.00 0.00 0.00 0.00 0.00 0.00 0.07 0.90 1.00 0.98 0.28 0.00 
 