0.00 0.00 0.00 0.06 0.75 0.78 0.67 0.73 0.86 0.47 0.00 0.00 0.00 0.00 0.00 0.00 0.11 0.81 0.75 0.64 
 0.00 0.00 0.00 0.00 0.45 1.00 1.00 1.00 1.00 0.75 0.00 0.00 0.00 0.00 0.00 0.03 0.64 1.00 0.97 0.36 
 0.00 0.00 0.00 0.00 0.14 0.97 1.00 1.00 1.00 0.92 0.11 0.00 0.00 0.00 0.00 0.42 1.00 0.97 0.42 0.00 
 0.00 0.00 0.00 0.00 0.00 0.70 1.00 1.00 1.00 1.00 0.45 0.00 0.00 0.00 0.25 0.97 0.97 0.53 0.00 0.00 
 0.00 0.00 0.00 0.00 0.00 0.33 1.00 1.00 1.00 1.00 0.78 0.00 0.00 0.11 0.86 1.00 0.64 0.00 0.00 0.00 
 0.00 0.00 0.00 0.00 0.00 0.11 0.92 1.00 1.00 1.00 0.95 0.14 0.03 0.67 1.00 0.73 0.03 0.00 0.00 0.00 
 0.00 0.00 0.00 0.00 0.00 0.00 0.56 1.00 1.00 1.00 1.00 0.47 0.47 1.00 0.81 0.09 0.00 0.00 0.00 0.00 
 0.00 0.00 0.00 0.00 0.00 0.00 0.22 1.00 1.00 1.00 1.00 0.92 0.97 0.86 0.17 0.00 0.00 0.00 0.00 0.00 
 0.00 0.00 0.00 0.00 0.00 0.00 0.06 0.84 1.00 1.00 1.00 1.00 0.92 0.22 0.00 0.00 0.00 0.00 0.00 0.00 
 0.00 0.00 0.00 0.00 0.00 0.00 0.00 0.45 1.00 1.00 1.00 1.00 0.75 0.00 0.00 0.00 0.00 0.00 0.00 0.00 
 0.00 0.00 0.00 0.00 0.00 0.00 0.00 0.14 0.97 1.00 1.00 1.00 0.92 0.11 0.00 0.00 0.00 0.00 0.00 0.00 
 0.00 0.00 0.00 0.00 0.00 0.00 0.00 0.17 0.95 1.00 1.00 1.00 1.00 0.47 0.00 0.00 0.00 0.00 0.00 0.00 
 0.00 0.00 0.00 0.00 0.00 0.00 0.09 0.81 1.00 1.00 1.00 1.00 1.00 0.81 0.00 0.00 0.00 0.00 0.00 0.00 
 0.00 0.00 0.00 0.00 0.00 0.03 0.67 1.00 0.73 0.86 1.00 1.00 1.00 0.97 0.25 0.00 0.00 0.00 0.00 0.00 
 0.00 0.00 0.00 0.00 0.03 0.56 1.00 0.84 0.09 0.53 1.00 1.00 1.00 1.00 0.61 0.00 0.00 0.00 0.00 0.00 
 0.00 0.00 0.00 0.00 0.42 1.00 0.89 0.17 0.00 0.22 1.00 1.00 1.00 1.00 0.86 0.03 0.00 0.00 0.00 0.00 
 0.00 0.00 0.00 0.28 0.97 0.97 0.33 0.00 0.00 0.03 0.81 1.00 1.00 1.00 1.00 0.31 0.00 0.00 0.00 0.00 
 0.00 0.00 0.17 0.92 1.00 0.53 0.00 0.00 0.00 0.00 0.47 1.00 1.00 1.00 1.00 0.70 0.00 0.00 0.00 0.00 
 0.00 0.11 0.84 1.00 0.73 0.03 0.00 0.00 0.00 0.00 0.20 1.00 1.00 1.00 1.00 0.89 0.06 0.00 0.00 0.00 
 0.06 0.73 1.00 0.92 0.11 0.00 0.00 0.00 0.00 0.00 0.03 0.81 1.00 1.00 1.00 1.00 0.36 0.00 0.00 0.00 
 