0.00 0.00 0.11 0.93 1.00 0.94 0.13 0.00 0.00 0.00 0.00 0.00 0.00 0.00 0.00 0.03 0.78 1.00 0.95 0.16 
 0.00 0.00 0.00 0.41 1.00 1.00 0.65 0.00 0.00 0.00 0.00 0.00 0.00 0.00 0.00 0.41 1.00 1.00 0.48 0.00 
 0.00 0.00 0.00 0.03 0.77 1.00 0.98 0.25 0.00 0.00 0.00 0.00 0.00 0.00 0.10 0.93 1.00 0.83 0.03 0.00 
 0.00 0.00 0.00 0.00 0.21 0.98 1.00 0.79 0.02 0.00 0.00 0.00 0.00 0.02 0.62 1.00 0.98 0.24 0.00 0.00 
 0.00 0.00 0.00 0.00 0.00 0.55 1.00 1.00 0.40 0.00 0.00 0.00 0.00 0.26 1.00 1.00 0.60 0.00 0.00 0.00 
 0.00 0.00 0.00 0.00 0.00 0.06 0.88 1.00 0.89 0.07 0.00 0.00 0.04 0.82 1.00 0.88 0.06 0.00 0.00 0.00 
 0.00 0.00 0.00 0.00 0.00 0.00 0.32 1.00 1.00 0.57 0.00 0.00 0.45 1.00 0.99 0.33 0.00 0.00 0.00 0.00 
 0.00 0.00 0.00 0.00 0.00 0.00 0.02 0.69 1.00 0.96 0.16 0.13 0.95 1.00 0.68 0.00 0.00 0.00 0.00 0.00 
 0.00 0.00 0.00 0.00 0.00 0.00 0.00 0.14 0.95 1.00 0.68 0.61 1.00 0.93 0.13 0.00 0.00 0.00 0.00 0.00 
 0.00 0.00 0.00 0.00 0.00 0.00 0.00 0.00 0.46 1.00 0.98 0.98 1.00 0.44 0.00 0.00 0.00 0.00 0.00 0.00 
 0.00 0.00 0.00 0.00 0.00 0.00 0.00 0.00 0.04 0.85 1.00 1.00 0.82 0.02 0.00 0.00 0.00 0.00 0.00 0.00 
 0.00 0.00 0.00 0.00 0.00 0.00 0.00 0.00 0.15 0.95 1.00 1.00 0.94 0.13 0.00 0.00 0.00 0.00 0.00 0.00 
 0.00 0.00 0.00 0.00 0.00 0.00 0.00 0.03 0.74 1.00 0.85 0.95 1.00 0.68 0.00 0.00 0.00 0.00 0.00 0.00 
 0.00 0.00 0.00 0.00 0.00 0.00 0.00 0.42 1.00 0.99 0.30 0.52 1.00 0.99 0.33 0.00 0.00 0.00 0.00 0.00 
 0.00 0.00 0.00 0.00 0.00 0.00 0.15 0.95 1.00 0.69 0.00 0.06 0.88 1.00 0.88 0.06 0.00 0.00 0.00 0.00 
 0.00 0.00 0.00 0.00 0.00 0.03 0.74 1.00 0.94 0.13 0.00 0.00 0.33 1.00 1.00 0.60 0.00 0.00 0.00 0.00 
 0.00 0.00 0.00 0.00 0.00 0.42 1.00 1.00 0.47 0.00 0.00 0.00 0.02 0.73 1.00 0.98 0.24 0.00 0.00 0.00 
 0.00 0.00 0.00 0.00 0.15 0.95 1.00 0.83 0.03 0.00 0.00 0.00 0.00 0.18 0.96 1.00 0.82 0.04 0.00 0.00 
 0.00 0.00 0.00 0.02 0.72 1.00 0.98 0.25 0.00 0.00 0.00 0.00 0.00 0.00 0.53 1.00 1.00 0.49 0.00 0.00 
 0.00 0.00 0.00 0.37 1.00 1.00 0.63 0.00 0.00 0.00 0.00 0.00 0.00 0.00 0.06 0.89 1.00 0.95 0.15 0.00 
 