0.80 0.96 1.00 1.00 1.00 1.00 1.00 1.00 1.00 0.96 0.80 0.32 0.32 0.84 1.00 1.00 1.00 1.00 0.92 0.80 
 0.00 0.36 0.92 1.00 1.00 1.00 1.00 1.00 1.00 0.64 0.00 0.00 0.00 0.04 0.76 1.00 0.96 0.60 0.12 0.00 
 0.00 0.00 0.36 1.00 1.00 1.00 1.00 1.00 1.00 0.68 0.00 0.00 0.00 0.00 0.64 0.96 0.52 0.00 0.00 0.00 
 0.00 0.00 0.04 0.64 1.00 1.00 1.00 1.00 1.00 0.92 0.16 0.00 0.00 0.20 0.96 0.60 0.00 0.00 0.00 0.00 
 0.00 0.00 0.00 0.16 0.96 1.00 1.00 1.00 1.00 1.00 0.68 0.00 0.04 0.68 0.84 0.08 0.00 0.00 0.00 0.00 
 0.00 0.00 0.00 0.00 0.48 1.00 1.00 1.00 1.00 1.00 0.96 0.28 0.44 0.96 0.32 0.00 0.00 0.00 0.00 0.00 
 0.00 0.00 0.00 0.00 0.12 0.88 1.00 1.00 1.00 1.00 1.00 0.88 0.96 0.60 0.00 0.00 0.00 0.00 0.00 0.00 
 0.00 0.00 0.00 0.00 0.00 0.44 1.00 1.00 1.00 1.00 1.00 1.00 0.88 0.08 0.00 0.00 0.00 0.00 0.00 0.00 
 0.00 0.00 0.00 0.00 0.00 0.08 0.84 1.00 1.00 1.00 1.00 1.00 0.84 0.04 0.00 0.00 0.00 0.00 0.00 0.00 
 0.00 0.00 0.00 0.00 0.00 0.00 0.36 1.00 1.00 1.00 1.00 1.00 1.00 0.48 0.00 0.00 0.00 0.00 0.00 0.00 
 0.00 0.00 0.00 0.00 0.00 0.00 0.08 0.76 1.00 1.00 1.00 1.00 1.00 0.88 0.12 0.00 0.00 0.00 0.00 0.00 
 0.00 0.00 0.00 0.00 0.00 0.00 0.00 0.28 1.00 1.00 1.00 1.00 1.00 1.00 0.56 0.00 0.00 0.00 0.00 0.00 
 0.00 0.00 0.00 0.00 0.00 0.00 0.00 0.28 1.00 1.00 1.00 1.00 1.00 1.00 0.88 0.12 0.00 0.00 0.00 0.00 
 0.00 0.00 0.00 0.00 0.00 0.00 0.08 0.84 0.88 0.96 1.00 1.00 1.00 1.00 1.00 0.56 0.00 0.00 0.00 0.00 
 0.00 0.00 0.00 0.00 0.00 0.04 0.56 0.92 0.20 0.64 1.00 1.00 1.00 1.00 1.00 0.92 0.16 0.00 0.00 0.00 
 0.00 0.00 0.00 0.00 0.00 0.32 0.96 0.44 0.00 0.20 0.96 1.00 1.00 1.00 1.00 1.00 0.64 0.00 0.00 0.00 
 0.00 0.00 0.00 0.00 0.16 0.88 0.68 0.00 0.00 0.00 0.52 1.00 1.00 1.00 1.00 1.00 0.92 0.24 0.00 0.00 
 0.00 0.00 0.00 0.04 0.68 0.92 0.16 0.00 0.00 0.00 0.16 0.96 1.00 1.00 1.00 1.00 1.00 0.76 0.04 0.00 
 0.00 0.00 0.08 0.60 1.00 0.84 0.04 0.00 0.00 0.00 0.00 0.76 1.00 1.00 1.00 1.00 1.00 1.00 0.48 0.00 
 0.24 0.44 0.84 1.00 1.00 1.00 0.52 0.16 0.00 0.12 0.40 0.92 1.00 1.00 1.00 1.00 1.00 1.00 0.96 0.56 
 