0.00 0.75 1.00 1.00 1.00 1.00 0.82 0.00 0.00 0.00 0.00 0.00 0.09 0.94 1.00 1.00 1.00 1.00 0.63 0.00 
 0.00 0.22 0.50 0.99 0.71 0.38 0.27 0.00 0.00 0.00 0.00 0.00 0.02 0.31 0.39 0.85 0.91 0.39 0.17 0.00 
 0.00 0.00 0.00 0.55 0.94 0.20 0.00 0.00 0.00 0.00 0.00 0.00 0.00 0.00 0.39 0.99 0.33 0.00 0.00 0.00 
 0.00 0.00 0.00 0.03 0.75 0.85 0.08 0.00 0.00 0.00 0.00 0.00 0.00 0.19 0.96 0.55 0.00 0.00 0.00 0.00 
 0.00 0.00 0.00 0.00 0.13 0.91 0.69 0.02 0.00 0.00 0.00 0.00 0.09 0.85 0.75 0.02 0.00 0.00 0.00 0.00 
 0.00 0.00 0.00 0.00 0.00 0.27 0.97 0.49 0.00 0.00 0.00 0.02 0.66 0.89 0.11 0.00 0.00 0.00 0.00 0.00 
 0.00 0.00 0.00 0.00 0.00 0.00 0.45 0.97 0.28 0.00 0.00 0.44 0.97 0.28 0.00 0.00 0.00 0.00 0.00 0.00 
 0.00 0.00 0.00 0.00 0.00 0.00 0.02 0.66 0.91 0.13 0.25 0.99 0.50 0.00 0.00 0.00 0.00 0.00 0.00 0.00 
 0.00 0.00 0.00 0.00 0.00 0.00 0.00 0.08 0.85 0.82 0.88 0.72 0.02 0.00 0.00 0.00 0.00 0.00 0.00 0.00 
 0.00 0.00 0.00 0.00 0.00 0.00 0.00 0.00 0.22 1.00 0.93 0.09 0.00 0.00 0.00 0.00 0.00 0.00 0.00 0.00 
 0.00 0.00 0.00 0.00 0.00 0.00 0.00 0.00 0.49 0.97 0.97 0.38 0.00 0.00 0.00 0.00 0.00 0.00 0.00 0.00 
 0.00 0.00 0.00 0.00 0.00 0.00 0.00 0.28 0.97 0.44 0.55 0.94 0.20 0.00 0.00 0.00 0.00 0.00 0.00 0.00 
 0.00 0.00 0.00 0.00 0.00 0.00 0.14 0.91 0.66 0.00 0.03 0.75 0.85 0.08 0.00 0.00 0.00 0.00 0.00 0.00 
 0.00 0.00 0.00 0.00 0.00 0.05 0.77 0.83 0.06 0.00 0.00 0.13 0.91 0.69 0.02 0.00 0.00 0.00 0.00 0.00 
 0.00 0.00 0.00 0.00 0.02 0.55 0.94 0.19 0.00 0.00 0.00 0.00 0.27 0.97 0.49 0.00 0.00 0.00 0.00 0.00 
 0.00 0.00 0.00 0.00 0.35 0.99 0.39 0.00 0.00 0.00 0.00 0.00 0.00 0.45 0.97 0.28 0.00 0.00 0.00 0.00 
 0.00 0.00 0.00 0.16 0.94 0.61 0.00 0.00 0.00 0.00 0.00 0.00 0.00 0.02 0.66 0.91 0.13 0.00 0.00 0.00 
 0.00 0.00 0.06 0.82 0.80 0.05 0.00 0.00 0.00 0.00 0.00 0.00 0.00 0.00 0.08 0.85 0.77 0.03 0.00 0.00 
 0.02 0.33 0.66 0.99 0.52 0.38 0.36 0.06 0.00 0.00 0.00 0.00 0.06 0.36 0.38 0.55 1.00 0.66 0.31 0.02 
 0.09 0.94 1.00 1.00 1.00 1.00 0.99 0.28 0.00 0.00 0.00 0.00 0.28 0.99 1.00 1.00 1.00 1.00 0.93 0.08 
 