0.00 0.00 0.00 0.00 0.00 0.00 0.00 0.00 0.00 0.00 0.00 0.00 0.00 0.00 0.00 0.00 0.00 0.00 0.00 0.00 
 0.00 0.00 0.00 0.03 0.13 0.13 0.13 0.13 0.11 0.00 0.00 0.00 0.00 0.00 0.00 0.00 0.08 0.13 0.13 0.13 
 0.00 0.00 0.00 0.09 0.94 1.00 1.00 1.00 0.99 0.25 0.00 0.00 0.00 0.00 0.00 0.19 0.91 1.00 1.00 1.00 
 0.00 0.00 0.00 0.00 0.50 1.00 1.00 1.00 1.00 0.74 0.00 0.00 0.00 0.00 0.13 0.88 1.00 1.00 1.00 1.00 
 0.00 0.00 0.00 0.00 0.08 0.89 1.00 1.00 1.00 0.99 0.30 0.00 0.00 0.08 0.83 1.00 1.00 1.00 1.00 0.94 
 0.00 0.00 0.00 0.00 0.00 0.42 1.00 1.00 1.00 1.00 0.80 0.02 0.05 0.75 1.00 1.00 1.00 1.00 0.96 0.25 
 0.00 0.00 0.00 0.00 0.00 0.06 0.89 1.00 1.00 1.00 1.00 0.36 0.67 1.00 1.00 1.00 1.00 0.97 0.33 0.00 
 0.00 0.00 0.00 0.00 0.00 0.00 0.42 1.00 1.00 1.00 1.00 0.96 1.00 1.00 1.00 1.00 0.99 0.44 0.00 0.00 
 0.00 0.00 0.00 0.00 0.00 0.00 0.06 0.89 1.00 1.00 1.00 1.00 1.00 1.00 1.00 0.99 0.53 0.00 0.00 0.00 
 0.00 0.00 0.00 0.00 0.00 0.00 0.00 0.38 1.00 1.00 1.00 1.00 1.00 1.00 1.00 0.63 0.00 0.00 0.00 0.00 
 0.00 0.00 0.00 0.00 0.00 0.00 0.00 0.05 0.88 1.00 1.00 1.00 1.00 1.00 0.71 0.02 0.00 0.00 0.00 0.00 
 0.00 0.00 0.00 0.00 0.00 0.00 0.00 0.24 0.96 1.00 1.00 1.00 1.00 0.93 0.06 0.00 0.00 0.00 0.00 0.00 
 0.00 0.00 0.00 0.00 0.00 0.00 0.17 0.91 1.00 1.00 1.00 1.00 1.00 1.00 0.38 0.00 0.00 0.00 0.00 0.00 
 0.00 0.00 0.00 0.00 0.00 0.13 0.85 1.00 1.00 1.00 1.00 1.00 1.00 1.00 0.85 0.05 0.00 0.00 0.00 0.00 
 0.00 0.00 0.00 0.00 0.08 0.78 1.00 1.00 1.00 1.00 1.00 1.00 1.00 1.00 1.00 0.45 0.00 0.00 0.00 0.00 
 0.00 0.00 0.00 0.05 0.72 1.00 1.00 1.00 1.00 0.96 0.58 1.00 1.00 1.00 1.00 0.88 0.05 0.00 0.00 0.00 
 0.00 0.00 0.02 0.64 1.00 1.00 1.00 1.00 0.99 0.36 0.03 0.80 1.00 1.00 1.00 1.00 0.45 0.00 0.00 0.00 
 0.00 0.02 0.56 1.00 1.00 1.00 1.00 0.99 0.45 0.00 0.00 0.31 1.00 1.00 1.00 1.00 0.88 0.05 0.00 0.00 
 0.00 0.45 1.00 1.00 1.00 1.00 1.00 0.55 0.00 0.00 0.00 0.02 0.75 1.00 1.00 1.00 1.00 0.50 0.00 0.00 
 0.35 0.99 1.00 1.00 1.00 1.00 0.66 0.02 0.00 0.00 0.00 0.00 0.27 1.00 1.00 1.00 1.00 0.91 0.06 0.00 
 