0.00 0.00 0.01 0.44 0.27 0.00 0.00 0.00 0.00 0.00 0.00 0.00 0.00 0.00 0.00 0.07 0.78 0.24 0.00 0.00 
 0.00 0.00 0.45 1.00 0.69 0.00 0.00 0.00 0.00 0.00 0.00 0.00 0.00 0.00 0.01 0.55 0.62 0.00 0.00 0.00 
 0.00 0.00 0.16 0.94 1.00 0.20 0.00 0.00 0.00 0.00 0.00 0.00 0.00 0.00 0.25 0.88 0.09 0.00 0.00 0.00 
 0.00 0.00 0.00 0.35 1.00 0.72 0.04 0.00 0.00 0.00 0.00 0.00 0.00 0.00 0.69 0.43 0.00 0.00 0.00 0.00 
 0.00 0.00 0.00 0.00 0.51 0.95 0.53 0.00 0.00 0.00 0.00 0.00 0.00 0.10 0.81 0.02 0.00 0.00 0.00 0.00 
 0.00 0.00 0.00 0.00 0.00 0.53 0.98 0.20 0.00 0.00 0.00 0.00 0.01 0.64 0.20 0.00 0.00 0.00 0.00 0.00 
 0.00 0.00 0.00 0.00 0.00 0.09 0.91 0.83 0.00 0.00 0.00 0.00 0.31 0.64 0.00 0.00 0.00 0.00 0.00 0.00 
 0.00 0.00 0.00 0.00 0.00 0.00 0.35 0.99 0.58 0.00 0.00 0.03 0.68 0.10 0.00 0.00 0.00 0.00 0.00 0.00 
 0.00 0.00 0.00 0.00 0.00 0.00 0.00 0.66 0.86 0.11 0.00 0.40 0.30 0.00 0.00 0.00 0.00 0.00 0.00 0.00 
 0.00 0.00 0.00 0.00 0.00 0.00 0.00 0.09 0.81 0.92 0.38 0.65 0.00 0.00 0.00 0.00 0.00 0.00 0.00 0.00 
 0.00 0.00 0.00 0.00 0.00 0.00 0.00 0.00 0.03 0.85 0.97 0.11 0.00 0.00 0.00 0.00 0.00 0.00 0.00 0.00 
 0.00 0.00 0.00 0.00 0.00 0.00 0.00 0.00 0.00 0.56 1.00 0.53 0.00 0.00 0.00 0.00 0.00 0.00 0.00 0.00 
 0.00 0.00 0.00 0.00 0.00 0.00 0.00 0.00 0.07 0.70 0.84 0.97 0.30 0.00 0.00 0.00 0.00 0.00 0.00 0.00 
 0.00 0.00 0.00 0.00 0.00 0.00 0.00 0.00 0.60 0.17 0.15 0.78 0.95 0.10 0.00 0.00 0.00 0.00 0.00 0.00 
 0.00 0.00 0.00 0.00 0.00 0.00 0.00 0.33 0.47 0.00 0.00 0.41 1.00 0.61 0.00 0.00 0.00 0.00 0.00 0.00 
 0.00 0.00 0.00 0.00 0.00 0.00 0.11 0.81 0.01 0.00 0.00 0.02 0.76 0.94 0.27 0.00 0.00 0.00 0.00 0.00 
 0.00 0.00 0.00 0.00 0.00 0.02 0.66 0.26 0.00 0.00 0.00 0.00 0.10 0.92 1.00 0.39 0.00 0.00 0.00 0.00 
 0.00 0.00 0.00 0.00 0.00 0.46 0.43 0.00 0.00 0.00 0.00 0.00 0.00 0.30 0.95 0.97 0.14 0.00 0.00 0.00 
 0.00 0.00 0.00 0.00 0.35 0.73 0.00 0.00 0.00 0.00 0.00 0.00 0.00 0.00 0.49 1.00 0.91 0.24 0.00 0.00 
 0.00 0.00 0.00 0.23 0.94 0.18 0.00 0.00 0.00 0.00 0.00 0.00 0.00 0.00 0.01 0.59 1.00 0.96 0.21 0.00 
 