0.00 0.00 0.00 0.00 0.00 0.00 0.00 0.00 0.00 0.00 0.00 0.00 0.00 0.00 0.00 0.00 0.00 0.00 0.00 0.00 
 0.21 0.72 0.72 0.72 0.72 0.72 0.72 0.72 0.51 0.00 0.00 0.00 0.00 0.21 0.72 0.72 0.72 0.72 0.72 0.72 
 0.08 0.35 0.64 0.96 1.00 1.00 0.74 0.33 0.21 0.00 0.00 0.00 0.00 0.08 0.31 0.55 1.00 0.94 0.64 0.39 
 0.00 0.00 0.00 0.33 0.96 1.00 0.74 0.04 0.00 0.00 0.00 0.00 0.00 0.00 0.00 0.31 0.92 0.21 0.00 0.00 
 0.00 0.00 0.00 0.00 0.43 1.00 1.00 0.57 0.00 0.00 0.00 0.00 0.00 0.00 0.16 0.88 0.31 0.00 0.00 0.00 
 0.00 0.00 0.00 0.00 0.02 0.59 1.00 0.98 0.39 0.00 0.00 0.00 0.00 0.08 0.80 0.47 0.00 0.00 0.00 0.00 
 0.00 0.00 0.00 0.00 0.00 0.04 0.76 1.00 0.94 0.21 0.00 0.00 0.02 0.67 0.64 0.00 0.00 0.00 0.00 0.00 
 0.00 0.00 0.00 0.00 0.00 0.00 0.11 0.88 1.00 0.86 0.11 0.02 0.53 0.78 0.04 0.00 0.00 0.00 0.00 0.00 
 0.00 0.00 0.00 0.00 0.00 0.00 0.00 0.23 0.94 1.00 0.74 0.41 0.88 0.13 0.00 0.00 0.00 0.00 0.00 0.00 
 0.00 0.00 0.00 0.00 0.00 0.00 0.00 0.00 0.35 0.98 1.00 0.96 0.25 0.00 0.00 0.00 0.00 0.00 0.00 0.00 
 0.00 0.00 0.00 0.00 0.00 0.00 0.00 0.00 0.00 0.55 1.00 0.98 0.33 0.00 0.00 0.00 0.00 0.00 0.00 0.00 
 0.00 0.00 0.00 0.00 0.00 0.00 0.00 0.00 0.04 0.69 0.92 1.00 0.92 0.18 0.00 0.00 0.00 0.00 0.00 0.00 
 0.00 0.00 0.00 0.00 0.00 0.00 0.00 0.02 0.55 0.74 0.15 0.88 1.00 0.84 0.08 0.00 0.00 0.00 0.00 0.00 
 0.00 0.00 0.00 0.00 0.00 0.00 0.00 0.41 0.84 0.08 0.00 0.25 0.96 1.00 0.69 0.02 0.00 0.00 0.00 0.00 
 0.00 0.00 0.00 0.00 0.00 0.00 0.27 0.90 0.18 0.00 0.00 0.00 0.37 0.98 1.00 0.53 0.00 0.00 0.00 0.00 
 0.00 0.00 0.00 0.00 0.00 0.15 0.86 0.31 0.00 0.00 0.00 0.00 0.00 0.53 1.00 0.98 0.37 0.00 0.00 0.00 
 0.00 0.00 0.00 0.00 0.08 0.78 0.45 0.00 0.00 0.00 0.00 0.00 0.00 0.04 0.72 1.00 0.94 0.21 0.00 0.00 
 0.00 0.00 0.00 0.06 0.69 0.62 0.00 0.00 0.00 0.00 0.00 0.00 0.00 0.00 0.08 0.84 1.00 0.84 0.08 0.00 
 0.00 0.00 0.18 0.74 1.00 0.25 0.00 0.00 0.00 0.00 0.00 0.00 0.00 0.00 0.00 0.27 1.00 1.00 0.72 0.08 
 0.57 0.72 0.98 1.00 1.00 0.88 0.62 0.33 0.00 0.00 0.00 0.00 0.00 0.33 0.59 0.86 1.00 1.00 1.00 0.94 
 