0.20 0.45 0.45 0.45 0.45 0.45 0.45 0.45 0.45 0.33 0.00 0.00 0.00 0.00 0.30 0.44 0.45 0.45 0.45 0.45 
 0.02 0.18 0.51 0.94 1.00 1.00 1.00 0.96 0.33 0.04 0.00 0.00 0.00 0.00 0.00 0.20 0.90 1.00 0.98 0.61 
 0.00 0.00 0.00 0.20 0.91 1.00 1.00 0.89 0.00 0.00 0.00 0.00 0.00 0.00 0.00 0.00 0.73 0.96 0.35 0.00 
 0.00 0.00 0.00 0.00 0.27 0.98 1.00 0.99 0.29 0.00 0.00 0.00 0.00 0.00 0.00 0.24 0.98 0.45 0.00 0.00 
 0.00 0.00 0.00 0.00 0.00 0.48 1.00 1.00 0.87 0.06 0.00 0.00 0.00 0.00 0.09 0.87 0.65 0.00 0.00 0.00 
 0.00 0.00 0.00 0.00 0.00 0.04 0.79 1.00 1.00 0.60 0.00 0.00 0.00 0.03 0.71 0.83 0.05 0.00 0.00 0.00 
 0.00 0.00 0.00 0.00 0.00 0.00 0.19 0.96 1.00 0.98 0.27 0.00 0.00 0.49 0.93 0.16 0.00 0.00 0.00 0.00 
 0.00 0.00 0.00 0.00 0.00 0.00 0.00 0.47 1.00 1.00 0.87 0.06 0.30 0.98 0.36 0.00 0.00 0.00 0.00 0.00 
 0.00 0.00 0.00 0.00 0.00 0.00 0.00 0.04 0.82 1.00 1.00 0.69 0.93 0.58 0.00 0.00 0.00 0.00 0.00 0.00 
 0.00 0.00 0.00 0.00 0.00 0.00 0.00 0.00 0.22 0.98 1.00 1.00 0.80 0.03 0.00 0.00 0.00 0.00 0.00 0.00 
 0.00 0.00 0.00 0.00 0.00 0.00 0.00 0.00 0.00 0.51 1.00 1.00 0.87 0.06 0.00 0.00 0.00 0.00 0.00 0.00 
 0.00 0.00 0.00 0.00 0.00 0.00 0.00 0.00 0.00 0.42 1.00 1.00 1.00 0.60 0.00 0.00 0.00 0.00 0.00 0.00 
 0.00 0.00 0.00 0.00 0.00 0.00 0.00 0.00 0.25 0.96 0.64 0.98 1.00 0.98 0.27 0.00 0.00 0.00 0.00 0.00 
 0.00 0.00 0.00 0.00 0.00 0.00 0.00 0.11 0.89 0.65 0.00 0.51 1.00 1.00 0.87 0.06 0.00 0.00 0.00 0.00 
 0.00 0.00 0.00 0.00 0.00 0.00 0.04 0.74 0.83 0.06 0.00 0.04 0.82 1.00 1.00 0.61 0.00 0.00 0.00 0.00 
 0.00 0.00 0.00 0.00 0.00 0.02 0.56 0.93 0.18 0.00 0.00 0.00 0.22 0.98 1.00 0.99 0.31 0.00 0.00 0.00 
 0.00 0.00 0.00 0.00 0.00 0.35 0.99 0.35 0.00 0.00 0.00 0.00 0.00 0.51 1.00 1.00 0.88 0.06 0.00 0.00 
 0.00 0.00 0.00 0.00 0.19 0.95 0.55 0.00 0.00 0.00 0.00 0.00 0.00 0.04 0.82 1.00 1.00 0.63 0.00 0.00 
 0.00 0.00 0.00 0.11 0.88 0.78 0.02 0.00 0.00 0.00 0.00 0.00 0.00 0.00 0.25 1.00 1.00 0.99 0.36 0.00 
 0.00 0.00 0.20 0.87 1.00 0.46 0.00 0.00 0.00 0.00 0.00 0.00 0.00 0.00 0.04 0.93 1.00 1.00 0.94 0.19 
 