0.00 0.00 0.00 0.61 1.00 0.96 0.50 0.00 0.00 0.00 0.00 0.00 0.00 0.00 0.00 0.08 0.80 1.00 0.88 0.08 
 0.00 0.00 0.00 0.30 1.00 1.00 0.96 0.14 0.00 0.00 0.00 0.00 0.00 0.00 0.00 0.52 1.00 1.00 0.71 0.00 
 0.00 0.00 0.00 0.02 0.71 1.00 1.00 0.67 0.00 0.00 0.00 0.00 0.00 0.00 0.14 0.97 1.00 0.94 0.16 0.00 
 0.00 0.00 0.00 0.00 0.17 0.97 1.00 0.99 0.27 0.00 0.00 0.00 0.00 0.02 0.66 1.00 1.00 0.55 0.00 0.00 
 0.00 0.00 0.00 0.00 0.00 0.53 1.00 1.00 0.80 0.02 0.00 0.00 0.00 0.25 1.00 1.00 0.88 0.06 0.00 0.00 
 0.00 0.00 0.00 0.00 0.00 0.08 0.89 1.00 1.00 0.42 0.00 0.00 0.03 0.78 1.00 0.99 0.36 0.00 0.00 0.00 
 0.00 0.00 0.00 0.00 0.00 0.00 0.36 1.00 1.00 0.89 0.06 0.00 0.36 1.00 1.00 0.75 0.00 0.00 0.00 0.00 
 0.00 0.00 0.00 0.00 0.00 0.00 0.03 0.78 1.00 1.00 0.56 0.08 0.89 1.00 0.97 0.20 0.00 0.00 0.00 0.00 
 0.00 0.00 0.00 0.00 0.00 0.00 0.00 0.22 0.99 1.00 0.96 0.63 1.00 1.00 0.60 0.00 0.00 0.00 0.00 0.00 
 0.00 0.00 0.00 0.00 0.00 0.00 0.00 0.00 0.60 1.00 1.00 1.00 1.00 0.91 0.08 0.00 0.00 0.00 0.00 0.00 
 0.00 0.00 0.00 0.00 0.00 0.00 0.00 0.00 0.11 0.94 1.00 1.00 1.00 0.45 0.00 0.00 0.00 0.00 0.00 0.00 
 0.00 0.00 0.00 0.00 0.00 0.00 0.00 0.00 0.11 0.94 1.00 1.00 1.00 0.50 0.00 0.00 0.00 0.00 0.00 0.00 
 0.00 0.00 0.00 0.00 0.00 0.00 0.00 0.00 0.60 1.00 1.00 0.99 1.00 0.94 0.11 0.00 0.00 0.00 0.00 0.00 
 0.00 0.00 0.00 0.00 0.00 0.00 0.00 0.22 0.99 1.00 0.85 0.58 1.00 1.00 0.66 0.00 0.00 0.00 0.00 0.00 
 0.00 0.00 0.00 0.00 0.00 0.00 0.03 0.78 1.00 0.99 0.33 0.09 0.94 1.00 0.97 0.25 0.00 0.00 0.00 0.00 
 0.00 0.00 0.00 0.00 0.00 0.00 0.38 1.00 1.00 0.74 0.00 0.00 0.44 1.00 1.00 0.80 0.02 0.00 0.00 0.00 
 0.00 0.00 0.00 0.00 0.00 0.08 0.91 1.00 0.97 0.20 0.00 0.00 0.05 0.86 1.00 1.00 0.42 0.00 0.00 0.00 
 0.00 0.00 0.00 0.00 0.00 0.56 1.00 1.00 0.64 0.00 0.00 0.00 0.00 0.33 1.00 1.00 0.89 0.08 0.00 0.00 
 0.00 0.00 0.00 0.00 0.22 0.99 1.00 0.93 0.11 0.00 0.00 0.00 0.00 0.03 0.77 1.00 1.00 0.58 0.00 0.00 
 0.00 0.00 0.00 0.02 0.74 1.00 1.00 0.50 0.00 0.00 0.00 0.00 0.00 0.00 0.25 1.00 1.00 0.96 0.17 0.00 
 