0.00 0.19 0.48 0.63 0.79 0.93 0.45 0.00 0.00 0.00 0.00 0.00 0.00 0.00 0.00 0.00 0.07 0.78 0.78 0.82 
 0.00 0.36 0.68 0.89 1.00 1.00 0.99 0.31 0.00 0.00 0.00 0.00 0.00 0.00 0.00 0.02 0.61 1.00 0.68 0.20 
 0.00 0.00 0.00 0.09 0.80 1.00 1.00 0.88 0.07 0.00 0.00 0.00 0.00 0.00 0.00 0.30 1.00 0.74 0.03 0.00 
 0.00 0.00 0.00 0.00 0.11 0.91 1.00 1.00 0.58 0.00 0.00 0.00 0.00 0.00 0.10 0.89 0.89 0.10 0.00 0.00 
 0.00 0.00 0.00 0.00 0.00 0.31 0.99 1.00 0.96 0.18 0.00 0.00 0.00 0.02 0.64 0.98 0.27 0.00 0.00 0.00 
 0.00 0.00 0.00 0.00 0.00 0.00 0.62 1.00 1.00 0.73 0.02 0.00 0.00 0.32 1.00 0.51 0.00 0.00 0.00 0.00 
 0.00 0.00 0.00 0.00 0.00 0.00 0.09 0.91 1.00 1.00 0.33 0.00 0.10 0.91 0.74 0.02 0.00 0.00 0.00 0.00 
 0.00 0.00 0.00 0.00 0.00 0.00 0.00 0.38 1.00 1.00 0.84 0.05 0.67 0.90 0.11 0.00 0.00 0.00 0.00 0.00 
 0.00 0.00 0.00 0.00 0.00 0.00 0.00 0.03 0.78 1.00 1.00 0.74 0.98 0.30 0.00 0.00 0.00 0.00 0.00 0.00 
 0.00 0.00 0.00 0.00 0.00 0.00 0.00 0.00 0.22 0.99 1.00 1.00 0.57 0.00 0.00 0.00 0.00 0.00 0.00 0.00 
 0.00 0.00 0.00 0.00 0.00 0.00 0.00 0.00 0.00 0.62 1.00 1.00 0.68 0.00 0.00 0.00 0.00 0.00 0.00 0.00 
 0.00 0.00 0.00 0.00 0.00 0.00 0.00 0.00 0.02 0.63 1.00 1.00 0.99 0.31 0.00 0.00 0.00 0.00 0.00 0.00 
 0.00 0.00 0.00 0.00 0.00 0.00 0.00 0.00 0.36 0.99 0.64 1.00 1.00 0.87 0.05 0.00 0.00 0.00 0.00 0.00 
 0.00 0.00 0.00 0.00 0.00 0.00 0.00 0.15 0.94 0.61 0.03 0.76 1.00 1.00 0.55 0.00 0.00 0.00 0.00 0.00 
 0.00 0.00 0.00 0.00 0.00 0.00 0.04 0.77 0.83 0.04 0.00 0.20 0.99 1.00 0.96 0.19 0.00 0.00 0.00 0.00 
 0.00 0.00 0.00 0.00 0.00 0.00 0.51 0.95 0.22 0.00 0.00 0.00 0.57 1.00 1.00 0.77 0.02 0.00 0.00 0.00 
 0.00 0.00 0.00 0.00 0.00 0.26 0.99 0.53 0.00 0.00 0.00 0.00 0.09 0.91 1.00 1.00 0.41 0.00 0.00 0.00 
 0.00 0.00 0.00 0.00 0.09 0.88 0.83 0.04 0.00 0.00 0.00 0.00 0.00 0.41 1.00 1.00 0.91 0.09 0.00 0.00 
 0.00 0.00 0.00 0.02 0.67 0.98 0.26 0.00 0.00 0.00 0.00 0.00 0.00 0.04 0.80 1.00 1.00 0.63 0.00 0.00 
 0.00 0.00 0.00 0.42 1.00 0.62 0.00 0.00 0.00 0.00 0.00 0.00 0.00 0.00 0.26 1.00 1.00 0.99 0.30 0.00 
 