-1.00 -1.00 -1.00 -1.00 -1.00 -1.00 -1.00 -1.00 -1.00 -1.00 -1.00 -1.00 -1.00 -1.00 -1.00 -1.00 -1.00 -1.00 -1.00 -1.00 
 -1.00 -1.00 -1.00 -0.91 0.02 0.04 0.04 -0.52 -1.00 -1.00 -1.00 -1.00 -1.00 -1.00 -1.00 -1.00 -0.28 0.04 0.04 -0.22 
 -1.00 -1.00 -1.00 -1.00 0.19 1.00 1.00 0.73 -0.94 -1.00 -1.00 -1.00 -1.00 -1.00 -1.00 -0.13 1.00 1.00 0.73 -0.76 
 -1.00 -1.00 -1.00 -1.00 -0.87 0.82 1.00 1.00 -0.05 -1.00 -1.00 -1.00 -1.00 -1.00 -0.18 1.00 1.00 0.72 -0.76 -1.00 
 -1.00 -1.00 -1.00 -1.00 -1.00 -0.29 1.00 1.00 0.91 -0.80 -1.00 -1.00 -1.00 -0.23 0.99 1.00 0.71 -0.78 -1.00 -1.00 
 -1.00 -1.00 -1.00 -1.00 -1.00 -0.99 0.47 1.00 1.00 0.25 -1.00 -1.00 -0.28 0.98 1.00 0.69 -0.80 -1.00 -1.00 -1.00 
 -1.00 -1.00 -1.00 -1.00 -1.00 -1.00 -0.70 0.95 1.00 0.99 -0.58 -0.33 0.98 1.00 0.68 -0.80 -1.00 -1.00 -1.00 -1.00 
 -1.00 -1.00 -1.00 -1.00 -1.00 -1.00 -1.00 -0.00 1.00 1.00 0.72 0.97 1.00 0.66 -0.82 -1.00 -1.00 -1.00 -1.00 -1.00 
 -1.00 -1.00 -1.00 -1.00 -1.00 -1.00 -1.00 -0.94 0.70 1.00 1.00 1.00 0.65 -0.83 -1.00 -1.00 -1.00 -1.00 -1.00 -1.00 
 -1.00 -1.00 -1.00 -1.00 -1.00 -1.00 -1.00 -1.00 -0.36 1.00 1.00 0.76 -0.84 -1.00 -1.00 -1.00 -1.00 -1.00 -1.00 -1.00 
 -1.00 -1.00 -1.00 -1.00 -1.00 -1.00 -1.00 -0.83 0.65 1.00 1.00 0.96 -0.67 -1.00 -1.00 -1.00 -1.00 -1.00 -1.00 -1.00 
 -1.00 -1.00 -1.00 -1.00 -1.00 -1.00 -0.82 0.67 1.00 0.74 0.98 1.00 0.51 -0.99 -1.00 -1.00 -1.00 -1.00 -1.00 -1.00 
 -1.00 -1.00 -1.00 -1.00 -1.00 -0.80 0.69 1.00 0.78 -0.76 0.25 1.00 1.00 -0.26 -1.00 -1.00 -1.00 -1.00 -1.00 -1.00 
 -1.00 -1.00 -1.00 -1.00 -0.80 0.69 1.00 0.85 -0.67 -1.00 -0.75 0.95 1.00 0.83 -0.87 -1.00 -1.00 -1.00 -1.00 -1.00 
 -1.00 -1.00 -1.00 -0.78 0.71 1.00 0.91 -0.57 -1.00 -1.00 -1.00 0.14 1.00 1.00 0.18 -1.00 -1.00 -1.00 -1.00 -1.00 
 -1.00 -1.00 -0.76 0.72 1.00 0.95 -0.45 -1.00 -1.00 -1.00 -1.00 -0.82 0.91 1.00 0.98 -0.58 -1.00 -1.00 -1.00 -1.00 
 -1.00 -0.75 0.73 1.00 0.98 -0.33 -1.00 -1.00 -1.00 -1.00 -1.00 -1.00 0.03 1.00 1.00 0.61 -0.97 -1.00 -1.00 -1.00 
 -0.74 0.75 1.00 1.00 -0.18 -1.00 -1.00 -1.00 -1.00 -1.00 -1.00 -1.00 -0.88 0.86 1.00 1.00 -0.15 -1.00 -1.00 -1.00 
 -0.24 0.00 0.00 -0.28 -1.00 -1.00 -1.00 -1.00 -1.00 -1.00 -1.00 -1.00 -1.00 -0.41 0.00 0.00 -0.11 -0.99 -1.00 -1.00 
 -1.00 -1.00 -1.00 -1.00 -1.00 -1.00 -1.00 -1.00 -1.00 -1.00 -1.00 -1.00 -1.00 -1.00 -1.00 -1.00 -1.00 -1.00 -1.00 -1.00 
 