0.00 0.00 0.00 0.00 0.10 0.24 0.24 0.22 0.01 0.00 0.00 0.00 0.00 0.00 0.00 0.00 0.00 0.19 0.24 0.24 
 0.00 0.00 0.00 0.00 0.18 0.99 1.00 1.00 0.30 0.00 0.00 0.00 0.00 0.00 0.00 0.00 0.32 0.99 1.00 0.98 
 0.00 0.00 0.00 0.00 0.00 0.69 1.00 1.00 0.75 0.00 0.00 0.00 0.00 0.00 0.00 0.22 0.96 1.00 0.98 0.38 
 0.00 0.00 0.00 0.00 0.00 0.24 1.00 1.00 0.99 0.22 0.00 0.00 0.00 0.00 0.14 0.90 1.00 0.99 0.47 0.00 
 0.00 0.00 0.00 0.00 0.00 0.02 0.77 1.00 1.00 0.67 0.00 0.00 0.00 0.08 0.83 1.00 1.00 0.55 0.00 0.00 
 0.00 0.00 0.00 0.00 0.00 0.00 0.32 1.00 1.00 0.97 0.14 0.00 0.04 0.74 1.00 1.00 0.64 0.01 0.00 0.00 
 0.00 0.00 0.00 0.00 0.00 0.00 0.03 0.85 1.00 1.00 0.59 0.02 0.63 1.00 1.00 0.71 0.03 0.00 0.00 0.00 
 0.00 0.00 0.00 0.00 0.00 0.00 0.00 0.40 1.00 1.00 0.94 0.56 1.00 1.00 0.78 0.05 0.00 0.00 0.00 0.00 
 0.00 0.00 0.00 0.00 0.00 0.00 0.00 0.05 0.91 1.00 1.00 1.00 1.00 0.84 0.09 0.00 0.00 0.00 0.00 0.00 
 0.00 0.00 0.00 0.00 0.00 0.00 0.00 0.00 0.48 1.00 1.00 1.00 0.89 0.14 0.00 0.00 0.00 0.00 0.00 0.00 
 0.00 0.00 0.00 0.00 0.00 0.00 0.00 0.00 0.41 1.00 1.00 1.00 0.51 0.00 0.00 0.00 0.00 0.00 0.00 0.00 
 0.00 0.00 0.00 0.00 0.00 0.00 0.00 0.29 0.98 1.00 1.00 1.00 0.87 0.03 0.00 0.00 0.00 0.00 0.00 0.00 
 0.00 0.00 0.00 0.00 0.00 0.00 0.22 0.95 1.00 0.97 0.96 1.00 1.00 0.38 0.00 0.00 0.00 0.00 0.00 0.00 
 0.00 0.00 0.00 0.00 0.00 0.15 0.91 1.00 0.99 0.43 0.57 1.00 1.00 0.82 0.01 0.00 0.00 0.00 0.00 0.00 
 0.00 0.00 0.00 0.00 0.10 0.85 1.00 1.00 0.55 0.00 0.16 0.98 1.00 1.00 0.31 0.00 0.00 0.00 0.00 0.00 
 0.00 0.00 0.00 0.06 0.78 1.00 1.00 0.67 0.01 0.00 0.00 0.67 1.00 1.00 0.75 0.00 0.00 0.00 0.00 0.00 
 0.00 0.00 0.04 0.70 1.00 1.00 0.77 0.04 0.00 0.00 0.00 0.24 1.00 1.00 0.99 0.23 0.00 0.00 0.00 0.00 
 0.00 0.02 0.61 1.00 1.00 0.85 0.09 0.00 0.00 0.00 0.00 0.01 0.77 1.00 1.00 0.68 0.00 0.00 0.00 0.00 
 0.01 0.52 1.00 1.00 0.91 0.16 0.00 0.00 0.00 0.00 0.00 0.00 0.32 1.00 1.00 0.97 0.16 0.00 0.00 0.00 
 0.41 1.00 1.00 0.96 0.25 0.00 0.00 0.00 0.00 0.00 0.00 0.00 0.04 0.86 1.00 1.00 0.60 0.00 0.00 0.00 
 