-1.00 -1.00 -1.00 -1.00 -1.00 -1.00 -1.00 -1.00 -1.00 -1.00 -1.00 -1.00 -1.00 -1.00 -1.00 -1.00 -1.00 -1.00 -1.00 -1.00 
 -1.00 -1.00 -0.98 -0.82 -0.82 -0.82 -0.82 -0.82 -0.82 -0.82 -0.82 -0.95 -0.98 -0.82 -0.82 -0.82 -0.82 -0.82 -0.82 -0.82 
 -1.00 -1.00 -0.66 1.00 1.00 1.00 1.00 1.00 1.00 1.00 1.00 -0.73 -0.61 1.00 1.00 1.00 1.00 1.00 1.00 1.00 
 -1.00 -1.00 -0.90 -0.36 0.69 1.00 1.00 1.00 0.92 -0.40 -0.63 -0.98 -0.89 -0.62 -0.01 1.00 1.00 0.84 -0.12 -0.62 
 -1.00 -1.00 -1.00 -1.00 -0.75 0.89 1.00 1.00 0.95 -0.77 -1.00 -1.00 -1.00 -1.00 -0.08 1.00 0.65 -0.79 -1.00 -1.00 
 -1.00 -1.00 -1.00 -1.00 -1.00 -0.15 1.00 1.00 1.00 0.37 -1.00 -1.00 -1.00 -0.41 0.95 0.62 -0.84 -1.00 -1.00 -1.00 
 -1.00 -1.00 -1.00 -1.00 -1.00 -0.98 0.58 1.00 1.00 1.00 -0.40 -1.00 -0.41 0.95 0.60 -0.86 -1.00 -1.00 -1.00 -1.00 
 -1.00 -1.00 -1.00 -1.00 -1.00 -1.00 -0.62 0.98 1.00 1.00 0.76 -0.31 0.95 0.57 -0.87 -1.00 -1.00 -1.00 -1.00 -1.00 
 -1.00 -1.00 -1.00 -1.00 -1.00 -1.00 -1.00 0.11 1.00 1.00 1.00 1.00 0.54 -0.89 -1.00 -1.00 -1.00 -1.00 -1.00 -1.00 
 -1.00 -1.00 -1.00 -1.00 -1.00 -1.00 -1.00 -0.91 0.76 1.00 1.00 1.00 -0.63 -1.00 -1.00 -1.00 -1.00 -1.00 -1.00 -1.00 
 -1.00 -1.00 -1.00 -1.00 -1.00 -1.00 -1.00 -1.00 0.09 1.00 1.00 1.00 0.36 -1.00 -1.00 -1.00 -1.00 -1.00 -1.00 -1.00 
 -1.00 -1.00 -1.00 -1.00 -1.00 -1.00 -1.00 -0.20 0.99 0.92 1.00 1.00 1.00 -0.49 -1.00 -1.00 -1.00 -1.00 -1.00 -1.00 
 -1.00 -1.00 -1.00 -1.00 -1.00 -1.00 -0.15 0.99 0.38 -0.65 0.96 1.00 1.00 0.63 -0.98 -1.00 -1.00 -1.00 -1.00 -1.00 
 -1.00 -1.00 -1.00 -1.00 -1.00 -0.11 1.00 0.40 -0.95 -1.00 0.10 1.00 1.00 1.00 -0.20 -1.00 -1.00 -1.00 -1.00 -1.00 
 -1.00 -1.00 -1.00 -1.00 -0.07 1.00 0.40 -0.95 -1.00 -1.00 -0.88 0.82 1.00 1.00 0.83 -0.88 -1.00 -1.00 -1.00 -1.00 
 -1.00 -1.00 -0.98 0.04 1.00 0.54 -0.95 -1.00 -1.00 -1.00 -1.00 -0.16 1.00 1.00 1.00 0.14 -1.00 -1.00 -1.00 -1.00 
 -0.93 -0.49 0.51 1.00 1.00 0.32 -0.91 -0.97 -1.00 -0.98 -0.89 -0.17 1.00 1.00 1.00 1.00 0.02 -0.80 -0.98 -1.00 
 0.77 1.00 1.00 1.00 1.00 1.00 1.00 0.02 -1.00 0.02 1.00 1.00 1.00 1.00 1.00 1.00 1.00 1.00 -0.36 -1.00 
 -0.52 -0.51 -0.51 -0.51 -0.51 -0.51 -0.51 -0.80 -1.00 -0.70 -0.51 -0.51 -0.51 -0.51 -0.51 -0.51 -0.51 -0.51 -0.89 -1.00 
 -1.00 -1.00 -1.00 -1.00 -1.00 -1.00 -1.00 -1.00 -1.00 -1.00 -1.00 -1.00 -1.00 -1.00 -1.00 -1.00 -1.00 -1.00 -1.00 -1.00 
 