0.00 0.00 0.00 0.00 0.19 0.45 0.45 0.25 0.00 0.00 0.00 0.00 0.00 0.00 0.00 0.00 0.03 0.44 0.45 0.42 
 0.00 0.00 0.00 0.00 0.10 0.97 1.00 0.85 0.01 0.00 0.00 0.00 0.00 0.00 0.00 0.01 0.66 1.00 0.98 0.30 
 0.00 0.00 0.00 0.00 0.00 0.60 1.00 1.00 0.30 0.00 0.00 0.00 0.00 0.00 0.00 0.54 1.00 1.00 0.38 0.00 
 0.00 0.00 0.00 0.00 0.00 0.15 0.99 1.00 0.73 0.00 0.00 0.00 0.00 0.00 0.41 1.00 1.00 0.47 0.00 0.00 
 0.00 0.00 0.00 0.00 0.00 0.00 0.66 1.00 1.00 0.18 0.00 0.00 0.00 0.29 0.99 1.00 0.56 0.00 0.00 0.00 
 0.00 0.00 0.00 0.00 0.00 0.00 0.20 1.00 1.00 0.61 0.00 0.00 0.20 0.95 1.00 0.64 0.01 0.00 0.00 0.00 
 0.00 0.00 0.00 0.00 0.00 0.00 0.00 0.72 1.00 0.97 0.08 0.12 0.90 1.00 0.72 0.02 0.00 0.00 0.00 0.00 
 0.00 0.00 0.00 0.00 0.00 0.00 0.00 0.25 1.00 1.00 0.55 0.83 1.00 0.79 0.05 0.00 0.00 0.00 0.00 0.00 
 0.00 0.00 0.00 0.00 0.00 0.00 0.00 0.00 0.78 1.00 1.00 1.00 0.84 0.08 0.00 0.00 0.00 0.00 0.00 0.00 
 0.00 0.00 0.00 0.00 0.00 0.00 0.00 0.00 0.34 1.00 1.00 0.92 0.12 0.00 0.00 0.00 0.00 0.00 0.00 0.00 
 0.00 0.00 0.00 0.00 0.00 0.00 0.00 0.03 0.75 1.00 1.00 0.96 0.09 0.00 0.00 0.00 0.00 0.00 0.00 0.00 
 0.00 0.00 0.00 0.00 0.00 0.00 0.01 0.68 1.00 0.93 1.00 1.00 0.53 0.00 0.00 0.00 0.00 0.00 0.00 0.00 
 0.00 0.00 0.00 0.00 0.00 0.00 0.59 1.00 0.96 0.20 0.75 1.00 0.94 0.06 0.00 0.00 0.00 0.00 0.00 0.00 
 0.00 0.00 0.00 0.00 0.00 0.50 1.00 0.99 0.30 0.00 0.30 1.00 1.00 0.48 0.00 0.00 0.00 0.00 0.00 0.00 
 0.00 0.00 0.00 0.00 0.41 1.00 1.00 0.42 0.00 0.00 0.01 0.85 1.00 0.92 0.04 0.00 0.00 0.00 0.00 0.00 
 0.00 0.00 0.00 0.32 0.99 1.00 0.55 0.00 0.00 0.00 0.00 0.42 1.00 1.00 0.44 0.00 0.00 0.00 0.00 0.00 
 0.00 0.00 0.25 0.97 1.00 0.68 0.01 0.00 0.00 0.00 0.00 0.05 0.94 1.00 0.89 0.03 0.00 0.00 0.00 0.00 
 0.00 0.18 0.94 1.00 0.78 0.04 0.00 0.00 0.00 0.00 0.00 0.00 0.54 1.00 1.00 0.40 0.00 0.00 0.00 0.00 
 0.13 0.90 1.00 0.87 0.09 0.00 0.00 0.00 0.00 0.00 0.00 0.00 0.12 0.98 1.00 0.86 0.02 0.00 0.00 0.00 
 0.44 0.59 0.59 0.15 0.00 0.00 0.00 0.00 0.00 0.00 0.00 0.00 0.00 0.44 0.59 0.59 0.15 0.00 0.00 0.00 
 