-1.00 -1.00 -1.00 -1.00 -1.00 -1.00 -1.00 -1.00 -1.00 -1.00 -1.00 -1.00 -1.00 -1.00 -1.00 -1.00 -1.00 -1.00 -1.00 -1.00 
 -1.00 -1.00 -1.00 0.33 0.52 0.52 0.52 0.52 0.52 0.52 0.52 -0.91 -1.00 -0.32 0.52 0.52 0.52 0.52 0.52 0.52 
 -1.00 -1.00 -0.98 0.42 0.81 1.00 1.00 1.00 1.00 0.63 0.27 -1.00 -1.00 -0.25 0.53 0.95 1.00 1.00 0.77 0.43 
 -1.00 -1.00 -1.00 -1.00 -1.00 0.24 1.00 1.00 0.98 -0.81 -1.00 -1.00 -1.00 -1.00 -0.91 0.72 1.00 -0.13 -1.00 -1.00 
 -1.00 -1.00 -1.00 -1.00 -1.00 -0.75 0.95 1.00 1.00 0.06 -1.00 -1.00 -1.00 -0.97 0.40 1.00 0.03 -1.00 -1.00 -1.00 
 -1.00 -1.00 -1.00 -1.00 -1.00 -1.00 0.16 1.00 1.00 0.88 -0.87 -1.00 -0.99 0.18 1.00 0.18 -0.99 -1.00 -1.00 -1.00 
 -1.00 -1.00 -1.00 -1.00 -1.00 -1.00 -0.80 0.93 1.00 1.00 -0.05 -1.00 -0.07 1.00 0.33 -0.98 -1.00 -1.00 -1.00 -1.00 
 -1.00 -1.00 -1.00 -1.00 -1.00 -1.00 -1.00 0.08 1.00 1.00 0.83 -0.23 0.99 0.46 -0.95 -1.00 -1.00 -1.00 -1.00 -1.00 
 -1.00 -1.00 -1.00 -1.00 -1.00 -1.00 -1.00 -0.84 0.89 1.00 1.00 1.00 0.58 -0.91 -1.00 -1.00 -1.00 -1.00 -1.00 -1.00 
 -1.00 -1.00 -1.00 -1.00 -1.00 -1.00 -1.00 -1.00 0.01 1.00 1.00 1.00 -0.73 -1.00 -1.00 -1.00 -1.00 -1.00 -1.00 -1.00 
 -1.00 -1.00 -1.00 -1.00 -1.00 -1.00 -1.00 -1.00 -0.15 1.00 1.00 1.00 0.03 -1.00 -1.00 -1.00 -1.00 -1.00 -1.00 -1.00 
 -1.00 -1.00 -1.00 -1.00 -1.00 -1.00 -1.00 -0.36 0.98 0.79 1.00 1.00 0.91 -0.84 -1.00 -1.00 -1.00 -1.00 -1.00 -1.00 
 -1.00 -1.00 -1.00 -1.00 -1.00 -1.00 -0.50 0.94 0.66 -0.84 0.78 1.00 1.00 0.11 -1.00 -1.00 -1.00 -1.00 -1.00 -1.00 
 -1.00 -1.00 -1.00 -1.00 -1.00 -0.62 0.88 0.80 -0.76 -1.00 -0.09 1.00 1.00 0.93 -0.79 -1.00 -1.00 -1.00 -1.00 -1.00 
 -1.00 -1.00 -1.00 -1.00 -0.73 0.81 0.91 -0.60 -1.00 -1.00 -0.88 0.88 1.00 1.00 0.18 -1.00 -1.00 -1.00 -1.00 -1.00 
 -1.00 -1.00 -1.00 -0.81 0.73 0.98 -0.40 -1.00 -1.00 -1.00 -1.00 0.08 1.00 1.00 0.96 -0.74 -1.00 -1.00 -1.00 -1.00 
 -1.00 -1.00 -0.88 0.62 1.00 -0.16 -1.00 -1.00 -1.00 -1.00 -1.00 -0.78 0.96 1.00 1.00 0.25 -1.00 -1.00 -1.00 -1.00 
 -0.32 0.10 0.63 1.00 1.00 0.24 -0.08 -0.87 -1.00 -1.00 -0.44 0.12 0.94 1.00 1.00 0.98 0.22 -0.06 -0.85 -1.00 
 0.82 0.98 0.98 0.98 0.98 0.98 0.97 -0.88 -1.00 -1.00 0.55 0.98 0.98 0.98 0.98 0.98 0.98 0.98 -0.84 -1.00 
 -1.00 -1.00 -1.00 -1.00 -1.00 -1.00 -1.00 -1.00 -1.00 -1.00 -1.00 -1.00 -1.00 -1.00 -1.00 -1.00 -1.00 -1.00 -1.00 -1.00 
 