-1.00 -1.00 -1.00 -1.00 -1.00 -1.00 -1.00 -1.00 -1.00 -1.00 -1.00 -1.00 -1.00 -1.00 -1.00 -1.00 -1.00 -1.00 -1.00 -1.00 
 -1.00 -1.00 -0.97 -0.63 -0.30 0.04 0.37 0.16 -0.99 -1.00 -1.00 -1.00 -1.00 -1.00 -1.00 -1.00 -0.92 -0.11 -0.09 -0.09 
 -1.00 -1.00 -0.73 0.96 1.00 1.00 1.00 1.00 -0.16 -1.00 -1.00 -1.00 -1.00 -1.00 -1.00 -0.98 0.36 1.00 0.69 0.25 
 -1.00 -1.00 -1.00 -0.98 -0.40 0.89 1.00 1.00 0.91 -0.80 -1.00 -1.00 -1.00 -1.00 -0.99 0.13 1.00 0.40 -0.95 -1.00 
 -1.00 -1.00 -1.00 -1.00 -1.00 -0.14 1.00 1.00 1.00 0.11 -1.00 -1.00 -1.00 -1.00 -0.12 1.00 0.36 -0.95 -1.00 -1.00 
 -1.00 -1.00 -1.00 -1.00 -1.00 -0.94 0.76 1.00 1.00 0.92 -0.83 -1.00 -1.00 -0.35 0.98 0.33 -0.96 -1.00 -1.00 -1.00 
 -1.00 -1.00 -1.00 -1.00 -1.00 -1.00 -0.22 1.00 1.00 1.00 0.06 -1.00 -0.55 0.93 0.29 -0.97 -1.00 -1.00 -1.00 -1.00 
 -1.00 -1.00 -1.00 -1.00 -1.00 -1.00 -0.96 0.71 1.00 1.00 0.90 -0.58 0.84 0.25 -0.98 -1.00 -1.00 -1.00 -1.00 -1.00 
 -1.00 -1.00 -1.00 -1.00 -1.00 -1.00 -1.00 -0.30 1.00 1.00 1.00 0.96 0.22 -0.98 -1.00 -1.00 -1.00 -1.00 -1.00 -1.00 
 -1.00 -1.00 -1.00 -1.00 -1.00 -1.00 -1.00 -0.98 0.64 1.00 1.00 0.86 -0.95 -1.00 -1.00 -1.00 -1.00 -1.00 -1.00 -1.00 
 -1.00 -1.00 -1.00 -1.00 -1.00 -1.00 -1.00 -1.00 -0.25 1.00 1.00 1.00 -0.12 -1.00 -1.00 -1.00 -1.00 -1.00 -1.00 -1.00 
 -1.00 -1.00 -1.00 -1.00 -1.00 -1.00 -1.00 -0.72 0.76 0.87 1.00 1.00 0.87 -0.84 -1.00 -1.00 -1.00 -1.00 -1.00 -1.00 
 -1.00 -1.00 -1.00 -1.00 -1.00 -1.00 -0.70 0.78 0.54 -0.74 0.93 1.00 1.00 0.17 -1.00 -1.00 -1.00 -1.00 -1.00 -1.00 
 -1.00 -1.00 -1.00 -1.00 -1.00 -0.69 0.80 0.64 -0.87 -1.00 0.13 1.00 1.00 0.97 -0.66 -1.00 -1.00 -1.00 -1.00 -1.00 
 -1.00 -1.00 -1.00 -1.00 -0.68 0.80 0.73 -0.80 -1.00 -1.00 -0.80 0.94 1.00 1.00 0.45 -0.99 -1.00 -1.00 -1.00 -1.00 
 -1.00 -1.00 -1.00 -0.67 0.82 0.81 -0.73 -1.00 -1.00 -1.00 -1.00 0.15 1.00 1.00 1.00 -0.40 -1.00 -1.00 -1.00 -1.00 
 -1.00 -1.00 -0.65 0.83 0.95 -0.55 -1.00 -1.00 -1.00 -1.00 -1.00 -0.77 0.95 1.00 1.00 0.70 -0.95 -1.00 -1.00 -1.00 
 -0.88 -0.44 0.84 1.00 -0.15 -1.00 -1.00 -1.00 -1.00 -1.00 -1.00 -1.00 0.19 1.00 1.00 1.00 0.22 -0.68 -0.96 -1.00 
 0.77 0.92 0.92 0.25 -0.99 -1.00 -1.00 -1.00 -1.00 -1.00 -1.00 -1.00 -0.76 0.91 0.99 0.94 0.98 1.00 -0.78 -1.00 
 -1.00 -1.00 -1.00 -1.00 -1.00 -1.00 -1.00 -1.00 -1.00 -1.00 -1.00 -1.00 -1.00 -0.91 -0.97 -1.00 -0.99 -0.90 -0.99 -1.00 
 