-1.00 -1.00 -1.00 -0.79 -0.67 -0.67 -0.67 -0.67 -0.67 -0.67 -0.67 -0.69 -1.00 -0.91 -0.67 -0.67 -0.67 -0.67 -0.67 -0.67 
 -1.00 -1.00 -1.00 -0.36 0.24 0.98 1.00 1.00 1.00 1.00 0.47 -0.12 -1.00 -0.69 0.22 0.98 1.00 1.00 0.69 0.11 
 -1.00 -1.00 -1.00 -1.00 -1.00 -0.16 1.00 1.00 1.00 0.87 -0.98 -1.00 -1.00 -1.00 -0.96 0.84 0.96 -0.17 -0.98 -1.00 
 -1.00 -1.00 -1.00 -1.00 -1.00 -0.98 0.61 1.00 1.00 1.00 -0.76 -1.00 -1.00 -1.00 -0.03 0.99 -0.30 -1.00 -1.00 -1.00 
 -1.00 -1.00 -1.00 -1.00 -1.00 -1.00 -0.37 1.00 1.00 1.00 -0.03 -1.00 -1.00 -0.33 0.98 -0.04 -1.00 -1.00 -1.00 -1.00 
 -1.00 -1.00 -1.00 -1.00 -1.00 -1.00 -0.98 0.65 1.00 1.00 0.80 -0.94 -0.47 0.95 0.25 -0.99 -1.00 -1.00 -1.00 -1.00 
 -1.00 -1.00 -1.00 -1.00 -1.00 -1.00 -1.00 -0.31 1.00 1.00 1.00 0.15 0.87 0.49 -0.95 -1.00 -1.00 -1.00 -1.00 -1.00 
 -1.00 -1.00 -1.00 -1.00 -1.00 -1.00 -1.00 -0.98 0.69 1.00 1.00 1.00 0.69 -0.86 -1.00 -1.00 -1.00 -1.00 -1.00 -1.00 
 -1.00 -1.00 -1.00 -1.00 -1.00 -1.00 -1.00 -1.00 -0.25 1.00 1.00 1.00 -0.11 -1.00 -1.00 -1.00 -1.00 -1.00 -1.00 -1.00 
 -1.00 -1.00 -1.00 -1.00 -1.00 -1.00 -1.00 -1.00 -0.96 0.76 1.00 1.00 0.74 -0.96 -1.00 -1.00 -1.00 -1.00 -1.00 -1.00 
 -1.00 -1.00 -1.00 -1.00 -1.00 -1.00 -1.00 -1.00 -0.50 0.95 1.00 1.00 1.00 -0.25 -1.00 -1.00 -1.00 -1.00 -1.00 -1.00 
 -1.00 -1.00 -1.00 -1.00 -1.00 -1.00 -1.00 -0.69 0.87 0.41 0.98 1.00 1.00 0.69 -0.98 -1.00 -1.00 -1.00 -1.00 -1.00 
 -1.00 -1.00 -1.00 -1.00 -1.00 -1.00 -0.84 0.73 0.57 -0.94 0.31 1.00 1.00 1.00 -0.31 -1.00 -1.00 -1.00 -1.00 -1.00 
 -1.00 -1.00 -1.00 -1.00 -1.00 -0.94 0.54 0.80 -0.79 -1.00 -0.65 0.99 1.00 1.00 0.65 -0.98 -1.00 -1.00 -1.00 -1.00 
 -1.00 -1.00 -1.00 -1.00 -0.98 0.30 0.95 -0.55 -1.00 -1.00 -1.00 0.38 1.00 1.00 1.00 -0.37 -1.00 -1.00 -1.00 -1.00 
 -1.00 -1.00 -1.00 -1.00 0.03 1.00 -0.22 -1.00 -1.00 -1.00 -1.00 -0.58 1.00 1.00 1.00 0.59 -0.99 -1.00 -1.00 -1.00 
 -1.00 -1.00 -1.00 -0.25 1.00 0.16 -1.00 -1.00 -1.00 -1.00 -1.00 -1.00 0.45 1.00 1.00 1.00 -0.40 -1.00 -1.00 -1.00 
 -1.00 -1.00 -0.37 0.97 0.67 -0.95 -1.00 -1.00 -1.00 -1.00 -1.00 -1.00 -0.29 1.00 1.00 1.00 0.73 -0.88 -1.00 -1.00 
 -0.54 0.11 0.98 1.00 0.51 -0.55 -0.97 -1.00 -1.00 -1.00 -0.94 -0.48 0.41 1.00 1.00 1.00 1.00 0.58 -0.43 -0.94 
 -0.15 -0.13 -0.13 -0.13 -0.13 -0.14 -0.98 -1.00 -1.00 -1.00 -0.82 -0.13 -0.13 -0.13 -0.13 -0.13 -0.13 -0.13 -0.13 -0.91 
 