-1.00 -1.00 -1.00 -1.00 -1.00 -1.00 -1.00 -1.00 -1.00 -1.00 -1.00 -1.00 -1.00 -1.00 -1.00 -1.00 -1.00 -1.00 -1.00 -1.00 
 -1.00 -1.00 -1.00 -0.69 -0.40 -0.40 -0.40 -0.40 -0.40 -0.47 -0.95 -1.00 -0.99 -0.55 -0.40 -0.40 -0.40 -0.40 -0.40 -0.57 
 -1.00 -1.00 -0.63 0.98 1.00 1.00 1.00 1.00 1.00 1.00 -0.22 -1.00 -0.18 1.00 1.00 1.00 1.00 1.00 1.00 1.00 
 -1.00 -1.00 -0.52 0.98 1.00 1.00 1.00 1.00 1.00 0.89 -0.65 -1.00 -0.07 1.00 1.00 1.00 1.00 1.00 1.00 0.70 
 -1.00 -1.00 -1.00 -0.91 -0.83 -0.62 0.93 1.00 0.29 -0.95 -1.00 -1.00 -1.00 -0.38 0.98 1.00 -0.09 -0.83 -0.84 -0.98 
 -1.00 -1.00 -1.00 -1.00 -1.00 -1.00 -0.05 1.00 0.98 -0.63 -1.00 -1.00 -0.65 0.87 1.00 0.01 -1.00 -1.00 -1.00 -1.00 
 -1.00 -1.00 -1.00 -1.00 -1.00 -1.00 -0.95 0.65 1.00 0.51 -0.99 -0.76 0.79 1.00 0.14 -0.99 -1.00 -1.00 -1.00 -1.00 
 -1.00 -1.00 -1.00 -1.00 -1.00 -1.00 -1.00 -0.55 0.99 1.00 -0.18 0.68 1.00 0.25 -0.98 -1.00 -1.00 -1.00 -1.00 -1.00 
 -1.00 -1.00 -1.00 -1.00 -1.00 -1.00 -1.00 -1.00 0.18 1.00 1.00 1.00 0.36 -0.97 -1.00 -1.00 -1.00 -1.00 -1.00 -1.00 
 -1.00 -1.00 -1.00 -1.00 -1.00 -1.00 -1.00 -1.00 -0.87 0.84 1.00 0.49 -0.95 -1.00 -1.00 -1.00 -1.00 -1.00 -1.00 -1.00 
 -1.00 -1.00 -1.00 -1.00 -1.00 -1.00 -1.00 -1.00 -0.28 0.99 1.00 0.62 -0.97 -1.00 -1.00 -1.00 -1.00 -1.00 -1.00 -1.00 
 -1.00 -1.00 -1.00 -1.00 -1.00 -1.00 -1.00 -0.39 0.97 0.73 0.66 1.00 -0.09 -1.00 -1.00 -1.00 -1.00 -1.00 -1.00 -1.00 
 -1.00 -1.00 -1.00 -1.00 -1.00 -1.00 -0.48 0.94 0.86 -0.69 -0.44 1.00 0.91 -0.75 -1.00 -1.00 -1.00 -1.00 -1.00 -1.00 
 -1.00 -1.00 -1.00 -1.00 -1.00 -0.57 0.91 0.95 -0.51 -1.00 -0.99 0.46 1.00 0.41 -0.99 -1.00 -1.00 -1.00 -1.00 -1.00 
 -1.00 -1.00 -1.00 -1.00 -0.65 0.86 0.99 -0.30 -1.00 -1.00 -1.00 -0.63 0.98 1.00 -0.33 -1.00 -1.00 -1.00 -1.00 -1.00 
 -1.00 -1.00 -1.00 -0.73 0.80 1.00 -0.05 -1.00 -1.00 -1.00 -1.00 -1.00 0.25 1.00 0.80 -0.87 -1.00 -1.00 -1.00 -1.00 
 -0.04 0.72 0.75 0.89 1.00 1.00 0.73 0.03 -1.00 -1.00 -0.78 0.51 0.83 1.00 1.00 0.83 0.75 0.65 -0.68 -1.00 
 0.93 1.00 1.00 1.00 1.00 1.00 1.00 0.40 -1.00 -1.00 -0.18 1.00 1.00 1.00 1.00 1.00 1.00 1.00 -0.50 -1.00 
 -0.33 0.02 0.02 0.02 0.02 0.02 -0.04 -0.77 -1.00 -1.00 -0.82 -0.04 0.02 0.02 0.02 0.02 0.02 -0.30 -0.99 -1.00 
 -1.00 -1.00 -1.00 -1.00 -1.00 -1.00 -1.00 -1.00 -1.00 -1.00 -1.00 -1.00 -1.00 -1.00 -1.00 -1.00 -1.00 -1.00 -1.00 -1.00 
 