-1.00 -1.00 -1.00 -1.00 -1.00 -1.00 -1.00 -1.00 -1.00 -1.00 -1.00 -1.00 -1.00 -1.00 -1.00 -1.00 -1.00 -1.00 -1.00 -1.00 
 -1.00 -1.00 -1.00 -1.00 -1.00 -1.00 -1.00 -1.00 -1.00 -1.00 -1.00 -1.00 -1.00 -1.00 -1.00 -1.00 -1.00 -1.00 -1.00 -1.00 
 -1.00 -1.00 -1.00 -0.48 -0.26 -0.26 -0.26 -0.26 -0.26 -0.26 -0.32 -1.00 -1.00 -0.76 -0.26 -0.26 -0.26 -0.26 -0.26 -0.26 
 -1.00 -1.00 -1.00 0.01 0.82 1.00 1.00 1.00 1.00 0.69 0.03 -1.00 -1.00 -0.51 0.61 1.00 1.00 1.00 0.87 0.36 
 -1.00 -1.00 -1.00 -1.00 -0.91 0.47 1.00 1.00 1.00 -0.66 -1.00 -1.00 -1.00 -1.00 -0.42 1.00 0.80 -0.25 -0.95 -1.00 
 -1.00 -1.00 -1.00 -1.00 -1.00 -0.85 0.82 1.00 1.00 0.22 -1.00 -1.00 -1.00 -0.68 0.80 0.41 -0.86 -1.00 -1.00 -1.00 
 -1.00 -1.00 -1.00 -1.00 -1.00 -1.00 -0.31 1.00 1.00 1.00 -0.47 -1.00 -0.62 0.84 0.16 -0.98 -1.00 -1.00 -1.00 -1.00 
 -1.00 -1.00 -1.00 -1.00 -1.00 -1.00 -0.99 0.44 1.00 1.00 0.75 -0.46 0.87 -0.02 -0.99 -1.00 -1.00 -1.00 -1.00 -1.00 
 -1.00 -1.00 -1.00 -1.00 -1.00 -1.00 -1.00 -0.73 0.92 1.00 1.00 0.98 -0.20 -1.00 -1.00 -1.00 -1.00 -1.00 -1.00 -1.00 
 -1.00 -1.00 -1.00 -1.00 -1.00 -1.00 -1.00 -1.00 -0.07 1.00 1.00 0.98 -0.61 -1.00 -1.00 -1.00 -1.00 -1.00 -1.00 -1.00 
 -1.00 -1.00 -1.00 -1.00 -1.00 -1.00 -1.00 -0.92 0.43 0.99 1.00 1.00 0.58 -0.98 -1.00 -1.00 -1.00 -1.00 -1.00 -1.00 
 -1.00 -1.00 -1.00 -1.00 -1.00 -1.00 -0.89 0.50 0.69 -0.49 0.96 1.00 1.00 -0.18 -1.00 -1.00 -1.00 -1.00 -1.00 -1.00 
 -1.00 -1.00 -1.00 -1.00 -1.00 -0.86 0.58 0.62 -0.83 -1.00 0.15 1.00 1.00 0.87 -0.81 -1.00 -1.00 -1.00 -1.00 -1.00 
 -1.00 -1.00 -1.00 -1.00 -0.82 0.64 0.55 -0.87 -1.00 -1.00 -0.83 0.90 1.00 1.00 0.29 -1.00 -1.00 -1.00 -1.00 -1.00 
 -1.00 -1.00 -1.00 -0.76 0.70 0.52 -0.91 -1.00 -1.00 -1.00 -1.00 -0.03 1.00 1.00 1.00 -0.45 -1.00 -1.00 -1.00 -1.00 
 -1.00 -1.00 -0.50 0.80 1.00 -0.54 -1.00 -1.00 -1.00 -1.00 -1.00 -0.62 1.00 1.00 1.00 0.81 -0.73 -1.00 -1.00 -1.00 
 -0.22 0.44 0.99 1.00 1.00 0.65 -0.03 -0.98 -1.00 -0.84 -0.03 0.65 1.00 1.00 1.00 1.00 0.88 0.14 -0.74 -1.00 
 0.06 0.11 0.11 0.11 0.11 0.11 0.05 -1.00 -1.00 -0.69 0.11 0.11 0.11 0.11 0.11 0.11 0.11 0.11 -0.73 -1.00 
 -1.00 -1.00 -1.00 -1.00 -1.00 -1.00 -1.00 -1.00 -1.00 -1.00 -1.00 -1.00 -1.00 -1.00 -1.00 -1.00 -1.00 -1.00 -1.00 -1.00 
 -1.00 -1.00 -1.00 -1.00 -1.00 -1.00 -1.00 -1.00 -1.00 -1.00 -1.00 -1.00 -1.00 -1.00 -1.00 -1.00 -1.00 -1.00 -1.00 -1.00 
 