-0.29 0.32 0.32 0.32 0.32 0.32 0.23 -0.87 -1.00 -1.00 -1.00 -1.00 -0.64 0.30 0.32 0.32 0.32 0.32 0.30 -0.58 
 0.53 1.00 1.00 1.00 1.00 1.00 1.00 -0.50 -1.00 -1.00 -1.00 -1.00 -0.03 1.00 1.00 1.00 1.00 1.00 1.00 0.06 
 -0.64 -0.18 -0.18 0.48 1.00 0.58 -0.26 -0.97 -1.00 -1.00 -1.00 -1.00 -0.85 -0.19 0.79 1.00 0.24 -0.18 -0.18 -0.82 
 -1.00 -1.00 -1.00 -0.87 0.73 0.98 -0.46 -1.00 -1.00 -1.00 -1.00 -1.00 -1.00 -0.16 1.00 0.45 -0.98 -1.00 -1.00 -1.00 
 -1.00 -1.00 -1.00 -1.00 -0.65 0.91 0.84 -0.77 -1.00 -1.00 -1.00 -1.00 -0.61 0.95 0.76 -0.84 -1.00 -1.00 -1.00 -1.00 
 -1.00 -1.00 -1.00 -1.00 -1.00 -0.33 1.00 0.56 -0.95 -1.00 -1.00 -0.88 0.73 0.95 -0.57 -1.00 -1.00 -1.00 -1.00 -1.00 
 -1.00 -1.00 -1.00 -1.00 -1.00 -1.00 0.08 1.00 0.15 -1.00 -0.99 0.33 1.00 -0.16 -1.00 -1.00 -1.00 -1.00 -1.00 -1.00 
 -1.00 -1.00 -1.00 -1.00 -1.00 -1.00 -0.97 0.46 1.00 -0.30 -0.16 1.00 0.29 -0.99 -1.00 -1.00 -1.00 -1.00 -1.00 -1.00 
 -1.00 -1.00 -1.00 -1.00 -1.00 -1.00 -1.00 -0.84 0.75 0.91 0.95 0.65 -0.91 -1.00 -1.00 -1.00 -1.00 -1.00 -1.00 -1.00 
 -1.00 -1.00 -1.00 -1.00 -1.00 -1.00 -1.00 -1.00 -0.60 0.98 0.96 -0.69 -1.00 -1.00 -1.00 -1.00 -1.00 -1.00 -1.00 -1.00 
 -1.00 -1.00 -1.00 -1.00 -1.00 -1.00 -1.00 -1.00 -0.07 1.00 1.00 -0.15 -1.00 -1.00 -1.00 -1.00 -1.00 -1.00 -1.00 -1.00 
 -1.00 -1.00 -1.00 -1.00 -1.00 -1.00 -1.00 -0.50 0.98 0.21 0.29 0.96 -0.52 -1.00 -1.00 -1.00 -1.00 -1.00 -1.00 -1.00 
 -1.00 -1.00 -1.00 -1.00 -1.00 -1.00 -0.80 0.81 0.68 -0.91 -0.90 0.70 0.82 -0.79 -1.00 -1.00 -1.00 -1.00 -1.00 -1.00 
 -1.00 -1.00 -1.00 -1.00 -1.00 -0.96 0.53 0.95 -0.63 -1.00 -1.00 -0.63 0.94 0.57 -0.95 -1.00 -1.00 -1.00 -1.00 -1.00 
 -1.00 -1.00 -1.00 -1.00 -1.00 0.11 1.00 -0.15 -1.00 -1.00 -1.00 -1.00 -0.19 1.00 0.20 -1.00 -1.00 -1.00 -1.00 -1.00 
 -1.00 -1.00 -1.00 -1.00 -0.34 1.00 0.40 -0.99 -1.00 -1.00 -1.00 -1.00 -0.99 0.31 1.00 -0.21 -1.00 -1.00 -1.00 -1.00 
 -1.00 -1.00 -1.00 -0.69 0.89 0.80 -0.84 -1.00 -1.00 -1.00 -1.00 -1.00 -1.00 -0.89 0.71 0.95 -0.56 -1.00 -1.00 -1.00 
 -0.69 -0.47 -0.47 0.65 1.00 0.04 -0.68 -1.00 -1.00 -1.00 -1.00 -1.00 -1.00 -0.75 -0.09 1.00 0.79 -0.44 -0.47 -0.62 
 0.93 1.00 1.00 1.00 1.00 1.00 0.94 -0.95 -1.00 -1.00 -1.00 -1.00 -1.00 0.73 1.00 1.00 1.00 1.00 1.00 0.99 
 0.31 0.61 0.61 0.61 0.61 0.61 0.33 -0.99 -1.00 -1.00 -1.00 -1.00 -1.00 0.13 0.61 0.61 0.61 0.61 0.61 0.45 
 