0.00 0.00 0.00 0.74 1.00 1.00 1.00 1.00 0.30 0.00 0.14 1.00 1.00 1.00 1.00 1.00 0.32 0.00 0.00 0.00 
 0.00 0.00 0.00 0.47 1.00 1.00 1.00 1.00 0.52 0.00 0.32 1.00 1.00 1.00 1.00 0.95 0.07 0.00 0.00 0.00 
 0.00 0.00 0.00 0.20 1.00 1.00 1.00 1.00 0.72 0.00 0.53 1.00 1.00 1.00 1.00 0.82 0.00 0.00 0.00 0.00 
 0.00 0.00 0.00 0.05 0.91 1.00 1.00 1.00 0.88 0.00 0.74 1.00 1.00 1.00 1.00 0.56 0.00 0.00 0.00 0.00 
 0.00 0.00 0.00 0.00 0.63 1.00 1.00 1.00 0.99 0.18 0.93 1.00 1.00 1.00 1.00 0.29 0.00 0.00 0.00 0.00 
 0.00 0.00 0.00 0.00 0.36 1.00 1.00 1.00 1.00 0.45 1.00 1.00 1.00 1.00 0.94 0.05 0.00 0.00 0.00 0.00 
 0.00 0.00 0.00 0.00 0.13 0.99 1.00 1.00 1.00 0.79 1.00 1.00 1.00 1.00 0.79 0.00 0.00 0.00 0.00 0.00 
 0.00 0.00 0.00 0.00 0.00 0.80 1.00 1.00 1.00 0.99 1.00 1.00 1.00 1.00 0.55 0.00 0.00 0.00 0.00 0.00 
 0.00 0.00 0.00 0.00 0.00 0.52 1.00 1.00 1.00 1.00 1.00 1.00 1.00 1.00 0.29 0.00 0.00 0.00 0.00 0.00 
 0.00 0.00 0.00 0.00 0.00 0.30 1.00 1.00 1.00 1.00 1.00 1.00 1.00 0.96 0.07 0.00 0.00 0.00 0.00 0.00 
 0.00 0.00 0.00 0.00 0.00 0.46 1.00 1.00 1.00 1.00 1.00 1.00 1.00 1.00 0.26 0.00 0.00 0.00 0.00 0.00 
 0.00 0.00 0.00 0.00 0.00 0.72 1.00 1.00 1.00 1.00 1.00 1.00 1.00 1.00 0.55 0.00 0.00 0.00 0.00 0.00 
 0.00 0.00 0.00 0.00 0.06 0.95 1.00 1.00 1.00 1.00 1.00 1.00 1.00 1.00 0.82 0.00 0.00 0.00 0.00 0.00 
 0.00 0.00 0.00 0.00 0.21 1.00 1.00 1.00 1.00 0.87 1.00 1.00 1.00 1.00 0.96 0.11 0.00 0.00 0.00 0.00 
 0.00 0.00 0.00 0.00 0.46 1.00 1.00 1.00 1.00 0.52 1.00 1.00 1.00 1.00 1.00 0.40 0.00 0.00 0.00 0.00 
 0.00 0.00 0.00 0.00 0.72 1.00 1.00 1.00 1.00 0.25 0.96 1.00 1.00 1.00 1.00 0.69 0.00 0.00 0.00 0.00 
 0.00 0.00 0.00 0.07 0.96 1.00 1.00 1.00 0.90 0.02 0.78 1.00 1.00 1.00 1.00 0.91 0.03 0.00 0.00 0.00 
 0.00 0.00 0.00 0.24 1.00 1.00 1.00 1.00 0.77 0.00 0.56 1.00 1.00 1.00 1.00 1.00 0.26 0.00 0.00 0.00 
 0.00 0.00 0.00 0.49 1.00 1.00 1.00 1.00 0.56 0.00 0.33 1.00 1.00 1.00 1.00 1.00 0.55 0.00 0.00 0.00 
 0.00 0.00 0.00 0.74 1.00 1.00 1.00 1.00 0.33 0.00 0.14 1.00 1.00 1.00 1.00 1.00 0.82 0.00 0.00 0.00 
 