0.00 0.39 1.00 1.00 1.00 0.84 0.06 0.00 0.00 0.00 0.00 0.00 0.00 0.00 0.08 0.86 1.00 1.00 0.98 0.39 
 0.00 0.02 0.65 1.00 1.00 1.00 0.62 0.00 0.00 0.00 0.00 0.00 0.00 0.02 0.64 1.00 1.00 1.00 0.67 0.00 
 0.00 0.00 0.11 0.90 1.00 1.00 0.98 0.33 0.00 0.00 0.00 0.00 0.00 0.37 1.00 1.00 1.00 0.88 0.08 0.00 
 0.00 0.00 0.00 0.29 0.98 1.00 1.00 0.90 0.11 0.00 0.00 0.00 0.15 0.92 1.00 1.00 0.98 0.31 0.00 0.00 
 0.00 0.00 0.00 0.00 0.59 1.00 1.00 1.00 0.69 0.02 0.00 0.02 0.72 1.00 1.00 1.00 0.59 0.00 0.00 0.00 
 0.00 0.00 0.00 0.00 0.06 0.86 1.00 1.00 1.00 0.35 0.00 0.45 1.00 1.00 1.00 0.84 0.04 0.00 0.00 0.00 
 0.00 0.00 0.00 0.00 0.00 0.27 0.98 1.00 1.00 0.86 0.25 0.96 1.00 1.00 0.96 0.25 0.00 0.00 0.00 0.00 
 0.00 0.00 0.00 0.00 0.00 0.00 0.51 1.00 1.00 1.00 0.98 1.00 1.00 1.00 0.51 0.00 0.00 0.00 0.00 0.00 
 0.00 0.00 0.00 0.00 0.00 0.00 0.06 0.80 1.00 1.00 1.00 1.00 1.00 0.76 0.02 0.00 0.00 0.00 0.00 0.00 
 0.00 0.00 0.00 0.00 0.00 0.00 0.00 0.21 0.96 1.00 1.00 1.00 0.92 0.16 0.00 0.00 0.00 0.00 0.00 0.00 
 0.00 0.00 0.00 0.00 0.00 0.00 0.00 0.08 0.88 1.00 1.00 1.00 0.82 0.04 0.00 0.00 0.00 0.00 0.00 0.00 
 0.00 0.00 0.00 0.00 0.00 0.00 0.02 0.64 1.00 1.00 1.00 1.00 1.00 0.53 0.00 0.00 0.00 0.00 0.00 0.00 
 0.00 0.00 0.00 0.00 0.00 0.00 0.35 1.00 1.00 1.00 1.00 1.00 1.00 0.96 0.25 0.00 0.00 0.00 0.00 0.00 
 0.00 0.00 0.00 0.00 0.00 0.13 0.92 1.00 1.00 0.98 0.55 0.98 1.00 1.00 0.84 0.06 0.00 0.00 0.00 0.00 
 0.00 0.00 0.00 0.00 0.02 0.72 1.00 1.00 1.00 0.62 0.00 0.51 1.00 1.00 1.00 0.62 0.00 0.00 0.00 0.00 
 0.00 0.00 0.00 0.00 0.43 1.00 1.00 1.00 0.84 0.06 0.00 0.06 0.82 1.00 1.00 0.98 0.31 0.00 0.00 0.00 
 0.00 0.00 0.00 0.18 0.96 1.00 1.00 0.96 0.25 0.00 0.00 0.00 0.23 0.98 1.00 1.00 0.90 0.11 0.00 0.00 
 0.00 0.00 0.04 0.80 1.00 1.00 1.00 0.51 0.00 0.00 0.00 0.00 0.00 0.51 1.00 1.00 1.00 0.67 0.02 0.00 
 0.00 0.00 0.49 1.00 1.00 1.00 0.76 0.02 0.00 0.00 0.00 0.00 0.00 0.06 0.82 1.00 1.00 1.00 0.39 0.00 
 0.00 0.23 0.98 1.00 1.00 0.94 0.16 0.00 0.00 0.00 0.00 0.00 0.00 0.00 0.23 0.98 1.00 1.00 0.90 0.13 
 