0.35 0.98 1.00 1.00 0.98 0.35 0.00 0.00 0.00 0.00 0.00 0.00 0.00 0.00 0.00 0.00 0.25 0.98 1.00 1.00 
 0.00 0.53 1.00 1.00 1.00 0.92 0.15 0.00 0.00 0.00 0.00 0.00 0.00 0.00 0.00 0.13 0.88 1.00 1.00 0.98 
 0.00 0.04 0.76 1.00 1.00 1.00 0.76 0.04 0.00 0.00 0.00 0.00 0.00 0.00 0.02 0.67 1.00 1.00 1.00 0.55 
 0.00 0.00 0.13 0.90 1.00 1.00 1.00 0.55 0.00 0.00 0.00 0.00 0.00 0.00 0.43 1.00 1.00 1.00 0.72 0.02 
 0.00 0.00 0.00 0.29 0.98 1.00 1.00 0.98 0.31 0.00 0.00 0.00 0.00 0.25 0.98 1.00 1.00 0.86 0.08 0.00 
 0.00 0.00 0.00 0.00 0.49 1.00 1.00 1.00 0.90 0.13 0.00 0.00 0.08 0.86 1.00 1.00 0.92 0.21 0.00 0.00 
 0.00 0.00 0.00 0.00 0.04 0.72 1.00 1.00 1.00 0.74 0.02 0.02 0.65 1.00 1.00 0.98 0.37 0.00 0.00 0.00 
 0.00 0.00 0.00 0.00 0.00 0.11 0.88 1.00 1.00 1.00 0.49 0.41 1.00 1.00 1.00 0.55 0.00 0.00 0.00 0.00 
 0.00 0.00 0.00 0.00 0.00 0.00 0.25 0.96 1.00 1.00 0.96 0.96 1.00 1.00 0.72 0.02 0.00 0.00 0.00 0.00 
 0.00 0.00 0.00 0.00 0.00 0.00 0.00 0.41 1.00 1.00 1.00 1.00 1.00 0.86 0.08 0.00 0.00 0.00 0.00 0.00 
 0.00 0.00 0.00 0.00 0.00 0.00 0.00 0.02 0.67 1.00 1.00 1.00 0.96 0.23 0.00 0.00 0.00 0.00 0.00 0.00 
 0.00 0.00 0.00 0.00 0.00 0.00 0.00 0.04 0.74 1.00 1.00 1.00 1.00 0.53 0.00 0.00 0.00 0.00 0.00 0.00 
 0.00 0.00 0.00 0.00 0.00 0.00 0.02 0.53 1.00 1.00 1.00 1.00 1.00 0.98 0.33 0.00 0.00 0.00 0.00 0.00 
 0.00 0.00 0.00 0.00 0.00 0.00 0.35 1.00 1.00 1.00 0.80 0.98 1.00 1.00 0.92 0.16 0.00 0.00 0.00 0.00 
 0.00 0.00 0.00 0.00 0.00 0.18 0.94 1.00 1.00 0.84 0.06 0.51 1.00 1.00 1.00 0.80 0.06 0.00 0.00 0.00 
 0.00 0.00 0.00 0.00 0.08 0.84 1.00 1.00 0.94 0.23 0.00 0.04 0.78 1.00 1.00 1.00 0.64 0.02 0.00 0.00 
 0.00 0.00 0.00 0.02 0.65 1.00 1.00 0.98 0.43 0.00 0.00 0.00 0.16 0.94 1.00 1.00 1.00 0.43 0.00 0.00 
 0.00 0.00 0.00 0.47 1.00 1.00 1.00 0.67 0.00 0.00 0.00 0.00 0.00 0.35 0.98 1.00 1.00 0.96 0.23 0.00 
 0.00 0.00 0.29 0.98 1.00 1.00 0.86 0.08 0.00 0.00 0.00 0.00 0.00 0.00 0.57 1.00 1.00 1.00 0.86 0.11 
 0.00 0.13 0.90 1.00 1.00 0.96 0.25 0.00 0.00 0.00 0.00 0.00 0.00 0.00 0.06 0.84 1.00 1.00 1.00 0.74 
 