-1.00 -1.00 0.55 1.00 0.98 0.42 -0.96 -1.00 -1.00 -1.00 -1.00 -1.00 -1.00 -1.00 0.13 0.97 1.00 0.58 -1.00 -1.00 
 -1.00 -1.00 0.15 1.00 1.00 1.00 -0.24 -1.00 -1.00 -1.00 -1.00 -1.00 -1.00 -0.77 0.98 1.00 1.00 0.27 -1.00 -1.00 
 -1.00 -1.00 -0.75 0.97 1.00 1.00 0.66 -0.98 -1.00 -1.00 -1.00 -1.00 -1.00 -0.06 1.00 1.00 1.00 -0.46 -1.00 -1.00 
 -1.00 -1.00 -1.00 0.29 1.00 1.00 1.00 -0.41 -1.00 -1.00 -1.00 -1.00 -0.99 0.66 1.00 1.00 0.79 -0.98 -1.00 -1.00 
 -1.00 -1.00 -1.00 -0.63 1.00 1.00 1.00 0.50 -1.00 -1.00 -1.00 -1.00 -0.61 1.00 1.00 1.00 0.07 -1.00 -1.00 -1.00 
 -1.00 -1.00 -1.00 -1.00 0.43 1.00 1.00 1.00 -0.59 -1.00 -1.00 -1.00 0.11 1.00 1.00 1.00 -0.65 -1.00 -1.00 -1.00 
 -1.00 -1.00 -1.00 -1.00 -0.50 1.00 1.00 1.00 0.32 -1.00 -1.00 -0.97 0.81 1.00 1.00 0.61 -1.00 -1.00 -1.00 -1.00 
 -1.00 -1.00 -1.00 -1.00 -0.99 0.58 1.00 1.00 0.98 -0.74 -1.00 -0.44 1.00 1.00 1.00 -0.12 -1.00 -1.00 -1.00 -1.00 
 -1.00 -1.00 -1.00 -1.00 -1.00 -0.36 1.00 1.00 1.00 0.14 -1.00 0.29 1.00 1.00 0.97 -0.82 -1.00 -1.00 -1.00 -1.00 
 -1.00 -1.00 -1.00 -1.00 -1.00 -0.98 0.70 1.00 1.00 0.91 -0.76 0.92 1.00 1.00 0.42 -1.00 -1.00 -1.00 -1.00 -1.00 
 -1.00 -1.00 -1.00 -1.00 -1.00 -1.00 -0.22 1.00 1.00 1.00 0.62 1.00 1.00 1.00 -0.32 -1.00 -1.00 -1.00 -1.00 -1.00 
 -1.00 -1.00 -1.00 -1.00 -1.00 -1.00 -0.94 0.80 1.00 1.00 1.00 1.00 1.00 0.88 -0.93 -1.00 -1.00 -1.00 -1.00 -1.00 
 -1.00 -1.00 -1.00 -1.00 -1.00 -1.00 -1.00 -0.07 1.00 1.00 1.00 1.00 1.00 0.22 -1.00 -1.00 -1.00 -1.00 -1.00 -1.00 
 -1.00 -1.00 -1.00 -1.00 -1.00 -1.00 -1.00 -0.88 0.89 1.00 1.00 1.00 1.00 -0.51 -1.00 -1.00 -1.00 -1.00 -1.00 -1.00 
 -1.00 -1.00 -1.00 -1.00 -1.00 -1.00 -1.00 -1.00 0.07 1.00 1.00 1.00 0.75 -0.98 -1.00 -1.00 -1.00 -1.00 -1.00 -1.00 
 -1.00 -1.00 -1.00 -1.00 -1.00 -1.00 -1.00 -1.00 -0.77 1.00 1.00 1.00 0.03 -1.00 -1.00 -1.00 -1.00 -1.00 -1.00 -1.00 
 -1.00 -1.00 -0.34 -0.79 -1.00 -1.00 -1.00 -1.00 -0.37 1.00 1.00 0.99 -0.70 -1.00 -1.00 -1.00 -1.00 -1.00 -1.00 -1.00 
 -1.00 -1.00 0.59 0.98 0.59 0.40 0.40 0.58 0.97 1.00 1.00 0.27 -1.00 -1.00 -1.00 -1.00 -1.00 -1.00 -1.00 -1.00 
 -1.00 -1.00 0.40 1.00 1.00 1.00 1.00 1.00 1.00 1.00 0.34 -0.92 -1.00 -1.00 -1.00 -1.00 -1.00 -1.00 -1.00 -1.00 
 -1.00 -1.00 -0.07 0.91 1.00 1.00 0.97 0.72 0.26 -0.48 -0.99 -1.00 -1.00 -1.00 -1.00 -1.00 -1.00 -1.00 -1.00 -1.00 
 