-1.00 -1.00 -0.83 0.97 1.00 1.00 0.90 -0.95 -1.00 -1.00 -1.00 -1.00 -0.51 1.00 1.00 1.00 0.06 -1.00 -1.00 -1.00 
 -1.00 -1.00 -1.00 0.42 1.00 1.00 1.00 -0.44 -1.00 -1.00 -1.00 -1.00 0.06 1.00 1.00 1.00 -0.63 -1.00 -1.00 -1.00 
 -1.00 -1.00 -1.00 -0.29 1.00 1.00 1.00 0.16 -1.00 -1.00 -1.00 -1.00 0.63 1.00 1.00 0.67 -0.99 -1.00 -1.00 -1.00 
 -1.00 -1.00 -1.00 -0.91 0.91 1.00 1.00 0.76 -0.99 -1.00 -1.00 -0.80 1.00 1.00 1.00 -0.03 -1.00 -1.00 -1.00 -1.00 
 -1.00 -1.00 -1.00 -1.00 0.28 1.00 1.00 1.00 -0.63 -1.00 -1.00 -0.23 1.00 1.00 1.00 -0.72 -1.00 -1.00 -1.00 -1.00 
 -1.00 -1.00 -1.00 -1.00 -0.44 1.00 1.00 1.00 -0.03 -1.00 -1.00 0.34 1.00 1.00 0.58 -1.00 -1.00 -1.00 -1.00 -1.00 
 -1.00 -1.00 -1.00 -1.00 -0.97 0.82 1.00 1.00 0.58 -1.00 -0.96 0.87 1.00 1.00 -0.11 -1.00 -1.00 -1.00 -1.00 -1.00 
 -1.00 -1.00 -1.00 -1.00 -1.00 0.14 1.00 1.00 0.99 -0.80 -0.52 1.00 1.00 0.98 -0.78 -1.00 -1.00 -1.00 -1.00 -1.00 
 -1.00 -1.00 -1.00 -1.00 -1.00 -0.58 1.00 1.00 1.00 -0.21 0.05 1.00 1.00 0.51 -1.00 -1.00 -1.00 -1.00 -1.00 -1.00 
 -1.00 -1.00 -1.00 -1.00 -1.00 -0.99 0.70 1.00 1.00 0.40 0.62 1.00 1.00 -0.19 -1.00 -1.00 -1.00 -1.00 -1.00 -1.00 
 -1.00 -1.00 -1.00 -1.00 -1.00 -1.00 -0.01 1.00 1.00 0.95 0.99 1.00 0.96 -0.84 -1.00 -1.00 -1.00 -1.00 -1.00 -1.00 
 -1.00 -1.00 -1.00 -1.00 -1.00 -1.00 -0.72 1.00 1.00 1.00 1.00 1.00 0.42 -1.00 -1.00 -1.00 -1.00 -1.00 -1.00 -1.00 
 -1.00 -1.00 -1.00 -1.00 -1.00 -1.00 -1.00 0.56 1.00 1.00 1.00 1.00 -0.27 -1.00 -1.00 -1.00 -1.00 -1.00 -1.00 -1.00 
 -1.00 -1.00 -1.00 -1.00 -1.00 -1.00 -1.00 -0.15 1.00 1.00 1.00 0.93 -0.89 -1.00 -1.00 -1.00 -1.00 -1.00 -1.00 -1.00 
 -1.00 -1.00 -1.00 -1.00 -1.00 -1.00 -1.00 -0.84 0.98 1.00 1.00 0.34 -1.00 -1.00 -1.00 -1.00 -1.00 -1.00 -1.00 -1.00 
 -1.00 -1.00 -1.00 -1.00 -1.00 -1.00 -1.00 -0.91 0.98 1.00 1.00 -0.36 -1.00 -1.00 -1.00 -1.00 -1.00 -1.00 -1.00 -1.00 
 -1.00 -1.00 -1.00 -1.00 -1.00 -1.00 -0.98 0.11 1.00 1.00 0.89 -0.94 -1.00 -1.00 -1.00 -1.00 -1.00 -1.00 -1.00 -1.00 
 -1.00 -1.00 -1.00 -1.00 -0.63 0.47 0.69 1.00 1.00 1.00 0.20 -1.00 -1.00 -1.00 -1.00 -1.00 -1.00 -1.00 -1.00 -1.00 
 -1.00 -1.00 -1.00 -1.00 -0.56 1.00 1.00 1.00 1.00 0.90 -0.73 -1.00 -1.00 -1.00 -1.00 -1.00 -1.00 -1.00 -1.00 -1.00 
 -1.00 -1.00 -1.00 -1.00 -0.59 0.97 0.99 0.79 0.31 -0.64 -1.00 -1.00 -1.00 -1.00 -1.00 -1.00 -1.00 -1.00 -1.00 -1.00 
 