-1.00 0.07 1.00 1.00 1.00 1.00 1.00 1.00 1.00 0.69 -1.00 -1.00 0.94 1.00 1.00 1.00 1.00 1.00 0.33 -1.00 
 -1.00 -0.44 0.48 1.00 1.00 1.00 1.00 1.00 0.51 -0.13 -1.00 -1.00 0.01 0.40 1.00 1.00 1.00 0.68 -0.27 -1.00 
 -1.00 -1.00 -0.97 0.65 1.00 1.00 1.00 1.00 -0.26 -1.00 -1.00 -1.00 -1.00 -1.00 0.47 1.00 0.58 -0.93 -1.00 -1.00 
 -1.00 -1.00 -1.00 -0.36 1.00 1.00 1.00 1.00 0.59 -0.99 -1.00 -1.00 -1.00 -1.00 0.63 1.00 -0.58 -1.00 -1.00 -1.00 
 -1.00 -1.00 -1.00 -0.99 0.60 1.00 1.00 1.00 1.00 -0.42 -1.00 -1.00 -1.00 -0.58 1.00 0.44 -1.00 -1.00 -1.00 -1.00 
 -1.00 -1.00 -1.00 -1.00 -0.42 1.00 1.00 1.00 1.00 0.56 -0.99 -1.00 -1.00 0.33 1.00 -0.48 -1.00 -1.00 -1.00 -1.00 
 -1.00 -1.00 -1.00 -1.00 -0.99 0.55 1.00 1.00 1.00 1.00 -0.46 -1.00 -0.73 0.98 0.58 -0.99 -1.00 -1.00 -1.00 -1.00 
 -1.00 -1.00 -1.00 -1.00 -1.00 -0.47 1.00 1.00 1.00 1.00 0.52 -0.99 0.15 1.00 -0.34 -1.00 -1.00 -1.00 -1.00 -1.00 
 -1.00 -1.00 -1.00 -1.00 -1.00 -0.99 0.49 1.00 1.00 1.00 1.00 -0.36 0.91 0.71 -0.98 -1.00 -1.00 -1.00 -1.00 -1.00 
 -1.00 -1.00 -1.00 -1.00 -1.00 -1.00 -0.54 1.00 1.00 1.00 1.00 0.94 1.00 -0.19 -1.00 -1.00 -1.00 -1.00 -1.00 -1.00 
 -1.00 -1.00 -1.00 -1.00 -1.00 -1.00 -1.00 0.44 1.00 1.00 1.00 1.00 0.82 -0.94 -1.00 -1.00 -1.00 -1.00 -1.00 -1.00 
 -1.00 -1.00 -1.00 -1.00 -1.00 -1.00 -1.00 -0.59 1.00 1.00 1.00 1.00 -0.05 -1.00 -1.00 -1.00 -1.00 -1.00 -1.00 -1.00 
 -1.00 -1.00 -1.00 -1.00 -1.00 -1.00 -1.00 -1.00 0.37 1.00 1.00 0.90 -0.87 -1.00 -1.00 -1.00 -1.00 -1.00 -1.00 -1.00 
 -1.00 -1.00 -1.00 -1.00 -1.00 -1.00 -1.00 -1.00 -0.64 0.99 1.00 0.10 -1.00 -1.00 -1.00 -1.00 -1.00 -1.00 -1.00 -1.00 
 -1.00 -1.00 -0.97 -0.55 -0.61 -0.99 -1.00 -1.00 -0.99 0.69 0.95 -0.78 -1.00 -1.00 -1.00 -1.00 -1.00 -1.00 -1.00 -1.00 
 -1.00 -0.85 0.64 1.00 1.00 0.33 -1.00 -1.00 -0.42 1.00 0.22 -1.00 -1.00 -1.00 -1.00 -1.00 -1.00 -1.00 -1.00 -1.00 
 -1.00 0.02 1.00 1.00 1.00 1.00 -0.80 -0.93 0.68 0.93 -0.76 -1.00 -1.00 -1.00 -1.00 -1.00 -1.00 -1.00 -1.00 -1.00 
 -1.00 0.25 1.00 1.00 1.00 0.93 -0.73 0.41 1.00 -0.12 -1.00 -1.00 -1.00 -1.00 -1.00 -1.00 -1.00 -1.00 -1.00 -1.00 
 -1.00 -0.38 1.00 1.00 1.00 1.00 1.00 1.00 0.17 -0.99 -1.00 -1.00 -1.00 -1.00 -1.00 -1.00 -1.00 -1.00 -1.00 -1.00 
 -1.00 -1.00 -0.32 0.60 0.96 0.95 0.58 -0.30 -0.99 -1.00 -1.00 -1.00 -1.00 -1.00 -1.00 -1.00 -1.00 -1.00 -1.00 -1.00 
 