-1.00 -1.00 -1.00 0.59 1.00 1.00 1.00 1.00 1.00 0.77 -0.15 -1.00 -0.18 0.76 1.00 1.00 0.66 -1.00 -1.00 -1.00 
 -1.00 -1.00 -1.00 -0.99 0.45 1.00 1.00 1.00 0.98 -0.91 -1.00 -1.00 -1.00 -0.96 0.87 0.39 -0.98 -1.00 -1.00 -1.00 
 -1.00 -1.00 -1.00 -1.00 -0.54 1.00 1.00 1.00 1.00 -0.45 -1.00 -1.00 -1.00 -0.87 0.97 -0.57 -1.00 -1.00 -1.00 -1.00 
 -1.00 -1.00 -1.00 -1.00 -0.99 0.55 1.00 1.00 1.00 0.33 -1.00 -1.00 -1.00 -0.24 0.67 -0.99 -1.00 -1.00 -1.00 -1.00 
 -1.00 -1.00 -1.00 -1.00 -1.00 -0.34 1.00 1.00 1.00 0.95 -0.84 -1.00 -1.00 0.47 -0.07 -1.00 -1.00 -1.00 -1.00 -1.00 
 -1.00 -1.00 -1.00 -1.00 -1.00 -0.97 0.79 1.00 1.00 1.00 -0.12 -1.00 -0.80 0.95 -0.80 -1.00 -1.00 -1.00 -1.00 -1.00 
 -1.00 -1.00 -1.00 -1.00 -1.00 -1.00 0.00 1.00 1.00 1.00 0.65 -0.99 -0.11 0.43 -1.00 -1.00 -1.00 -1.00 -1.00 -1.00 
 -1.00 -1.00 -1.00 -1.00 -1.00 -1.00 -0.78 0.98 1.00 1.00 1.00 -0.56 0.59 -0.33 -1.00 -1.00 -1.00 -1.00 -1.00 -1.00 
 -1.00 -1.00 -1.00 -1.00 -1.00 -1.00 -1.00 0.38 1.00 1.00 1.00 0.50 0.87 -0.94 -1.00 -1.00 -1.00 -1.00 -1.00 -1.00 
 -1.00 -1.00 -1.00 -1.00 -1.00 -1.00 -1.00 -0.44 1.00 1.00 1.00 1.00 0.18 -1.00 -1.00 -1.00 -1.00 -1.00 -1.00 -1.00 
 -1.00 -1.00 -1.00 -1.00 -1.00 -1.00 -1.00 -0.98 0.74 1.00 1.00 1.00 -0.58 -1.00 -1.00 -1.00 -1.00 -1.00 -1.00 -1.00 
 -1.00 -1.00 -1.00 -1.00 -1.00 -1.00 -1.00 -1.00 -0.06 1.00 1.00 0.67 -0.99 -1.00 -1.00 -1.00 -1.00 -1.00 -1.00 -1.00 
 -1.00 -1.00 -1.00 -1.00 -1.00 -1.00 -1.00 -1.00 -0.83 0.95 1.00 -0.07 -1.00 -1.00 -1.00 -1.00 -1.00 -1.00 -1.00 -1.00 
 -1.00 -1.00 -1.00 -1.00 -1.00 -1.00 -1.00 -1.00 -1.00 0.31 0.98 -0.80 -1.00 -1.00 -1.00 -1.00 -1.00 -1.00 -1.00 -1.00 
 -1.00 -1.00 -1.00 -1.00 -1.00 -1.00 -1.00 -1.00 -1.00 -0.09 0.43 -1.00 -1.00 -1.00 -1.00 -1.00 -1.00 -1.00 -1.00 -1.00 
 -1.00 -1.00 -1.00 -0.99 -0.60 -0.62 -0.99 -1.00 -1.00 0.54 -0.34 -1.00 -1.00 -1.00 -1.00 -1.00 -1.00 -1.00 -1.00 -1.00 
 -1.00 -1.00 -1.00 0.14 1.00 1.00 -0.04 -1.00 -0.69 0.80 -0.95 -1.00 -1.00 -1.00 -1.00 -1.00 -1.00 -1.00 -1.00 -1.00 
 -1.00 -1.00 -1.00 0.87 1.00 1.00 0.36 -0.98 0.42 -0.07 -1.00 -1.00 -1.00 -1.00 -1.00 -1.00 -1.00 -1.00 -1.00 -1.00 
 -1.00 -1.00 -1.00 0.55 1.00 1.00 0.87 0.62 0.73 -0.91 -1.00 -1.00 -1.00 -1.00 -1.00 -1.00 -1.00 -1.00 -1.00 -1.00 
 -1.00 -1.00 -1.00 -0.73 0.48 0.98 0.97 0.43 -0.73 -1.00 -1.00 -1.00 -1.00 -1.00 -1.00 -1.00 -1.00 -1.00 -1.00 -1.00 
 