-1.00 -1.00 -1.00 -0.66 -0.09 0.28 0.63 0.92 -0.47 -1.00 -1.00 -1.00 -1.00 -0.10 0.95 0.26 -0.99 -1.00 -1.00 -1.00 
 -1.00 -1.00 -1.00 -0.74 -0.65 -0.22 0.94 1.00 0.43 -1.00 -1.00 -1.00 -1.00 0.22 1.00 1.00 -0.63 -1.00 -1.00 -1.00 
 -1.00 -1.00 -1.00 -1.00 -1.00 -1.00 -0.01 1.00 0.98 -0.80 -1.00 -1.00 -1.00 -0.91 0.25 1.00 -0.70 -1.00 -1.00 -1.00 
 -1.00 -1.00 -1.00 -1.00 -1.00 -1.00 -0.84 0.96 1.00 -0.15 -1.00 -1.00 -1.00 -1.00 -0.88 0.82 -0.98 -1.00 -1.00 -1.00 
 -1.00 -1.00 -1.00 -1.00 -1.00 -1.00 -1.00 0.44 1.00 0.47 -1.00 -1.00 -1.00 -1.00 -0.53 0.15 -1.00 -1.00 -1.00 -1.00 
 -1.00 -1.00 -1.00 -1.00 -1.00 -1.00 -1.00 -0.15 1.00 0.95 -0.91 -1.00 -1.00 -1.00 0.18 -0.66 -1.00 -1.00 -1.00 -1.00 
 -1.00 -1.00 -1.00 -1.00 -1.00 -1.00 -1.00 -0.71 1.00 1.00 -0.44 -1.00 -1.00 -0.82 0.33 -1.00 -1.00 -1.00 -1.00 -1.00 
 -1.00 -1.00 -1.00 -1.00 -1.00 -1.00 -1.00 -0.99 0.76 1.00 -0.00 -1.00 -1.00 0.11 -0.58 -1.00 -1.00 -1.00 -1.00 -1.00 
 -1.00 -1.00 -1.00 -1.00 -1.00 -1.00 -1.00 -1.00 0.27 1.00 0.35 -1.00 -0.75 0.29 -1.00 -1.00 -1.00 -1.00 -1.00 -1.00 
 -1.00 -1.00 -1.00 -1.00 -1.00 -1.00 -1.00 -1.00 -0.19 1.00 0.69 -1.00 0.28 -0.69 -1.00 -1.00 -1.00 -1.00 -1.00 -1.00 
 -1.00 -1.00 -1.00 -1.00 -1.00 -1.00 -1.00 -1.00 -0.62 1.00 0.98 -0.44 0.13 -1.00 -1.00 -1.00 -1.00 -1.00 -1.00 -1.00 
 -1.00 -1.00 -1.00 -1.00 -1.00 -1.00 -1.00 -1.00 -0.96 0.94 1.00 0.65 -0.87 -1.00 -1.00 -1.00 -1.00 -1.00 -1.00 -1.00 
 -1.00 -1.00 -1.00 -1.00 -1.00 -1.00 -1.00 -1.00 -1.00 0.59 1.00 -0.29 -1.00 -1.00 -1.00 -1.00 -1.00 -1.00 -1.00 -1.00 
 -1.00 -1.00 -1.00 -1.00 -1.00 -1.00 -1.00 -1.00 -1.00 0.36 0.39 -0.99 -1.00 -1.00 -1.00 -1.00 -1.00 -1.00 -1.00 -1.00 
 -1.00 -1.00 -1.00 -1.00 -1.00 -1.00 -1.00 -1.00 -0.88 0.64 -0.82 -1.00 -1.00 -1.00 -1.00 -1.00 -1.00 -1.00 -1.00 -1.00 
 -1.00 -1.00 -1.00 -1.00 -1.00 -1.00 -1.00 -0.99 0.32 -0.46 -1.00 -1.00 -1.00 -1.00 -1.00 -1.00 -1.00 -1.00 -1.00 -1.00 
 -1.00 -1.00 -1.00 -1.00 -1.00 -1.00 -1.00 -0.12 -0.07 -1.00 -1.00 -1.00 -1.00 -1.00 -1.00 -1.00 -1.00 -1.00 -1.00 -1.00 
 -1.00 -1.00 -0.76 -0.15 -0.82 -1.00 -0.41 0.15 -0.99 -1.00 -1.00 -1.00 -1.00 -1.00 -1.00 -1.00 -1.00 -1.00 -1.00 -1.00 
 -1.00 -1.00 0.43 1.00 0.84 0.31 0.15 -0.98 -1.00 -1.00 -1.00 -1.00 -1.00 -1.00 -1.00 -1.00 -1.00 -1.00 -1.00 -1.00 
 -1.00 -1.00 -0.05 1.00 0.87 -0.18 -0.99 -1.00 -1.00 -1.00 -1.00 -1.00 -1.00 -1.00 -1.00 -1.00 -1.00 -1.00 -1.00 -1.00 
 