-1.00 -1.00 -1.00 -1.00 -1.00 -0.19 1.00 1.00 -0.91 -1.00 -1.00 -1.00 -1.00 -1.00 -0.99 0.49 1.00 0.36 -1.00 -1.00 
 -1.00 -1.00 -1.00 -1.00 -1.00 -0.45 1.00 1.00 -0.69 -1.00 -1.00 -1.00 -1.00 -1.00 -0.36 1.00 0.94 -0.73 -1.00 -1.00 
 -1.00 -1.00 -1.00 -1.00 -1.00 -0.71 1.00 1.00 -0.47 -1.00 -1.00 -1.00 -1.00 -0.95 0.73 1.00 0.04 -1.00 -1.00 -1.00 
 -1.00 -1.00 -1.00 -1.00 -1.00 -0.95 0.98 1.00 -0.24 -1.00 -1.00 -1.00 -1.00 -0.07 1.00 0.79 -0.91 -1.00 -1.00 -1.00 
 -1.00 -1.00 -1.00 -1.00 -1.00 -1.00 0.77 1.00 -0.01 -1.00 -1.00 -1.00 -0.82 0.89 1.00 -0.28 -1.00 -1.00 -1.00 -1.00 
 -1.00 -1.00 -1.00 -1.00 -1.00 -1.00 0.52 1.00 0.22 -1.00 -1.00 -1.00 0.21 1.00 0.55 -0.98 -1.00 -1.00 -1.00 -1.00 
 -1.00 -1.00 -1.00 -1.00 -1.00 -1.00 0.26 1.00 0.44 -1.00 -1.00 -0.62 0.98 0.99 -0.58 -1.00 -1.00 -1.00 -1.00 -1.00 
 -1.00 -1.00 -1.00 -1.00 -1.00 -1.00 0.00 1.00 0.66 -1.00 -0.99 0.50 1.00 0.24 -1.00 -1.00 -1.00 -1.00 -1.00 -1.00 
 -1.00 -1.00 -1.00 -1.00 -1.00 -1.00 -0.25 1.00 0.89 -1.00 -0.36 1.00 0.90 -0.81 -1.00 -1.00 -1.00 -1.00 -1.00 -1.00 
 -1.00 -1.00 -1.00 -1.00 -1.00 -1.00 -0.51 1.00 1.00 -0.83 0.73 1.00 -0.08 -1.00 -1.00 -1.00 -1.00 -1.00 -1.00 -1.00 
 -1.00 -1.00 -1.00 -1.00 -1.00 -1.00 -0.77 1.00 1.00 0.27 1.00 0.71 -0.95 -1.00 -1.00 -1.00 -1.00 -1.00 -1.00 -1.00 
 -1.00 -1.00 -1.00 -1.00 -1.00 -1.00 -0.98 0.95 1.00 1.00 1.00 -0.40 -1.00 -1.00 -1.00 -1.00 -1.00 -1.00 -1.00 -1.00 
 -1.00 -1.00 -1.00 -1.00 -1.00 -1.00 -1.00 0.72 1.00 1.00 0.44 -0.99 -1.00 -1.00 -1.00 -1.00 -1.00 -1.00 -1.00 -1.00 
 -1.00 -1.00 -1.00 -1.00 -1.00 -1.00 -1.00 0.46 1.00 0.96 -0.68 -1.00 -1.00 -1.00 -1.00 -1.00 -1.00 -1.00 -1.00 -1.00 
 -1.00 -1.00 -1.00 -1.00 -1.00 -1.00 -0.99 0.55 1.00 0.12 -1.00 -1.00 -1.00 -1.00 -1.00 -1.00 -1.00 -1.00 -1.00 -1.00 
 -1.00 -1.00 -1.00 -1.00 -1.00 -1.00 -0.25 1.00 0.84 -0.87 -1.00 -1.00 -1.00 -1.00 -1.00 -1.00 -1.00 -1.00 -1.00 -1.00 
 -1.00 -1.00 -1.00 -1.00 -1.00 -0.82 0.86 1.00 -0.20 -1.00 -1.00 -1.00 -1.00 -1.00 -1.00 -1.00 -1.00 -1.00 -1.00 -1.00 
 -1.00 -1.00 -0.87 -0.84 -0.69 0.54 1.00 0.59 -0.98 -1.00 -1.00 -1.00 -1.00 -1.00 -1.00 -1.00 -1.00 -1.00 -1.00 -1.00 
 -1.00 -1.00 0.07 1.00 1.00 1.00 0.84 -0.70 -1.00 -1.00 -1.00 -1.00 -1.00 -1.00 -1.00 -1.00 -1.00 -1.00 -1.00 -1.00 
 -1.00 -1.00 0.46 1.00 0.98 0.44 -0.72 -1.00 -1.00 -1.00 -1.00 -1.00 -1.00 -1.00 -1.00 -1.00 -1.00 -1.00 -1.00 -1.00 
 