0.00 0.00 0.00 0.00 0.00 0.00 0.09 0.22 0.47 0.78 0.64 0.00 0.00 0.00 0.11 0.75 0.97 0.61 0.03 0.00 
 0.00 0.00 0.00 0.00 0.00 0.20 0.75 0.97 1.00 1.00 0.97 0.20 0.00 0.00 0.45 1.00 1.00 1.00 0.39 0.00 
 0.00 0.00 0.00 0.00 0.00 0.00 0.00 0.53 1.00 1.00 1.00 0.45 0.00 0.00 0.33 0.97 1.00 1.00 0.47 0.00 
 0.00 0.00 0.00 0.00 0.00 0.00 0.00 0.17 1.00 1.00 1.00 0.61 0.00 0.00 0.00 0.39 0.97 0.97 0.22 0.00 
 0.00 0.00 0.00 0.00 0.00 0.00 0.00 0.17 1.00 1.00 1.00 0.67 0.00 0.00 0.00 0.00 0.70 0.75 0.00 0.00 
 0.00 0.00 0.00 0.00 0.00 0.00 0.00 0.09 0.92 1.00 1.00 0.81 0.00 0.00 0.00 0.03 0.78 0.31 0.00 0.00 
 0.00 0.00 0.00 0.00 0.00 0.00 0.00 0.00 0.84 1.00 1.00 0.84 0.00 0.00 0.00 0.31 0.75 0.00 0.00 0.00 
 0.00 0.00 0.00 0.00 0.00 0.00 0.00 0.00 0.84 1.00 1.00 0.84 0.00 0.00 0.06 0.81 0.25 0.00 0.00 0.00 
 0.00 0.00 0.00 0.00 0.00 0.00 0.00 0.00 0.84 1.00 1.00 0.84 0.00 0.00 0.47 0.58 0.00 0.00 0.00 0.00 
 0.00 0.00 0.00 0.00 0.00 0.00 0.00 0.00 0.73 1.00 1.00 0.84 0.00 0.22 0.84 0.06 0.00 0.00 0.00 0.00 
 0.00 0.00 0.00 0.00 0.00 0.00 0.00 0.00 0.67 1.00 1.00 0.84 0.06 0.75 0.33 0.00 0.00 0.00 0.00 0.00 
 0.00 0.00 0.00 0.00 0.00 0.00 0.00 0.00 0.67 1.00 1.00 0.95 0.61 0.58 0.00 0.00 0.00 0.00 0.00 0.00 
 0.00 0.00 0.00 0.00 0.00 0.00 0.00 0.00 0.67 1.00 1.00 1.00 0.81 0.06 0.00 0.00 0.00 0.00 0.00 0.00 
 0.00 0.00 0.00 0.00 0.00 0.00 0.00 0.00 0.61 1.00 1.00 0.92 0.20 0.00 0.00 0.00 0.00 0.00 0.00 0.00 
 0.00 0.00 0.00 0.00 0.00 0.00 0.00 0.00 0.61 1.00 0.97 0.39 0.00 0.00 0.00 0.00 0.00 0.00 0.00 0.00 
 0.00 0.00 0.00 0.00 0.00 0.00 0.00 0.00 0.67 1.00 0.56 0.00 0.00 0.00 0.00 0.00 0.00 0.00 0.00 0.00 
 0.00 0.00 0.11 0.45 0.33 0.03 0.00 0.00 0.70 0.67 0.03 0.00 0.00 0.00 0.00 0.00 0.00 0.00 0.00 0.00 
 0.00 0.03 0.75 1.00 1.00 0.53 0.09 0.45 0.73 0.03 0.00 0.00 0.00 0.00 0.00 0.00 0.00 0.00 0.00 0.00 
 0.00 0.14 0.97 1.00 1.00 1.00 0.92 0.70 0.09 0.00 0.00 0.00 0.00 0.00 0.00 0.00 0.00 0.00 0.00 0.00 
 0.00 0.00 0.67 1.00 1.00 0.97 0.53 0.03 0.00 0.00 0.00 0.00 0.00 0.00 0.00 0.00 0.00 0.00 0.00 0.00 
 