0.33 0.94 1.00 1.00 1.00 1.00 0.82 0.00 0.00 0.00 0.00 0.00 0.11 0.88 0.94 1.00 1.00 1.00 1.00 1.00 
 0.00 0.11 0.75 1.00 1.00 1.00 0.38 0.00 0.00 0.00 0.00 0.00 0.00 0.00 0.08 0.71 1.00 1.00 0.99 0.58 
 0.00 0.00 0.08 0.86 1.00 1.00 0.80 0.02 0.00 0.00 0.00 0.00 0.00 0.00 0.00 0.28 1.00 1.00 0.55 0.00 
 0.00 0.00 0.00 0.28 1.00 1.00 1.00 0.33 0.00 0.00 0.00 0.00 0.00 0.00 0.00 0.30 1.00 0.75 0.02 0.00 
 0.00 0.00 0.00 0.02 0.72 1.00 1.00 0.77 0.00 0.00 0.00 0.00 0.00 0.00 0.00 0.50 0.96 0.17 0.00 0.00 
 0.00 0.00 0.00 0.00 0.20 0.99 1.00 0.99 0.25 0.00 0.00 0.00 0.00 0.00 0.02 0.82 0.56 0.00 0.00 0.00 
 0.00 0.00 0.00 0.00 0.00 0.67 1.00 1.00 0.74 0.00 0.00 0.00 0.00 0.00 0.24 0.88 0.06 0.00 0.00 0.00 
 0.00 0.00 0.00 0.00 0.00 0.20 0.99 1.00 0.99 0.25 0.00 0.00 0.00 0.02 0.69 0.38 0.00 0.00 0.00 0.00 
 0.00 0.00 0.00 0.00 0.00 0.00 0.72 1.00 1.00 0.74 0.00 0.00 0.00 0.24 0.77 0.00 0.00 0.00 0.00 0.00 
 0.00 0.00 0.00 0.00 0.00 0.00 0.27 1.00 1.00 0.99 0.25 0.00 0.02 0.69 0.22 0.00 0.00 0.00 0.00 0.00 
 0.00 0.00 0.00 0.00 0.00 0.00 0.02 0.75 1.00 1.00 0.74 0.00 0.31 0.61 0.00 0.00 0.00 0.00 0.00 0.00 
 0.00 0.00 0.00 0.00 0.00 0.00 0.00 0.27 1.00 1.00 0.99 0.31 0.78 0.09 0.00 0.00 0.00 0.00 0.00 0.00 
 0.00 0.00 0.00 0.00 0.00 0.00 0.00 0.02 0.75 1.00 1.00 0.97 0.44 0.00 0.00 0.00 0.00 0.00 0.00 0.00 
 0.00 0.00 0.00 0.00 0.00 0.00 0.00 0.00 0.31 1.00 1.00 0.89 0.02 0.00 0.00 0.00 0.00 0.00 0.00 0.00 
 0.00 0.00 0.00 0.00 0.00 0.00 0.00 0.00 0.25 1.00 1.00 0.88 0.00 0.00 0.00 0.00 0.00 0.00 0.00 0.00 
 0.00 0.00 0.00 0.00 0.00 0.00 0.00 0.00 0.25 1.00 1.00 0.88 0.00 0.00 0.00 0.00 0.00 0.00 0.00 0.00 
 0.00 0.00 0.00 0.00 0.00 0.00 0.00 0.00 0.25 1.00 1.00 0.88 0.00 0.00 0.00 0.00 0.00 0.00 0.00 0.00 
 0.00 0.00 0.00 0.00 0.00 0.00 0.00 0.00 0.25 1.00 1.00 0.88 0.00 0.00 0.00 0.00 0.00 0.00 0.00 0.00 
 0.00 0.00 0.00 0.00 0.00 0.00 0.00 0.00 0.25 1.00 1.00 0.88 0.00 0.00 0.00 0.00 0.00 0.00 0.00 0.00 
 0.00 0.00 0.00 0.00 0.00 0.00 0.00 0.00 0.39 1.00 1.00 0.94 0.09 0.00 0.00 0.00 0.00 0.00 0.00 0.00 
 