0.00 0.00 0.00 0.00 0.00 0.00 0.00 0.24 0.43 0.07 0.00 0.00 0.00 0.00 0.32 0.95 0.89 0.13 0.00 0.00 
 0.00 0.00 0.00 0.00 0.00 0.00 0.26 0.99 1.00 0.59 0.00 0.00 0.00 0.00 0.65 1.00 1.00 0.35 0.00 0.00 
 0.00 0.00 0.00 0.00 0.00 0.00 0.67 1.00 1.00 0.61 0.00 0.00 0.00 0.00 0.73 1.00 1.00 0.34 0.00 0.00 
 0.00 0.00 0.00 0.00 0.00 0.05 0.95 1.00 0.98 0.20 0.00 0.00 0.00 0.00 0.77 1.00 1.00 0.27 0.00 0.00 
 0.00 0.00 0.00 0.00 0.00 0.22 1.00 1.00 0.73 0.00 0.00 0.00 0.00 0.00 0.84 1.00 1.00 0.19 0.00 0.00 
 0.00 0.00 0.00 0.00 0.00 0.47 1.00 1.00 0.31 0.00 0.00 0.00 0.00 0.04 0.95 1.00 1.00 0.13 0.00 0.00 
 0.00 0.00 0.00 0.00 0.00 0.69 1.00 0.93 0.03 0.00 0.00 0.00 0.00 0.24 1.00 1.00 0.98 0.07 0.00 0.00 
 0.00 0.00 0.00 0.00 0.00 0.86 1.00 0.79 0.00 0.00 0.00 0.00 0.11 0.84 1.00 1.00 0.91 0.00 0.00 0.00 
 0.00 0.00 0.00 0.00 0.07 0.98 1.00 0.74 0.00 0.00 0.00 0.24 0.89 1.00 1.00 1.00 0.88 0.00 0.00 0.00 
 0.00 0.00 0.00 0.00 0.09 0.99 1.00 0.90 0.05 0.15 0.56 0.98 1.00 0.96 1.00 1.00 0.76 0.00 0.00 0.00 
 0.00 0.00 0.00 0.00 0.00 0.81 1.00 1.00 0.95 1.00 1.00 1.00 0.73 0.36 1.00 1.00 0.61 0.00 0.00 0.00 
 0.00 0.00 0.00 0.00 0.00 0.36 1.00 1.00 1.00 1.00 0.93 0.42 0.01 0.40 1.00 1.00 0.47 0.00 0.00 0.00 
 0.00 0.00 0.00 0.00 0.00 0.01 0.42 0.79 0.76 0.47 0.07 0.00 0.00 0.56 1.00 1.00 0.27 0.00 0.00 0.00 
 0.00 0.00 0.00 0.00 0.00 0.00 0.00 0.00 0.00 0.00 0.00 0.00 0.00 0.79 1.00 0.96 0.07 0.00 0.00 0.00 
 0.00 0.00 0.00 0.00 0.00 0.00 0.00 0.00 0.00 0.00 0.00 0.00 0.12 0.99 1.00 0.80 0.00 0.00 0.00 0.00 
 0.00 0.00 0.00 0.00 0.00 0.00 0.00 0.00 0.00 0.00 0.00 0.00 0.44 1.00 1.00 0.48 0.00 0.00 0.00 0.00 
 0.00 0.00 0.00 0.13 0.76 0.35 0.00 0.00 0.00 0.00 0.00 0.04 0.87 1.00 0.98 0.13 0.00 0.00 0.00 0.00 
 0.00 0.00 0.00 0.33 1.00 0.97 0.43 0.04 0.00 0.00 0.00 0.50 1.00 1.00 0.70 0.00 0.00 0.00 0.00 0.00 
 0.00 0.00 0.00 0.04 0.76 1.00 1.00 0.89 0.60 0.47 0.60 0.99 1.00 0.97 0.19 0.00 0.00 0.00 0.00 0.00 
 0.00 0.00 0.00 0.00 0.06 0.65 1.00 1.00 1.00 1.00 1.00 1.00 1.00 0.48 0.00 0.00 0.00 0.00 0.00 0.00 
 