0.00 0.75 1.00 1.00 1.00 1.00 0.82 0.00 0.00 0.00 0.00 0.00 0.06 0.88 1.00 1.00 1.00 1.00 0.75 0.00 
 0.00 0.22 0.39 0.86 0.89 0.39 0.27 0.00 0.00 0.00 0.00 0.00 0.00 0.27 0.39 0.89 0.85 0.38 0.22 0.00 
 0.00 0.00 0.00 0.27 0.99 0.39 0.00 0.00 0.00 0.00 0.00 0.00 0.00 0.00 0.39 0.99 0.27 0.00 0.00 0.00 
 0.00 0.00 0.00 0.00 0.58 0.93 0.11 0.00 0.00 0.00 0.00 0.00 0.00 0.13 0.94 0.61 0.00 0.00 0.00 0.00 
 0.00 0.00 0.00 0.00 0.08 0.86 0.72 0.02 0.00 0.00 0.00 0.00 0.02 0.67 0.88 0.06 0.00 0.00 0.00 0.00 
 0.00 0.00 0.00 0.00 0.00 0.27 0.99 0.42 0.00 0.00 0.00 0.00 0.36 0.99 0.33 0.00 0.00 0.00 0.00 0.00 
 0.00 0.00 0.00 0.00 0.00 0.00 0.60 0.93 0.14 0.00 0.00 0.13 0.93 0.64 0.00 0.00 0.00 0.00 0.00 0.00 
 0.00 0.00 0.00 0.00 0.00 0.00 0.08 0.89 0.74 0.02 0.02 0.67 0.91 0.09 0.00 0.00 0.00 0.00 0.00 0.00 
 0.00 0.00 0.00 0.00 0.00 0.00 0.00 0.30 0.99 0.42 0.31 0.99 0.36 0.00 0.00 0.00 0.00 0.00 0.00 0.00 
 0.00 0.00 0.00 0.00 0.00 0.00 0.00 0.00 0.61 0.93 0.89 0.69 0.00 0.00 0.00 0.00 0.00 0.00 0.00 0.00 
 0.00 0.00 0.00 0.00 0.00 0.00 0.00 0.00 0.08 0.89 0.93 0.13 0.00 0.00 0.00 0.00 0.00 0.00 0.00 0.00 
 0.00 0.00 0.00 0.00 0.00 0.00 0.00 0.00 0.00 0.63 0.75 0.00 0.00 0.00 0.00 0.00 0.00 0.00 0.00 0.00 
 0.00 0.00 0.00 0.00 0.00 0.00 0.00 0.00 0.00 0.63 0.75 0.00 0.00 0.00 0.00 0.00 0.00 0.00 0.00 0.00 
 0.00 0.00 0.00 0.00 0.00 0.00 0.00 0.00 0.00 0.63 0.75 0.00 0.00 0.00 0.00 0.00 0.00 0.00 0.00 0.00 
 0.00 0.00 0.00 0.00 0.00 0.00 0.00 0.00 0.00 0.63 0.75 0.00 0.00 0.00 0.00 0.00 0.00 0.00 0.00 0.00 
 0.00 0.00 0.00 0.00 0.00 0.00 0.00 0.00 0.00 0.63 0.75 0.00 0.00 0.00 0.00 0.00 0.00 0.00 0.00 0.00 
 0.00 0.00 0.00 0.00 0.00 0.00 0.00 0.00 0.00 0.63 0.75 0.00 0.00 0.00 0.00 0.00 0.00 0.00 0.00 0.00 
 0.00 0.00 0.00 0.00 0.00 0.00 0.00 0.00 0.00 0.63 0.75 0.00 0.00 0.00 0.00 0.00 0.00 0.00 0.00 0.00 
 0.00 0.00 0.00 0.00 0.05 0.35 0.38 0.38 0.38 0.77 0.85 0.38 0.38 0.38 0.36 0.06 0.00 0.00 0.00 0.00 
 0.00 0.00 0.00 0.00 0.19 0.97 1.00 1.00 1.00 1.00 1.00 1.00 1.00 1.00 0.99 0.28 0.00 0.00 0.00 0.00 
 