0.00 0.00 0.08 0.76 0.98 1.00 1.00 0.98 0.72 0.33 0.00 0.00 0.00 0.08 0.62 0.94 1.00 0.90 0.37 0.00 
 0.00 0.00 0.00 0.00 0.49 1.00 1.00 0.86 0.00 0.00 0.00 0.00 0.00 0.00 0.00 0.62 0.90 0.13 0.00 0.00 
 0.00 0.00 0.00 0.00 0.04 0.78 1.00 0.92 0.08 0.00 0.00 0.00 0.00 0.00 0.04 0.84 0.59 0.00 0.00 0.00 
 0.00 0.00 0.00 0.00 0.00 0.27 1.00 1.00 0.47 0.00 0.00 0.00 0.00 0.00 0.25 0.98 0.21 0.00 0.00 0.00 
 0.00 0.00 0.00 0.00 0.00 0.04 0.82 1.00 0.88 0.06 0.00 0.00 0.00 0.00 0.64 0.78 0.00 0.00 0.00 0.00 
 0.00 0.00 0.00 0.00 0.00 0.00 0.33 1.00 1.00 0.45 0.00 0.00 0.00 0.13 0.96 0.39 0.00 0.00 0.00 0.00 
 0.00 0.00 0.00 0.00 0.00 0.00 0.04 0.84 1.00 0.84 0.02 0.00 0.00 0.45 0.88 0.04 0.00 0.00 0.00 0.00 
 0.00 0.00 0.00 0.00 0.00 0.00 0.00 0.39 1.00 1.00 0.41 0.00 0.04 0.84 0.55 0.00 0.00 0.00 0.00 0.00 
 0.00 0.00 0.00 0.00 0.00 0.00 0.00 0.06 0.86 1.00 0.84 0.02 0.27 0.96 0.16 0.00 0.00 0.00 0.00 0.00 
 0.00 0.00 0.00 0.00 0.00 0.00 0.00 0.00 0.41 1.00 1.00 0.33 0.65 0.76 0.00 0.00 0.00 0.00 0.00 0.00 
 0.00 0.00 0.00 0.00 0.00 0.00 0.00 0.00 0.08 0.92 1.00 0.90 0.98 0.35 0.00 0.00 0.00 0.00 0.00 0.00 
 0.00 0.00 0.00 0.00 0.00 0.00 0.00 0.00 0.00 0.45 1.00 1.00 0.86 0.02 0.00 0.00 0.00 0.00 0.00 0.00 
 0.00 0.00 0.00 0.00 0.00 0.00 0.00 0.00 0.00 0.11 0.94 1.00 0.53 0.00 0.00 0.00 0.00 0.00 0.00 0.00 
 0.00 0.00 0.00 0.00 0.00 0.00 0.00 0.00 0.00 0.00 0.55 0.96 0.15 0.00 0.00 0.00 0.00 0.00 0.00 0.00 
 0.00 0.00 0.00 0.00 0.00 0.00 0.00 0.00 0.00 0.00 0.64 0.74 0.00 0.00 0.00 0.00 0.00 0.00 0.00 0.00 
 0.00 0.00 0.00 0.00 0.00 0.00 0.00 0.00 0.00 0.13 0.96 0.33 0.00 0.00 0.00 0.00 0.00 0.00 0.00 0.00 
 0.00 0.00 0.00 0.00 0.00 0.00 0.00 0.00 0.00 0.45 0.86 0.02 0.00 0.00 0.00 0.00 0.00 0.00 0.00 0.00 
 0.00 0.00 0.00 0.00 0.00 0.00 0.00 0.00 0.08 0.88 0.51 0.00 0.00 0.00 0.00 0.00 0.00 0.00 0.00 0.00 
 0.00 0.00 0.00 0.08 0.64 0.76 0.51 0.29 0.72 0.88 0.08 0.00 0.00 0.00 0.00 0.00 0.00 0.00 0.00 0.00 
 0.00 0.00 0.00 0.35 1.00 1.00 1.00 1.00 0.96 0.29 0.00 0.00 0.00 0.00 0.00 0.00 0.00 0.00 0.00 0.00 
 