0.00 0.00 0.00 0.69 1.00 0.91 0.33 0.00 0.00 0.00 0.00 0.00 0.00 0.00 0.00 0.09 0.83 1.00 0.86 0.06 
 0.00 0.00 0.00 0.42 1.00 1.00 0.83 0.02 0.00 0.00 0.00 0.00 0.00 0.00 0.00 0.45 1.00 1.00 0.67 0.00 
 0.00 0.00 0.00 0.06 0.89 1.00 1.00 0.33 0.00 0.00 0.00 0.00 0.00 0.00 0.08 0.91 1.00 0.97 0.19 0.00 
 0.00 0.00 0.00 0.00 0.42 1.00 1.00 0.80 0.02 0.00 0.00 0.00 0.00 0.00 0.42 1.00 1.00 0.67 0.00 0.00 
 0.00 0.00 0.00 0.00 0.06 0.89 1.00 1.00 0.31 0.00 0.00 0.00 0.00 0.05 0.86 1.00 0.97 0.19 0.00 0.00 
 0.00 0.00 0.00 0.00 0.00 0.42 1.00 1.00 0.74 0.00 0.00 0.00 0.00 0.38 1.00 1.00 0.67 0.00 0.00 0.00 
 0.00 0.00 0.00 0.00 0.00 0.06 0.89 1.00 0.99 0.25 0.00 0.00 0.05 0.86 1.00 0.97 0.19 0.00 0.00 0.00 
 0.00 0.00 0.00 0.00 0.00 0.00 0.42 1.00 1.00 0.72 0.00 0.00 0.33 1.00 1.00 0.67 0.00 0.00 0.00 0.00 
 0.00 0.00 0.00 0.00 0.00 0.00 0.06 0.89 1.00 0.97 0.17 0.02 0.77 1.00 0.97 0.19 0.00 0.00 0.00 0.00 
 0.00 0.00 0.00 0.00 0.00 0.00 0.00 0.42 1.00 1.00 0.61 0.22 1.00 1.00 0.67 0.00 0.00 0.00 0.00 0.00 
 0.00 0.00 0.00 0.00 0.00 0.00 0.00 0.06 0.89 1.00 0.94 0.69 1.00 0.97 0.19 0.00 0.00 0.00 0.00 0.00 
 0.00 0.00 0.00 0.00 0.00 0.00 0.00 0.00 0.42 1.00 1.00 1.00 1.00 0.67 0.00 0.00 0.00 0.00 0.00 0.00 
 0.00 0.00 0.00 0.00 0.00 0.00 0.00 0.00 0.06 0.89 1.00 1.00 0.97 0.19 0.00 0.00 0.00 0.00 0.00 0.00 
 0.00 0.00 0.00 0.00 0.00 0.00 0.00 0.00 0.00 0.47 1.00 1.00 0.72 0.00 0.00 0.00 0.00 0.00 0.00 0.00 
 0.00 0.00 0.00 0.00 0.00 0.00 0.00 0.00 0.00 0.38 1.00 1.00 0.63 0.00 0.00 0.00 0.00 0.00 0.00 0.00 
 0.00 0.00 0.00 0.00 0.00 0.00 0.00 0.00 0.00 0.38 1.00 1.00 0.63 0.00 0.00 0.00 0.00 0.00 0.00 0.00 
 0.00 0.00 0.00 0.00 0.00 0.00 0.00 0.00 0.00 0.38 1.00 1.00 0.63 0.00 0.00 0.00 0.00 0.00 0.00 0.00 
 0.00 0.00 0.00 0.00 0.00 0.00 0.00 0.00 0.00 0.38 1.00 1.00 0.63 0.00 0.00 0.00 0.00 0.00 0.00 0.00 
 0.00 0.00 0.00 0.00 0.00 0.00 0.00 0.00 0.00 0.38 1.00 1.00 0.63 0.00 0.00 0.00 0.00 0.00 0.00 0.00 
 0.00 0.00 0.00 0.00 0.00 0.00 0.00 0.00 0.00 0.38 1.00 1.00 0.63 0.00 0.00 0.00 0.00 0.00 0.00 0.00 
 