0.00 0.00 0.31 1.00 1.00 0.60 0.00 0.00 0.00 0.00 0.00 0.00 0.00 0.00 0.00 0.02 0.71 1.00 0.89 0.05 
 0.00 0.00 0.03 0.80 1.00 0.95 0.11 0.00 0.00 0.00 0.00 0.00 0.00 0.00 0.00 0.27 1.00 1.00 0.41 0.00 
 0.00 0.00 0.00 0.31 1.00 1.00 0.60 0.00 0.00 0.00 0.00 0.00 0.00 0.00 0.02 0.76 1.00 0.87 0.03 0.00 
 0.00 0.00 0.00 0.03 0.78 1.00 0.95 0.11 0.00 0.00 0.00 0.00 0.00 0.00 0.31 1.00 1.00 0.37 0.00 0.00 
 0.00 0.00 0.00 0.00 0.26 1.00 1.00 0.60 0.00 0.00 0.00 0.00 0.00 0.03 0.80 1.00 0.82 0.02 0.00 0.00 
 0.00 0.00 0.00 0.00 0.02 0.74 1.00 0.95 0.11 0.00 0.00 0.00 0.00 0.36 1.00 0.99 0.31 0.00 0.00 0.00 
 0.00 0.00 0.00 0.00 0.00 0.26 1.00 1.00 0.60 0.00 0.00 0.00 0.04 0.85 1.00 0.78 0.00 0.00 0.00 0.00 
 0.00 0.00 0.00 0.00 0.00 0.02 0.74 1.00 0.95 0.11 0.00 0.00 0.38 1.00 0.99 0.29 0.00 0.00 0.00 0.00 
 0.00 0.00 0.00 0.00 0.00 0.00 0.26 1.00 1.00 0.55 0.00 0.06 0.89 1.00 0.73 0.00 0.00 0.00 0.00 0.00 
 0.00 0.00 0.00 0.00 0.00 0.00 0.02 0.74 1.00 0.93 0.09 0.45 1.00 0.98 0.24 0.00 0.00 0.00 0.00 0.00 
 0.00 0.00 0.00 0.00 0.00 0.00 0.00 0.25 0.99 1.00 0.55 0.91 1.00 0.69 0.00 0.00 0.00 0.00 0.00 0.00 
 0.00 0.00 0.00 0.00 0.00 0.00 0.00 0.00 0.69 1.00 0.98 1.00 0.98 0.20 0.00 0.00 0.00 0.00 0.00 0.00 
 0.00 0.00 0.00 0.00 0.00 0.00 0.00 0.00 0.21 0.99 1.00 1.00 0.63 0.00 0.00 0.00 0.00 0.00 0.00 0.00 
 0.00 0.00 0.00 0.00 0.00 0.00 0.00 0.00 0.00 0.71 1.00 0.96 0.15 0.00 0.00 0.00 0.00 0.00 0.00 0.00 
 0.00 0.00 0.00 0.00 0.00 0.00 0.00 0.00 0.00 0.56 1.00 0.89 0.00 0.00 0.00 0.00 0.00 0.00 0.00 0.00 
 0.00 0.00 0.00 0.00 0.00 0.00 0.00 0.00 0.00 0.56 1.00 0.89 0.00 0.00 0.00 0.00 0.00 0.00 0.00 0.00 
 0.00 0.00 0.00 0.00 0.00 0.00 0.00 0.00 0.00 0.56 1.00 0.89 0.00 0.00 0.00 0.00 0.00 0.00 0.00 0.00 
 0.00 0.00 0.00 0.00 0.00 0.00 0.00 0.00 0.00 0.56 1.00 0.89 0.00 0.00 0.00 0.00 0.00 0.00 0.00 0.00 
 0.00 0.00 0.00 0.00 0.00 0.00 0.00 0.00 0.00 0.56 1.00 0.89 0.00 0.00 0.00 0.00 0.00 0.00 0.00 0.00 
 0.00 0.00 0.00 0.00 0.00 0.00 0.00 0.00 0.00 0.56 1.00 0.89 0.00 0.00 0.00 0.00 0.00 0.00 0.00 0.00 
 