0.45 0.45 0.45 0.45 0.45 0.45 0.45 0.45 0.30 0.00 0.00 0.00 0.00 0.00 0.20 0.45 0.45 0.45 0.45 0.45 
 0.29 0.71 1.00 1.00 1.00 1.00 0.82 0.32 0.15 0.00 0.00 0.00 0.00 0.00 0.10 0.35 0.88 1.00 1.00 0.83 
 0.00 0.02 0.48 1.00 1.00 1.00 0.37 0.00 0.00 0.00 0.00 0.00 0.00 0.00 0.00 0.00 0.48 1.00 0.73 0.04 
 0.00 0.00 0.03 0.71 1.00 1.00 0.69 0.00 0.00 0.00 0.00 0.00 0.00 0.00 0.00 0.00 0.68 0.88 0.09 0.00 
 0.00 0.00 0.00 0.13 0.93 1.00 0.99 0.31 0.00 0.00 0.00 0.00 0.00 0.00 0.00 0.24 0.98 0.30 0.00 0.00 
 0.00 0.00 0.00 0.00 0.40 1.00 1.00 0.88 0.07 0.00 0.00 0.00 0.00 0.00 0.05 0.83 0.65 0.00 0.00 0.00 
 0.00 0.00 0.00 0.00 0.03 0.73 1.00 1.00 0.63 0.00 0.00 0.00 0.00 0.00 0.49 0.90 0.09 0.00 0.00 0.00 
 0.00 0.00 0.00 0.00 0.00 0.14 0.94 1.00 0.99 0.31 0.00 0.00 0.00 0.18 0.96 0.36 0.00 0.00 0.00 0.00 
 0.00 0.00 0.00 0.00 0.00 0.00 0.41 1.00 1.00 0.87 0.06 0.00 0.03 0.77 0.71 0.00 0.00 0.00 0.00 0.00 
 0.00 0.00 0.00 0.00 0.00 0.00 0.03 0.73 1.00 1.00 0.60 0.00 0.44 0.93 0.13 0.00 0.00 0.00 0.00 0.00 
 0.00 0.00 0.00 0.00 0.00 0.00 0.00 0.15 0.96 1.00 0.98 0.41 0.95 0.44 0.00 0.00 0.00 0.00 0.00 0.00 
 0.00 0.00 0.00 0.00 0.00 0.00 0.00 0.00 0.45 1.00 1.00 1.00 0.76 0.02 0.00 0.00 0.00 0.00 0.00 0.00 
 0.00 0.00 0.00 0.00 0.00 0.00 0.00 0.00 0.03 0.80 1.00 1.00 0.27 0.00 0.00 0.00 0.00 0.00 0.00 0.00 
 0.00 0.00 0.00 0.00 0.00 0.00 0.00 0.00 0.00 0.67 1.00 1.00 0.22 0.00 0.00 0.00 0.00 0.00 0.00 0.00 
 0.00 0.00 0.00 0.00 0.00 0.00 0.00 0.00 0.00 0.67 1.00 1.00 0.22 0.00 0.00 0.00 0.00 0.00 0.00 0.00 
 0.00 0.00 0.00 0.00 0.00 0.00 0.00 0.00 0.00 0.67 1.00 1.00 0.22 0.00 0.00 0.00 0.00 0.00 0.00 0.00 
 0.00 0.00 0.00 0.00 0.00 0.00 0.00 0.00 0.00 0.67 1.00 1.00 0.22 0.00 0.00 0.00 0.00 0.00 0.00 0.00 
 0.00 0.00 0.00 0.00 0.00 0.00 0.00 0.00 0.00 0.67 1.00 1.00 0.22 0.00 0.00 0.00 0.00 0.00 0.00 0.00 
 0.00 0.00 0.00 0.00 0.00 0.00 0.00 0.00 0.00 0.71 1.00 1.00 0.26 0.00 0.00 0.00 0.00 0.00 0.00 0.00 
 0.00 0.00 0.00 0.00 0.00 0.00 0.00 0.00 0.06 0.91 1.00 1.00 0.49 0.00 0.00 0.00 0.00 0.00 0.00 0.00 
 