0.00 0.03 0.73 1.00 0.73 0.02 0.00 0.00 0.00 0.00 0.00 0.00 0.00 0.00 0.00 0.00 0.03 0.76 1.00 0.69 
 0.00 0.00 0.16 0.96 1.00 0.36 0.00 0.00 0.00 0.00 0.00 0.00 0.00 0.00 0.00 0.00 0.40 1.00 0.93 0.13 
 0.00 0.00 0.00 0.45 1.00 0.89 0.07 0.00 0.00 0.00 0.00 0.00 0.00 0.00 0.00 0.10 0.93 1.00 0.44 0.00 
 0.00 0.00 0.00 0.04 0.79 1.00 0.61 0.00 0.00 0.00 0.00 0.00 0.00 0.00 0.02 0.64 1.00 0.77 0.02 0.00 
 0.00 0.00 0.00 0.00 0.22 0.98 0.98 0.25 0.00 0.00 0.00 0.00 0.00 0.00 0.29 1.00 0.95 0.18 0.00 0.00 
 0.00 0.00 0.00 0.00 0.00 0.53 1.00 0.83 0.04 0.00 0.00 0.00 0.00 0.06 0.85 1.00 0.52 0.00 0.00 0.00 
 0.00 0.00 0.00 0.00 0.00 0.06 0.85 1.00 0.51 0.00 0.00 0.00 0.00 0.52 1.00 0.83 0.04 0.00 0.00 0.00 
 0.00 0.00 0.00 0.00 0.00 0.00 0.27 0.99 0.95 0.15 0.00 0.00 0.18 0.98 0.98 0.26 0.00 0.00 0.00 0.00 
 0.00 0.00 0.00 0.00 0.00 0.00 0.00 0.62 1.00 0.73 0.02 0.03 0.76 1.00 0.61 0.00 0.00 0.00 0.00 0.00 
 0.00 0.00 0.00 0.00 0.00 0.00 0.00 0.09 0.91 1.00 0.37 0.40 1.00 0.89 0.06 0.00 0.00 0.00 0.00 0.00 
 0.00 0.00 0.00 0.00 0.00 0.00 0.00 0.00 0.35 1.00 0.91 0.93 0.99 0.33 0.00 0.00 0.00 0.00 0.00 0.00 
 0.00 0.00 0.00 0.00 0.00 0.00 0.00 0.00 0.02 0.69 1.00 1.00 0.68 0.00 0.00 0.00 0.00 0.00 0.00 0.00 
 0.00 0.00 0.00 0.00 0.00 0.00 0.00 0.00 0.00 0.16 1.00 1.00 0.16 0.00 0.00 0.00 0.00 0.00 0.00 0.00 
 0.00 0.00 0.00 0.00 0.00 0.00 0.00 0.00 0.00 0.11 1.00 1.00 0.11 0.00 0.00 0.00 0.00 0.00 0.00 0.00 
 0.00 0.00 0.00 0.00 0.00 0.00 0.00 0.00 0.00 0.11 1.00 1.00 0.11 0.00 0.00 0.00 0.00 0.00 0.00 0.00 
 0.00 0.00 0.00 0.00 0.00 0.00 0.00 0.00 0.00 0.11 1.00 1.00 0.11 0.00 0.00 0.00 0.00 0.00 0.00 0.00 
 0.00 0.00 0.00 0.00 0.00 0.00 0.00 0.00 0.00 0.11 1.00 1.00 0.11 0.00 0.00 0.00 0.00 0.00 0.00 0.00 
 0.00 0.00 0.00 0.00 0.00 0.00 0.00 0.00 0.00 0.11 1.00 1.00 0.11 0.00 0.00 0.00 0.00 0.00 0.00 0.00 
 0.00 0.00 0.00 0.00 0.00 0.00 0.00 0.00 0.00 0.11 1.00 1.00 0.11 0.00 0.00 0.00 0.00 0.00 0.00 0.00 
 0.00 0.00 0.00 0.00 0.00 0.00 0.00 0.00 0.00 0.11 1.00 1.00 0.11 0.00 0.00 0.00 0.00 0.00 0.00 0.00 
 