0.46 0.56 0.56 0.56 0.56 0.56 0.56 0.48 0.35 0.00 0.00 0.00 0.00 0.00 0.25 0.48 0.56 0.56 0.56 0.56 
 0.02 0.41 0.95 1.00 1.00 1.00 0.71 0.05 0.00 0.00 0.00 0.00 0.00 0.00 0.00 0.06 0.78 1.00 0.99 0.67 
 0.00 0.00 0.31 0.99 1.00 1.00 0.48 0.00 0.00 0.00 0.00 0.00 0.00 0.00 0.00 0.00 0.47 1.00 0.61 0.00 
 0.00 0.00 0.00 0.62 1.00 1.00 0.83 0.02 0.00 0.00 0.00 0.00 0.00 0.00 0.00 0.02 0.77 0.83 0.04 0.00 
 0.00 0.00 0.00 0.09 0.91 1.00 1.00 0.45 0.00 0.00 0.00 0.00 0.00 0.00 0.00 0.31 0.99 0.27 0.00 0.00 
 0.00 0.00 0.00 0.00 0.35 1.00 1.00 0.94 0.14 0.00 0.00 0.00 0.00 0.00 0.06 0.88 0.64 0.00 0.00 0.00 
 0.00 0.00 0.00 0.00 0.02 0.68 1.00 1.00 0.72 0.02 0.00 0.00 0.00 0.00 0.56 0.90 0.09 0.00 0.00 0.00 
 0.00 0.00 0.00 0.00 0.00 0.13 0.93 1.00 1.00 0.37 0.00 0.00 0.00 0.24 0.98 0.37 0.00 0.00 0.00 0.00 
 0.00 0.00 0.00 0.00 0.00 0.00 0.41 1.00 1.00 0.90 0.09 0.00 0.04 0.80 0.72 0.00 0.00 0.00 0.00 0.00 
 0.00 0.00 0.00 0.00 0.00 0.00 0.03 0.76 1.00 1.00 0.65 0.00 0.45 0.94 0.15 0.00 0.00 0.00 0.00 0.00 
 0.00 0.00 0.00 0.00 0.00 0.00 0.00 0.18 0.96 1.00 0.99 0.45 0.95 0.47 0.00 0.00 0.00 0.00 0.00 0.00 
 0.00 0.00 0.00 0.00 0.00 0.00 0.00 0.00 0.47 1.00 1.00 1.00 0.80 0.03 0.00 0.00 0.00 0.00 0.00 0.00 
 0.00 0.00 0.00 0.00 0.00 0.00 0.00 0.00 0.04 0.83 1.00 1.00 0.30 0.00 0.00 0.00 0.00 0.00 0.00 0.00 
 0.00 0.00 0.00 0.00 0.00 0.00 0.00 0.00 0.00 0.67 1.00 1.00 0.22 0.00 0.00 0.00 0.00 0.00 0.00 0.00 
 0.00 0.00 0.00 0.00 0.00 0.00 0.00 0.00 0.00 0.67 1.00 1.00 0.22 0.00 0.00 0.00 0.00 0.00 0.00 0.00 
 0.00 0.00 0.00 0.00 0.00 0.00 0.00 0.00 0.00 0.67 1.00 1.00 0.22 0.00 0.00 0.00 0.00 0.00 0.00 0.00 
 0.00 0.00 0.00 0.00 0.00 0.00 0.00 0.00 0.00 0.67 1.00 1.00 0.22 0.00 0.00 0.00 0.00 0.00 0.00 0.00 
 0.00 0.00 0.00 0.00 0.00 0.00 0.00 0.00 0.00 0.67 1.00 1.00 0.22 0.00 0.00 0.00 0.00 0.00 0.00 0.00 
 0.00 0.00 0.00 0.00 0.00 0.00 0.00 0.00 0.00 0.71 1.00 1.00 0.25 0.00 0.00 0.00 0.00 0.00 0.00 0.00 
 0.00 0.00 0.00 0.00 0.00 0.00 0.00 0.00 0.04 0.89 1.00 1.00 0.46 0.00 0.00 0.00 0.00 0.00 0.00 0.00 
 