0.00 0.00 0.00 0.00 0.00 0.00 0.00 0.13 0.33 0.62 0.86 0.23 0.00 0.00 0.00 0.15 0.82 0.98 0.53 0.02 
 0.00 0.00 0.00 0.00 0.00 0.06 0.59 0.96 1.00 1.00 1.00 0.72 0.00 0.00 0.00 0.62 1.00 1.00 1.00 0.29 
 0.00 0.00 0.00 0.00 0.00 0.00 0.00 0.37 1.00 1.00 1.00 0.88 0.02 0.00 0.00 0.53 1.00 1.00 1.00 0.41 
 0.00 0.00 0.00 0.00 0.00 0.00 0.00 0.02 0.82 1.00 1.00 1.00 0.16 0.00 0.00 0.04 0.64 1.00 0.98 0.21 
 0.00 0.00 0.00 0.00 0.00 0.00 0.00 0.00 0.59 1.00 1.00 1.00 0.29 0.00 0.00 0.00 0.04 0.84 0.84 0.00 
 0.00 0.00 0.00 0.00 0.00 0.00 0.00 0.00 0.55 1.00 1.00 1.00 0.33 0.00 0.00 0.00 0.02 0.86 0.45 0.00 
 0.00 0.00 0.00 0.00 0.00 0.00 0.00 0.00 0.43 1.00 1.00 1.00 0.43 0.00 0.00 0.00 0.29 0.82 0.02 0.00 
 0.00 0.00 0.00 0.00 0.00 0.00 0.00 0.00 0.43 1.00 1.00 1.00 0.45 0.00 0.00 0.04 0.80 0.31 0.00 0.00 
 0.00 0.00 0.00 0.00 0.00 0.00 0.00 0.00 0.43 1.00 1.00 1.00 0.57 0.00 0.00 0.43 0.65 0.00 0.00 0.00 
 0.00 0.00 0.00 0.00 0.00 0.00 0.00 0.00 0.31 1.00 1.00 1.00 0.57 0.00 0.16 0.84 0.11 0.00 0.00 0.00 
 0.00 0.00 0.00 0.00 0.00 0.00 0.00 0.00 0.29 1.00 1.00 1.00 0.64 0.02 0.69 0.37 0.00 0.00 0.00 0.00 
 0.00 0.00 0.00 0.00 0.00 0.00 0.00 0.00 0.29 1.00 1.00 1.00 0.72 0.41 0.67 0.00 0.00 0.00 0.00 0.00 
 0.00 0.00 0.00 0.00 0.00 0.00 0.00 0.00 0.18 1.00 1.00 1.00 0.88 0.84 0.11 0.00 0.00 0.00 0.00 0.00 
 0.00 0.00 0.00 0.00 0.00 0.00 0.00 0.00 0.15 1.00 1.00 1.00 0.98 0.33 0.00 0.00 0.00 0.00 0.00 0.00 
 0.00 0.00 0.00 0.00 0.00 0.00 0.00 0.00 0.15 1.00 1.00 1.00 0.57 0.00 0.00 0.00 0.00 0.00 0.00 0.00 
 0.00 0.00 0.00 0.00 0.00 0.00 0.00 0.00 0.15 1.00 1.00 0.76 0.02 0.00 0.00 0.00 0.00 0.00 0.00 0.00 
 0.00 0.00 0.00 0.00 0.00 0.00 0.00 0.00 0.16 1.00 0.86 0.13 0.00 0.00 0.00 0.00 0.00 0.00 0.00 0.00 
 0.00 0.00 0.06 0.49 0.51 0.13 0.00 0.00 0.33 0.92 0.21 0.00 0.00 0.00 0.00 0.00 0.00 0.00 0.00 0.00 
 0.00 0.00 0.59 1.00 1.00 0.84 0.16 0.27 0.82 0.31 0.00 0.00 0.00 0.00 0.00 0.00 0.00 0.00 0.00 0.00 
 0.00 0.00 0.84 1.00 1.00 1.00 1.00 0.94 0.31 0.00 0.00 0.00 0.00 0.00 0.00 0.00 0.00 0.00 0.00 0.00 
 