0.06 0.85 1.00 0.98 0.24 0.00 0.00 0.00 0.00 0.00 0.00 0.00 0.00 0.00 0.00 0.25 0.99 1.00 0.74 0.02 
 0.00 0.25 0.99 1.00 0.83 0.04 0.00 0.00 0.00 0.00 0.00 0.00 0.00 0.00 0.06 0.85 1.00 0.93 0.13 0.00 
 0.00 0.00 0.56 1.00 1.00 0.56 0.00 0.00 0.00 0.00 0.00 0.00 0.00 0.00 0.56 1.00 0.99 0.36 0.00 0.00 
 0.00 0.00 0.06 0.85 1.00 0.98 0.24 0.00 0.00 0.00 0.00 0.00 0.00 0.25 0.99 1.00 0.67 0.00 0.00 0.00 
 0.00 0.00 0.00 0.25 0.99 1.00 0.82 0.04 0.00 0.00 0.00 0.00 0.06 0.85 1.00 0.89 0.09 0.00 0.00 0.00 
 0.00 0.00 0.00 0.00 0.56 1.00 1.00 0.53 0.00 0.00 0.00 0.00 0.56 1.00 0.99 0.30 0.00 0.00 0.00 0.00 
 0.00 0.00 0.00 0.00 0.06 0.85 1.00 0.96 0.21 0.00 0.00 0.25 0.99 1.00 0.58 0.00 0.00 0.00 0.00 0.00 
 0.00 0.00 0.00 0.00 0.00 0.25 0.99 1.00 0.78 0.02 0.06 0.85 1.00 0.84 0.05 0.00 0.00 0.00 0.00 0.00 
 0.00 0.00 0.00 0.00 0.00 0.00 0.56 1.00 1.00 0.40 0.49 1.00 0.96 0.24 0.00 0.00 0.00 0.00 0.00 0.00 
 0.00 0.00 0.00 0.00 0.00 0.00 0.06 0.85 1.00 0.94 0.96 1.00 0.51 0.00 0.00 0.00 0.00 0.00 0.00 0.00 
 0.00 0.00 0.00 0.00 0.00 0.00 0.00 0.25 0.99 1.00 1.00 0.78 0.03 0.00 0.00 0.00 0.00 0.00 0.00 0.00 
 0.00 0.00 0.00 0.00 0.00 0.00 0.00 0.00 0.64 1.00 1.00 0.21 0.00 0.00 0.00 0.00 0.00 0.00 0.00 0.00 
 0.00 0.00 0.00 0.00 0.00 0.00 0.00 0.00 0.56 1.00 1.00 0.11 0.00 0.00 0.00 0.00 0.00 0.00 0.00 0.00 
 0.00 0.00 0.00 0.00 0.00 0.00 0.00 0.00 0.56 1.00 1.00 0.11 0.00 0.00 0.00 0.00 0.00 0.00 0.00 0.00 
 0.00 0.00 0.00 0.00 0.00 0.00 0.00 0.00 0.56 1.00 1.00 0.11 0.00 0.00 0.00 0.00 0.00 0.00 0.00 0.00 
 0.00 0.00 0.00 0.00 0.00 0.00 0.00 0.00 0.56 1.00 1.00 0.11 0.00 0.00 0.00 0.00 0.00 0.00 0.00 0.00 
 0.00 0.00 0.00 0.00 0.00 0.00 0.00 0.00 0.56 1.00 1.00 0.11 0.00 0.00 0.00 0.00 0.00 0.00 0.00 0.00 
 0.00 0.00 0.00 0.00 0.00 0.00 0.00 0.00 0.56 1.00 1.00 0.11 0.00 0.00 0.00 0.00 0.00 0.00 0.00 0.00 
 0.00 0.00 0.00 0.00 0.00 0.00 0.00 0.00 0.56 1.00 1.00 0.11 0.00 0.00 0.00 0.00 0.00 0.00 0.00 0.00 
 0.00 0.00 0.00 0.00 0.00 0.00 0.00 0.00 0.56 1.00 1.00 0.11 0.00 0.00 0.00 0.00 0.00 0.00 0.00 0.00 
 