0.00 0.00 0.00 0.00 0.00 0.71 1.00 1.00 1.00 0.16 0.00 0.00 0.00 0.00 0.00 0.02 0.90 1.00 1.00 1.00 
 0.00 0.00 0.00 0.00 0.00 0.51 1.00 1.00 1.00 0.33 0.00 0.00 0.00 0.00 0.00 0.11 1.00 1.00 1.00 0.88 
 0.00 0.00 0.00 0.00 0.00 0.31 1.00 1.00 1.00 0.52 0.00 0.00 0.00 0.00 0.00 0.19 1.00 1.00 1.00 0.68 
 0.00 0.00 0.00 0.00 0.00 0.14 1.00 1.00 1.00 0.71 0.00 0.00 0.00 0.00 0.00 0.42 1.00 1.00 1.00 0.42 
 0.00 0.00 0.00 0.00 0.00 0.04 0.91 1.00 1.00 0.87 0.00 0.00 0.00 0.00 0.00 0.71 1.00 1.00 0.96 0.11 
 0.00 0.00 0.00 0.00 0.00 0.00 0.71 1.00 1.00 0.95 0.06 0.00 0.00 0.00 0.15 0.99 1.00 1.00 0.73 0.00 
 0.00 0.00 0.00 0.00 0.00 0.00 0.51 1.00 1.00 1.00 0.25 0.00 0.00 0.00 0.53 1.00 1.00 0.99 0.30 0.00 
 0.00 0.00 0.00 0.00 0.00 0.00 0.31 1.00 1.00 1.00 0.42 0.00 0.00 0.11 0.95 1.00 1.00 0.78 0.00 0.00 
 0.00 0.00 0.00 0.00 0.00 0.00 0.14 1.00 1.00 1.00 0.61 0.00 0.00 0.60 1.00 1.00 0.99 0.30 0.00 0.00 
 0.00 0.00 0.00 0.00 0.00 0.00 0.04 0.91 1.00 1.00 0.79 0.00 0.24 0.99 1.00 1.00 0.69 0.00 0.00 0.00 
 0.00 0.00 0.00 0.00 0.00 0.00 0.00 0.73 1.00 1.00 0.90 0.06 0.80 1.00 1.00 0.94 0.14 0.00 0.00 0.00 
 0.00 0.00 0.00 0.00 0.00 0.00 0.00 0.53 1.00 1.00 1.00 0.64 1.00 1.00 1.00 0.47 0.00 0.00 0.00 0.00 
 0.00 0.00 0.00 0.00 0.00 0.00 0.00 0.33 1.00 1.00 1.00 1.00 1.00 1.00 0.76 0.02 0.00 0.00 0.00 0.00 
 0.00 0.00 0.00 0.00 0.00 0.00 0.00 0.15 1.00 1.00 1.00 1.00 1.00 0.93 0.15 0.00 0.00 0.00 0.00 0.00 
 0.00 0.00 0.00 0.00 0.00 0.00 0.00 0.05 0.93 1.00 1.00 1.00 0.99 0.37 0.00 0.00 0.00 0.00 0.00 0.00 
 0.00 0.00 0.00 0.00 0.00 0.00 0.00 0.05 0.87 1.00 1.00 1.00 0.61 0.00 0.00 0.00 0.00 0.00 0.00 0.00 
 0.00 0.00 0.00 0.00 0.00 0.00 0.02 0.64 1.00 1.00 1.00 0.78 0.04 0.00 0.00 0.00 0.00 0.00 0.00 0.00 
 0.00 0.00 0.00 0.00 0.00 0.05 0.60 1.00 1.00 1.00 0.85 0.11 0.00 0.00 0.00 0.00 0.00 0.00 0.00 0.00 
 0.00 0.19 0.33 0.33 0.42 0.82 1.00 1.00 1.00 0.89 0.16 0.00 0.00 0.00 0.00 0.00 0.00 0.00 0.00 0.00 
 0.00 0.45 1.00 1.00 1.00 1.00 1.00 1.00 0.85 0.13 0.00 0.00 0.00 0.00 0.00 0.00 0.00 0.00 0.00 0.00 
 