0.00 0.03 0.41 0.64 0.83 0.94 0.58 0.00 0.00 0.00 0.00 0.00 0.00 0.00 0.02 0.60 0.97 0.52 0.00 0.00 
 0.00 0.03 0.39 0.38 0.64 1.00 0.99 0.22 0.00 0.00 0.00 0.00 0.00 0.00 0.24 1.00 0.91 0.11 0.00 0.00 
 0.00 0.00 0.00 0.00 0.02 0.75 1.00 0.66 0.00 0.00 0.00 0.00 0.00 0.02 0.71 0.99 0.35 0.00 0.00 0.00 
 0.00 0.00 0.00 0.00 0.00 0.27 1.00 0.94 0.09 0.00 0.00 0.00 0.00 0.22 1.00 0.67 0.00 0.00 0.00 0.00 
 0.00 0.00 0.00 0.00 0.00 0.03 0.80 1.00 0.49 0.00 0.00 0.00 0.00 0.63 0.93 0.11 0.00 0.00 0.00 0.00 
 0.00 0.00 0.00 0.00 0.00 0.00 0.36 1.00 0.85 0.02 0.00 0.00 0.16 0.99 0.45 0.00 0.00 0.00 0.00 0.00 
 0.00 0.00 0.00 0.00 0.00 0.00 0.06 0.91 1.00 0.28 0.00 0.00 0.53 0.83 0.02 0.00 0.00 0.00 0.00 0.00 
 0.00 0.00 0.00 0.00 0.00 0.00 0.00 0.53 1.00 0.66 0.00 0.09 0.93 0.31 0.00 0.00 0.00 0.00 0.00 0.00 
 0.00 0.00 0.00 0.00 0.00 0.00 0.00 0.19 1.00 0.93 0.06 0.41 0.77 0.00 0.00 0.00 0.00 0.00 0.00 0.00 
 0.00 0.00 0.00 0.00 0.00 0.00 0.00 0.02 0.80 1.00 0.39 0.83 0.31 0.00 0.00 0.00 0.00 0.00 0.00 0.00 
 0.00 0.00 0.00 0.00 0.00 0.00 0.00 0.00 0.47 1.00 0.85 0.83 0.02 0.00 0.00 0.00 0.00 0.00 0.00 0.00 
 0.00 0.00 0.00 0.00 0.00 0.00 0.00 0.00 0.20 1.00 1.00 0.50 0.00 0.00 0.00 0.00 0.00 0.00 0.00 0.00 
 0.00 0.00 0.00 0.00 0.00 0.00 0.00 0.00 0.13 1.00 1.00 0.30 0.00 0.00 0.00 0.00 0.00 0.00 0.00 0.00 
 0.00 0.00 0.00 0.00 0.00 0.00 0.00 0.00 0.13 1.00 1.00 0.16 0.00 0.00 0.00 0.00 0.00 0.00 0.00 0.00 
 0.00 0.00 0.00 0.00 0.00 0.00 0.00 0.00 0.13 1.00 1.00 0.13 0.00 0.00 0.00 0.00 0.00 0.00 0.00 0.00 
 0.00 0.00 0.00 0.00 0.00 0.00 0.00 0.00 0.13 1.00 0.94 0.06 0.00 0.00 0.00 0.00 0.00 0.00 0.00 0.00 
 0.00 0.00 0.00 0.00 0.00 0.00 0.00 0.00 0.13 1.00 0.88 0.00 0.00 0.00 0.00 0.00 0.00 0.00 0.00 0.00 
 0.00 0.00 0.00 0.00 0.00 0.00 0.00 0.00 0.13 1.00 0.88 0.00 0.00 0.00 0.00 0.00 0.00 0.00 0.00 0.00 
 0.00 0.00 0.00 0.00 0.00 0.00 0.00 0.00 0.22 1.00 0.88 0.00 0.00 0.00 0.00 0.00 0.00 0.00 0.00 0.00 
 0.00 0.00 0.00 0.00 0.00 0.00 0.00 0.00 0.25 0.93 0.71 0.00 0.00 0.00 0.00 0.00 0.00 0.00 0.00 0.00 
 