0.00 0.00 0.04 0.90 1.00 1.00 0.96 0.10 0.00 0.00 0.00 0.00 0.00 0.45 1.00 1.00 1.00 0.51 0.00 0.00 
 0.00 0.00 0.00 0.53 1.00 1.00 1.00 0.42 0.00 0.00 0.00 0.00 0.01 0.79 1.00 1.00 0.98 0.15 0.00 0.00 
 0.00 0.00 0.00 0.18 1.00 1.00 1.00 0.75 0.00 0.00 0.00 0.00 0.15 1.00 1.00 1.00 0.78 0.00 0.00 0.00 
 0.00 0.00 0.00 0.01 0.80 1.00 1.00 0.96 0.10 0.00 0.00 0.00 0.44 1.00 1.00 1.00 0.42 0.00 0.00 0.00 
 0.00 0.00 0.00 0.00 0.42 1.00 1.00 1.00 0.42 0.00 0.00 0.00 0.75 1.00 1.00 0.96 0.09 0.00 0.00 0.00 
 0.00 0.00 0.00 0.00 0.10 0.97 1.00 1.00 0.75 0.00 0.00 0.13 0.99 1.00 1.00 0.71 0.00 0.00 0.00 0.00 
 0.00 0.00 0.00 0.00 0.00 0.67 1.00 1.00 0.96 0.10 0.00 0.42 1.00 1.00 1.00 0.34 0.00 0.00 0.00 0.00 
 0.00 0.00 0.00 0.00 0.00 0.30 1.00 1.00 1.00 0.42 0.00 0.73 1.00 1.00 0.92 0.03 0.00 0.00 0.00 0.00 
 0.00 0.00 0.00 0.00 0.00 0.05 0.91 1.00 1.00 0.75 0.10 0.98 1.00 1.00 0.61 0.00 0.00 0.00 0.00 0.00 
 0.00 0.00 0.00 0.00 0.00 0.00 0.56 1.00 1.00 0.96 0.49 1.00 1.00 1.00 0.25 0.00 0.00 0.00 0.00 0.00 
 0.00 0.00 0.00 0.00 0.00 0.00 0.20 1.00 1.00 1.00 0.97 1.00 1.00 0.86 0.01 0.00 0.00 0.00 0.00 0.00 
 0.00 0.00 0.00 0.00 0.00 0.00 0.01 0.81 1.00 1.00 1.00 1.00 1.00 0.52 0.00 0.00 0.00 0.00 0.00 0.00 
 0.00 0.00 0.00 0.00 0.00 0.00 0.00 0.43 1.00 1.00 1.00 1.00 0.98 0.16 0.00 0.00 0.00 0.00 0.00 0.00 
 0.00 0.00 0.00 0.00 0.00 0.00 0.00 0.11 0.98 1.00 1.00 1.00 0.80 0.00 0.00 0.00 0.00 0.00 0.00 0.00 
 0.00 0.00 0.00 0.00 0.00 0.00 0.00 0.00 0.76 1.00 1.00 1.00 0.44 0.00 0.00 0.00 0.00 0.00 0.00 0.00 
 0.00 0.00 0.00 0.00 0.00 0.00 0.00 0.06 0.93 1.00 1.00 0.96 0.09 0.00 0.00 0.00 0.00 0.00 0.00 0.00 
 0.00 0.00 0.00 0.00 0.00 0.00 0.01 0.52 1.00 1.00 1.00 0.71 0.00 0.00 0.00 0.00 0.00 0.00 0.00 0.00 
 0.00 0.00 0.00 0.07 0.58 0.50 0.69 1.00 1.00 1.00 0.99 0.29 0.00 0.00 0.00 0.00 0.00 0.00 0.00 0.00 
 0.00 0.00 0.00 0.08 0.98 1.00 1.00 1.00 1.00 1.00 0.74 0.00 0.00 0.00 0.00 0.00 0.00 0.00 0.00 0.00 
 0.00 0.00 0.00 0.00 0.89 1.00 1.00 1.00 1.00 0.80 0.10 0.00 0.00 0.00 0.00 0.00 0.00 0.00 0.00 0.00 
 