0.00 0.00 0.00 0.00 0.47 1.00 1.00 1.00 0.93 0.03 0.00 0.00 0.00 0.00 0.18 0.99 1.00 1.00 0.99 0.33 
 0.00 0.00 0.00 0.00 0.27 1.00 1.00 1.00 1.00 0.14 0.00 0.00 0.00 0.00 0.65 1.00 1.00 1.00 0.73 0.00 
 0.00 0.00 0.00 0.00 0.11 1.00 1.00 1.00 1.00 0.26 0.00 0.00 0.00 0.18 0.99 1.00 1.00 0.97 0.18 0.00 
 0.00 0.00 0.00 0.00 0.02 0.89 1.00 1.00 1.00 0.37 0.00 0.00 0.00 0.65 1.00 1.00 1.00 0.59 0.00 0.00 
 0.00 0.00 0.00 0.00 0.00 0.69 1.00 1.00 1.00 0.50 0.00 0.00 0.18 0.99 1.00 1.00 0.91 0.08 0.00 0.00 
 0.00 0.00 0.00 0.00 0.00 0.49 1.00 1.00 1.00 0.61 0.00 0.00 0.65 1.00 1.00 1.00 0.42 0.00 0.00 0.00 
 0.00 0.00 0.00 0.00 0.00 0.29 1.00 1.00 1.00 0.73 0.00 0.18 0.99 1.00 1.00 0.79 0.01 0.00 0.00 0.00 
 0.00 0.00 0.00 0.00 0.00 0.13 1.00 1.00 1.00 0.84 0.01 0.67 1.00 1.00 0.98 0.25 0.00 0.00 0.00 0.00 
 0.00 0.00 0.00 0.00 0.00 0.03 0.91 1.00 1.00 0.90 0.22 1.00 1.00 1.00 0.66 0.00 0.00 0.00 0.00 0.00 
 0.00 0.00 0.00 0.00 0.00 0.00 0.71 1.00 1.00 0.90 0.63 1.00 1.00 0.95 0.12 0.00 0.00 0.00 0.00 0.00 
 0.00 0.00 0.00 0.00 0.00 0.00 0.51 1.00 1.00 0.97 0.96 1.00 1.00 0.50 0.00 0.00 0.00 0.00 0.00 0.00 
 0.00 0.00 0.00 0.00 0.00 0.00 0.32 1.00 1.00 1.00 1.00 1.00 0.86 0.04 0.00 0.00 0.00 0.00 0.00 0.00 
 0.00 0.00 0.00 0.00 0.00 0.00 0.14 1.00 1.00 1.00 1.00 0.99 0.32 0.00 0.00 0.00 0.00 0.00 0.00 0.00 
 0.00 0.00 0.00 0.00 0.00 0.00 0.04 0.94 1.00 1.00 1.00 0.72 0.00 0.00 0.00 0.00 0.00 0.00 0.00 0.00 
 0.00 0.00 0.00 0.00 0.00 0.00 0.23 0.99 1.00 1.00 0.96 0.17 0.00 0.00 0.00 0.00 0.00 0.00 0.00 0.00 
 0.00 0.00 0.00 0.00 0.00 0.04 0.81 1.00 1.00 1.00 0.58 0.00 0.00 0.00 0.00 0.00 0.00 0.00 0.00 0.00 
 0.00 0.02 0.00 0.00 0.03 0.56 1.00 1.00 1.00 0.88 0.07 0.00 0.00 0.00 0.00 0.00 0.00 0.00 0.00 0.00 
 0.00 0.36 0.71 0.61 0.85 1.00 1.00 1.00 0.98 0.28 0.00 0.00 0.00 0.00 0.00 0.00 0.00 0.00 0.00 0.00 
 0.00 0.59 1.00 1.00 1.00 1.00 1.00 0.99 0.45 0.00 0.00 0.00 0.00 0.00 0.00 0.00 0.00 0.00 0.00 0.00 
 0.00 0.81 1.00 1.00 1.00 1.00 0.92 0.35 0.00 0.00 0.00 0.00 0.00 0.00 0.00 0.00 0.00 0.00 0.00 0.00 
 