0.00 0.75 1.00 1.00 1.00 1.00 0.82 0.00 0.00 0.00 0.00 0.00 0.09 0.94 1.00 1.00 1.00 1.00 0.63 0.00 
 0.00 0.22 0.39 0.86 0.89 0.39 0.27 0.00 0.00 0.00 0.00 0.00 0.02 0.31 0.44 0.96 0.78 0.38 0.17 0.00 
 0.00 0.00 0.00 0.27 0.99 0.39 0.00 0.00 0.00 0.00 0.00 0.00 0.00 0.00 0.52 0.94 0.16 0.00 0.00 0.00 
 0.00 0.00 0.00 0.00 0.61 0.89 0.09 0.00 0.00 0.00 0.00 0.00 0.00 0.19 0.97 0.49 0.00 0.00 0.00 0.00 
 0.00 0.00 0.00 0.00 0.08 0.89 0.66 0.00 0.00 0.00 0.00 0.00 0.03 0.78 0.78 0.02 0.00 0.00 0.00 0.00 
 0.00 0.00 0.00 0.00 0.00 0.33 0.99 0.33 0.00 0.00 0.00 0.00 0.44 0.97 0.22 0.00 0.00 0.00 0.00 0.00 
 0.00 0.00 0.00 0.00 0.00 0.02 0.66 0.88 0.08 0.00 0.00 0.17 0.96 0.53 0.00 0.00 0.00 0.00 0.00 0.00 
 0.00 0.00 0.00 0.00 0.00 0.00 0.11 0.91 0.63 0.00 0.03 0.75 0.82 0.03 0.00 0.00 0.00 0.00 0.00 0.00 
 0.00 0.00 0.00 0.00 0.00 0.00 0.00 0.38 0.99 0.30 0.41 0.97 0.25 0.00 0.00 0.00 0.00 0.00 0.00 0.00 
 0.00 0.00 0.00 0.00 0.00 0.00 0.00 0.02 0.71 0.89 0.94 0.58 0.00 0.00 0.00 0.00 0.00 0.00 0.00 0.00 
 0.00 0.00 0.00 0.00 0.00 0.00 0.00 0.00 0.13 0.94 0.86 0.05 0.00 0.00 0.00 0.00 0.00 0.00 0.00 0.00 
 0.00 0.00 0.00 0.00 0.00 0.00 0.00 0.00 0.00 0.75 0.63 0.00 0.00 0.00 0.00 0.00 0.00 0.00 0.00 0.00 
 0.00 0.00 0.00 0.00 0.00 0.00 0.00 0.00 0.00 0.75 0.63 0.00 0.00 0.00 0.00 0.00 0.00 0.00 0.00 0.00 
 0.00 0.00 0.00 0.00 0.00 0.00 0.00 0.00 0.00 0.75 0.63 0.00 0.00 0.00 0.00 0.00 0.00 0.00 0.00 0.00 
 0.00 0.00 0.00 0.00 0.00 0.00 0.00 0.00 0.00 0.75 0.63 0.00 0.00 0.00 0.00 0.00 0.00 0.00 0.00 0.00 
 0.00 0.00 0.00 0.00 0.00 0.00 0.00 0.00 0.00 0.75 0.63 0.00 0.00 0.00 0.00 0.00 0.00 0.00 0.00 0.00 
 0.00 0.00 0.00 0.00 0.00 0.00 0.00 0.00 0.00 0.75 0.63 0.00 0.00 0.00 0.00 0.00 0.00 0.00 0.00 0.00 
 0.00 0.00 0.00 0.00 0.00 0.00 0.00 0.00 0.00 0.75 0.63 0.00 0.00 0.00 0.00 0.00 0.00 0.00 0.00 0.00 
 0.00 0.00 0.00 0.00 0.06 0.36 0.38 0.38 0.38 0.85 0.77 0.38 0.38 0.38 0.33 0.03 0.00 0.00 0.00 0.00 
 0.00 0.00 0.00 0.00 0.27 0.99 1.00 1.00 1.00 1.00 1.00 1.00 1.00 1.00 0.96 0.16 0.00 0.00 0.00 0.00 
 