-1.00 -1.00 -1.00 -1.00 -0.27 0.98 0.36 -1.00 -1.00 -1.00 -1.00 -1.00 -1.00 -1.00 -1.00 -1.00 -0.99 0.18 0.95 -0.27 
 -1.00 -1.00 -1.00 -1.00 -0.21 1.00 1.00 -0.80 -1.00 -1.00 -1.00 -1.00 -1.00 -1.00 -1.00 -1.00 -0.24 1.00 0.84 -0.85 
 -1.00 -1.00 -1.00 -1.00 -0.69 1.00 1.00 -0.34 -1.00 -1.00 -1.00 -1.00 -1.00 -1.00 -1.00 -0.82 0.86 1.00 -0.29 -1.00 
 -1.00 -1.00 -1.00 -1.00 -0.99 0.84 1.00 0.11 -1.00 -1.00 -1.00 -1.00 -1.00 -1.00 -1.00 0.31 1.00 0.44 -0.99 -1.00 
 -1.00 -1.00 -1.00 -1.00 -1.00 0.37 1.00 0.56 -1.00 -1.00 -1.00 -1.00 -1.00 -1.00 -0.42 1.00 0.91 -0.74 -1.00 -1.00 
 -1.00 -1.00 -1.00 -1.00 -1.00 -0.11 1.00 0.95 -0.94 -1.00 -1.00 -1.00 -1.00 -0.91 0.75 1.00 -0.11 -1.00 -1.00 -1.00 
 -1.00 -1.00 -1.00 -1.00 -1.00 -0.58 1.00 1.00 -0.54 -1.00 -1.00 -1.00 -1.00 0.08 1.00 0.60 -0.97 -1.00 -1.00 -1.00 
 -1.00 -1.00 -1.00 -1.00 -1.00 -0.96 0.91 1.00 -0.09 -1.00 -1.00 -1.00 -0.64 0.97 0.97 -0.62 -1.00 -1.00 -1.00 -1.00 
 -1.00 -1.00 -1.00 -1.00 -1.00 -1.00 0.47 1.00 0.36 -1.00 -1.00 -0.98 0.55 1.00 0.08 -1.00 -1.00 -1.00 -1.00 -1.00 
 -1.00 -1.00 -1.00 -1.00 -1.00 -1.00 -0.00 1.00 0.81 -0.99 -1.00 -0.22 1.00 0.73 -0.92 -1.00 -1.00 -1.00 -1.00 -1.00 
 -1.00 -1.00 -1.00 -1.00 -1.00 -1.00 -0.47 1.00 1.00 -0.76 -0.86 0.84 1.00 -0.46 -1.00 -1.00 -1.00 -1.00 -1.00 -1.00 
 -1.00 -1.00 -1.00 -1.00 -1.00 -1.00 -0.91 0.97 1.00 -0.40 0.16 1.00 0.26 -1.00 -1.00 -1.00 -1.00 -1.00 -1.00 -1.00 
 -1.00 -1.00 -1.00 -1.00 -1.00 -1.00 -1.00 0.58 1.00 0.18 0.97 0.84 -0.84 -1.00 -1.00 -1.00 -1.00 -1.00 -1.00 -1.00 
 -1.00 -1.00 -1.00 -1.00 -1.00 -1.00 -1.00 0.11 1.00 0.98 1.00 -0.28 -1.00 -1.00 -1.00 -1.00 -1.00 -1.00 -1.00 -1.00 
 -1.00 -1.00 -1.00 -1.00 -1.00 -1.00 -1.00 -0.37 1.00 1.00 0.45 -0.99 -1.00 -1.00 -1.00 -1.00 -1.00 -1.00 -1.00 -1.00 
 -1.00 -1.00 -1.00 -1.00 -1.00 -1.00 -1.00 -0.75 1.00 0.92 -0.74 -1.00 -1.00 -1.00 -1.00 -1.00 -1.00 -1.00 -1.00 -1.00 
 -1.00 -1.00 -1.00 -1.00 -1.00 -1.00 -1.00 0.12 1.00 -0.09 -1.00 -1.00 -1.00 -1.00 -1.00 -1.00 -1.00 -1.00 -1.00 -1.00 
 -1.00 -0.86 -1.00 -1.00 -1.00 -0.95 -0.11 0.98 0.49 -0.97 -1.00 -1.00 -1.00 -1.00 -1.00 -1.00 -1.00 -1.00 -1.00 -1.00 
 -0.71 1.00 0.76 0.53 0.55 0.87 1.00 0.49 -0.88 -1.00 -1.00 -1.00 -1.00 -1.00 -1.00 -1.00 -1.00 -1.00 -1.00 -1.00 
 -0.51 1.00 1.00 1.00 1.00 0.66 -0.19 -0.98 -1.00 -1.00 -1.00 -1.00 -1.00 -1.00 -1.00 -1.00 -1.00 -1.00 -1.00 -1.00 
 