-1.00 -1.00 -1.00 -0.59 1.00 1.00 1.00 1.00 1.00 1.00 -0.88 -1.00 -1.00 0.12 1.00 1.00 1.00 1.00 0.15 -1.00 
 -1.00 -1.00 -1.00 -0.95 -0.68 0.22 1.00 1.00 -0.44 -0.78 -1.00 -1.00 -1.00 -0.87 -0.58 1.00 0.40 -0.58 -0.89 -1.00 
 -1.00 -1.00 -1.00 -1.00 -1.00 -0.40 1.00 1.00 -0.65 -1.00 -1.00 -1.00 -1.00 -1.00 -0.09 0.93 -0.76 -1.00 -1.00 -1.00 
 -1.00 -1.00 -1.00 -1.00 -1.00 -0.84 1.00 1.00 -0.21 -1.00 -1.00 -1.00 -1.00 -0.84 0.88 0.01 -1.00 -1.00 -1.00 -1.00 
 -1.00 -1.00 -1.00 -1.00 -1.00 -1.00 0.73 1.00 0.22 -1.00 -1.00 -1.00 -1.00 0.18 0.77 -0.91 -1.00 -1.00 -1.00 -1.00 
 -1.00 -1.00 -1.00 -1.00 -1.00 -1.00 0.29 1.00 0.66 -1.00 -1.00 -1.00 -0.65 0.98 -0.30 -1.00 -1.00 -1.00 -1.00 -1.00 
 -1.00 -1.00 -1.00 -1.00 -1.00 -1.00 -0.15 1.00 0.98 -0.88 -1.00 -0.99 0.45 0.54 -0.99 -1.00 -1.00 -1.00 -1.00 -1.00 
 -1.00 -1.00 -1.00 -1.00 -1.00 -1.00 -0.59 1.00 1.00 -0.47 -1.00 -0.41 0.98 -0.60 -1.00 -1.00 -1.00 -1.00 -1.00 -1.00 
 -1.00 -1.00 -1.00 -1.00 -1.00 -1.00 -0.96 0.93 1.00 -0.03 -0.96 0.69 0.22 -1.00 -1.00 -1.00 -1.00 -1.00 -1.00 -1.00 
 -1.00 -1.00 -1.00 -1.00 -1.00 -1.00 -1.00 0.53 1.00 0.40 -0.14 0.89 -0.82 -1.00 -1.00 -1.00 -1.00 -1.00 -1.00 -1.00 
 -1.00 -1.00 -1.00 -1.00 -1.00 -1.00 -1.00 0.09 1.00 0.86 0.86 -0.08 -1.00 -1.00 -1.00 -1.00 -1.00 -1.00 -1.00 -1.00 
 -1.00 -1.00 -1.00 -1.00 -1.00 -1.00 -1.00 -0.35 1.00 1.00 0.71 -0.95 -1.00 -1.00 -1.00 -1.00 -1.00 -1.00 -1.00 -1.00 
 -1.00 -1.00 -1.00 -1.00 -1.00 -1.00 -1.00 -0.79 1.00 1.00 -0.40 -1.00 -1.00 -1.00 -1.00 -1.00 -1.00 -1.00 -1.00 -1.00 
 -1.00 -1.00 -1.00 -1.00 -1.00 -1.00 -1.00 -1.00 0.82 0.44 -0.99 -1.00 -1.00 -1.00 -1.00 -1.00 -1.00 -1.00 -1.00 -1.00 
 -1.00 -1.00 -1.00 -1.00 -1.00 -1.00 -1.00 -0.53 0.96 -0.67 -1.00 -1.00 -1.00 -1.00 -1.00 -1.00 -1.00 -1.00 -1.00 -1.00 
 -1.00 -1.00 -1.00 -1.00 -1.00 -1.00 -0.96 0.62 0.13 -1.00 -1.00 -1.00 -1.00 -1.00 -1.00 -1.00 -1.00 -1.00 -1.00 -1.00 
 -1.00 -1.00 -0.99 -1.00 -1.00 -1.00 0.02 0.78 -0.89 -1.00 -1.00 -1.00 -1.00 -1.00 -1.00 -1.00 -1.00 -1.00 -1.00 -1.00 
 -1.00 -0.84 0.68 0.22 -0.62 -0.34 0.96 -0.48 -1.00 -1.00 -1.00 -1.00 -1.00 -1.00 -1.00 -1.00 -1.00 -1.00 -1.00 -1.00 
 -1.00 -0.11 1.00 1.00 1.00 0.98 -0.18 -1.00 -1.00 -1.00 -1.00 -1.00 -1.00 -1.00 -1.00 -1.00 -1.00 -1.00 -1.00 -1.00 
 -1.00 -0.47 0.95 1.00 0.79 -0.34 -1.00 -1.00 -1.00 -1.00 -1.00 -1.00 -1.00 -1.00 -1.00 -1.00 -1.00 -1.00 -1.00 -1.00 
 