-1.00 -1.00 -1.00 -0.02 1.00 1.00 1.00 1.00 1.00 0.68 -1.00 -1.00 -1.00 0.50 1.00 1.00 1.00 1.00 0.98 -0.48 
 -1.00 -1.00 -1.00 -1.00 -0.56 0.95 1.00 1.00 -0.18 -0.99 -1.00 -1.00 -1.00 -0.98 -0.16 1.00 1.00 0.20 -0.81 -1.00 
 -1.00 -1.00 -1.00 -1.00 -1.00 0.43 1.00 1.00 -0.52 -1.00 -1.00 -1.00 -1.00 -1.00 -0.40 1.00 0.17 -1.00 -1.00 -1.00 
 -1.00 -1.00 -1.00 -1.00 -1.00 -0.10 1.00 1.00 -0.05 -1.00 -1.00 -1.00 -1.00 -1.00 0.37 0.75 -0.92 -1.00 -1.00 -1.00 
 -1.00 -1.00 -1.00 -1.00 -1.00 -0.62 1.00 1.00 0.44 -1.00 -1.00 -1.00 -1.00 -0.58 0.99 -0.36 -1.00 -1.00 -1.00 -1.00 
 -1.00 -1.00 -1.00 -1.00 -1.00 -0.98 0.84 1.00 0.90 -0.97 -1.00 -1.00 -0.99 0.54 0.45 -0.99 -1.00 -1.00 -1.00 -1.00 
 -1.00 -1.00 -1.00 -1.00 -1.00 -1.00 0.33 1.00 1.00 -0.59 -1.00 -1.00 -0.34 0.96 -0.69 -1.00 -1.00 -1.00 -1.00 -1.00 
 -1.00 -1.00 -1.00 -1.00 -1.00 -1.00 -0.18 1.00 1.00 -0.11 -1.00 -0.95 0.73 0.08 -1.00 -1.00 -1.00 -1.00 -1.00 -1.00 
 -1.00 -1.00 -1.00 -1.00 -1.00 -1.00 -0.70 1.00 1.00 0.38 -1.00 -0.10 0.80 -0.90 -1.00 -1.00 -1.00 -1.00 -1.00 -1.00 
 -1.00 -1.00 -1.00 -1.00 -1.00 -1.00 -0.99 0.77 1.00 0.86 -0.84 0.87 -0.29 -1.00 -1.00 -1.00 -1.00 -1.00 -1.00 -1.00 
 -1.00 -1.00 -1.00 -1.00 -1.00 -1.00 -1.00 0.25 1.00 1.00 0.47 0.52 -0.99 -1.00 -1.00 -1.00 -1.00 -1.00 -1.00 -1.00 
 -1.00 -1.00 -1.00 -1.00 -1.00 -1.00 -1.00 -0.27 1.00 1.00 0.98 -0.63 -1.00 -1.00 -1.00 -1.00 -1.00 -1.00 -1.00 -1.00 
 -1.00 -1.00 -1.00 -1.00 -1.00 -1.00 -1.00 -0.79 1.00 1.00 0.15 -1.00 -1.00 -1.00 -1.00 -1.00 -1.00 -1.00 -1.00 -1.00 
 -1.00 -1.00 -1.00 -1.00 -1.00 -1.00 -1.00 -1.00 0.69 0.84 -0.87 -1.00 -1.00 -1.00 -1.00 -1.00 -1.00 -1.00 -1.00 -1.00 
 -1.00 -1.00 -1.00 -1.00 -1.00 -1.00 -1.00 -0.95 0.71 -0.22 -1.00 -1.00 -1.00 -1.00 -1.00 -1.00 -1.00 -1.00 -1.00 -1.00 
 -1.00 -1.00 -1.00 -1.00 -1.00 -1.00 -1.00 -0.08 0.58 -0.98 -1.00 -1.00 -1.00 -1.00 -1.00 -1.00 -1.00 -1.00 -1.00 -1.00 
 -1.00 -0.98 -0.76 -0.99 -1.00 -1.00 -0.71 0.86 -0.63 -1.00 -1.00 -1.00 -1.00 -1.00 -1.00 -1.00 -1.00 -1.00 -1.00 -1.00 
 -0.91 0.61 1.00 0.18 -0.99 -0.77 0.69 -0.15 -1.00 -1.00 -1.00 -1.00 -1.00 -1.00 -1.00 -1.00 -1.00 -1.00 -1.00 -1.00 
 -0.51 1.00 1.00 1.00 0.56 0.89 -0.02 -1.00 -1.00 -1.00 -1.00 -1.00 -1.00 -1.00 -1.00 -1.00 -1.00 -1.00 -1.00 -1.00 
 -0.95 0.40 1.00 1.00 0.63 -0.41 -1.00 -1.00 -1.00 -1.00 -1.00 -1.00 -1.00 -1.00 -1.00 -1.00 -1.00 -1.00 -1.00 -1.00 
 