-1.00 -1.00 -1.00 0.30 1.00 1.00 1.00 0.91 -0.93 -1.00 -1.00 -1.00 0.56 1.00 1.00 1.00 0.71 -1.00 -1.00 -1.00 
 -1.00 -1.00 -1.00 -0.56 -0.20 0.76 0.40 -0.29 -0.99 -1.00 -1.00 -1.00 -0.46 0.08 0.99 -0.13 -0.40 -1.00 -1.00 -1.00 
 -1.00 -1.00 -1.00 -1.00 -1.00 -0.02 0.62 -1.00 -1.00 -1.00 -1.00 -1.00 -1.00 0.03 0.53 -1.00 -1.00 -1.00 -1.00 -1.00 
 -1.00 -1.00 -1.00 -1.00 -1.00 -0.77 0.98 -0.60 -1.00 -1.00 -1.00 -1.00 -0.99 0.73 -0.18 -1.00 -1.00 -1.00 -1.00 -1.00 
 -1.00 -1.00 -1.00 -1.00 -1.00 -1.00 0.41 0.18 -1.00 -1.00 -1.00 -1.00 -0.56 0.96 -0.84 -1.00 -1.00 -1.00 -1.00 -1.00 
 -1.00 -1.00 -1.00 -1.00 -1.00 -1.00 -0.37 0.88 -0.92 -1.00 -1.00 -1.00 0.15 0.40 -1.00 -1.00 -1.00 -1.00 -1.00 -1.00 
 -1.00 -1.00 -1.00 -1.00 -1.00 -1.00 -0.96 0.81 -0.26 -1.00 -1.00 -0.97 0.82 -0.30 -1.00 -1.00 -1.00 -1.00 -1.00 -1.00 
 -1.00 -1.00 -1.00 -1.00 -1.00 -1.00 -1.00 0.07 0.51 -1.00 -1.00 -0.46 0.91 -0.91 -1.00 -1.00 -1.00 -1.00 -1.00 -1.00 
 -1.00 -1.00 -1.00 -1.00 -1.00 -1.00 -1.00 -0.72 0.98 -0.71 -1.00 0.24 0.29 -1.00 -1.00 -1.00 -1.00 -1.00 -1.00 -1.00 
 -1.00 -1.00 -1.00 -1.00 -1.00 -1.00 -1.00 -1.00 0.49 0.04 -0.95 0.87 -0.43 -1.00 -1.00 -1.00 -1.00 -1.00 -1.00 -1.00 
 -1.00 -1.00 -1.00 -1.00 -1.00 -1.00 -1.00 -1.00 -0.29 0.77 -0.38 0.84 -0.96 -1.00 -1.00 -1.00 -1.00 -1.00 -1.00 -1.00 
 -1.00 -1.00 -1.00 -1.00 -1.00 -1.00 -1.00 -1.00 -0.94 0.86 0.69 0.17 -1.00 -1.00 -1.00 -1.00 -1.00 -1.00 -1.00 -1.00 
 -1.00 -1.00 -1.00 -1.00 -1.00 -1.00 -1.00 -1.00 -1.00 0.14 1.00 -0.55 -1.00 -1.00 -1.00 -1.00 -1.00 -1.00 -1.00 -1.00 
 -1.00 -1.00 -1.00 -1.00 -1.00 -1.00 -1.00 -1.00 -1.00 -0.15 0.73 -0.99 -1.00 -1.00 -1.00 -1.00 -1.00 -1.00 -1.00 -1.00 
 -1.00 -1.00 -1.00 -1.00 -1.00 -1.00 -1.00 -1.00 -1.00 0.52 0.04 -1.00 -1.00 -1.00 -1.00 -1.00 -1.00 -1.00 -1.00 -1.00 
 -1.00 -1.00 -1.00 -1.00 -1.00 -1.00 -1.00 -1.00 -0.76 0.99 -0.67 -1.00 -1.00 -1.00 -1.00 -1.00 -1.00 -1.00 -1.00 -1.00 
 -1.00 -1.00 -1.00 -1.00 -1.00 -1.00 -1.00 -1.00 -0.03 0.60 -1.00 -1.00 -1.00 -1.00 -1.00 -1.00 -1.00 -1.00 -1.00 -1.00 
 -1.00 -1.00 -1.00 -0.92 0.31 -0.48 -1.00 -0.87 0.82 -0.24 -1.00 -1.00 -1.00 -1.00 -1.00 -1.00 -1.00 -1.00 -1.00 -1.00 
 -1.00 -1.00 -1.00 -0.80 1.00 0.34 -0.48 0.53 0.62 -0.97 -1.00 -1.00 -1.00 -1.00 -1.00 -1.00 -1.00 -1.00 -1.00 -1.00 
 -1.00 -1.00 -1.00 -1.00 0.06 0.99 1.00 0.65 -0.74 -1.00 -1.00 -1.00 -1.00 -1.00 -1.00 -1.00 -1.00 -1.00 -1.00 -1.00 
 