0.00 0.00 0.09 0.83 0.99 1.00 1.00 0.82 0.00 0.00 0.00 0.44 0.88 1.00 1.00 1.00 0.98 0.74 0.00 0.00 
 0.00 0.00 0.00 0.00 0.37 0.99 1.00 0.52 0.00 0.00 0.00 0.00 0.02 0.63 1.00 0.98 0.29 0.00 0.00 0.00 
 0.00 0.00 0.00 0.00 0.00 0.65 1.00 0.85 0.02 0.00 0.00 0.00 0.00 0.33 1.00 0.61 0.00 0.00 0.00 0.00 
 0.00 0.00 0.00 0.00 0.00 0.22 1.00 1.00 0.30 0.00 0.00 0.00 0.00 0.42 0.98 0.16 0.00 0.00 0.00 0.00 
 0.00 0.00 0.00 0.00 0.00 0.02 0.79 1.00 0.69 0.00 0.00 0.00 0.00 0.62 0.76 0.00 0.00 0.00 0.00 0.00 
 0.00 0.00 0.00 0.00 0.00 0.00 0.40 1.00 0.95 0.11 0.00 0.00 0.03 0.88 0.38 0.00 0.00 0.00 0.00 0.00 
 0.00 0.00 0.00 0.00 0.00 0.00 0.09 0.95 1.00 0.49 0.00 0.00 0.22 0.91 0.05 0.00 0.00 0.00 0.00 0.00 
 0.00 0.00 0.00 0.00 0.00 0.00 0.00 0.60 1.00 0.85 0.02 0.00 0.57 0.62 0.00 0.00 0.00 0.00 0.00 0.00 
 0.00 0.00 0.00 0.00 0.00 0.00 0.00 0.21 1.00 1.00 0.30 0.05 0.90 0.24 0.00 0.00 0.00 0.00 0.00 0.00 
 0.00 0.00 0.00 0.00 0.00 0.00 0.00 0.02 0.79 1.00 0.69 0.31 0.83 0.00 0.00 0.00 0.00 0.00 0.00 0.00 
 0.00 0.00 0.00 0.00 0.00 0.00 0.00 0.00 0.40 1.00 0.95 0.77 0.48 0.00 0.00 0.00 0.00 0.00 0.00 0.00 
 0.00 0.00 0.00 0.00 0.00 0.00 0.00 0.00 0.09 0.95 1.00 0.96 0.11 0.00 0.00 0.00 0.00 0.00 0.00 0.00 
 0.00 0.00 0.00 0.00 0.00 0.00 0.00 0.00 0.00 0.60 1.00 0.73 0.00 0.00 0.00 0.00 0.00 0.00 0.00 0.00 
 0.00 0.00 0.00 0.00 0.00 0.00 0.00 0.00 0.00 0.21 1.00 0.35 0.00 0.00 0.00 0.00 0.00 0.00 0.00 0.00 
 0.00 0.00 0.00 0.00 0.00 0.00 0.00 0.00 0.00 0.26 0.90 0.03 0.00 0.00 0.00 0.00 0.00 0.00 0.00 0.00 
 0.00 0.00 0.00 0.00 0.00 0.00 0.00 0.00 0.00 0.62 0.58 0.00 0.00 0.00 0.00 0.00 0.00 0.00 0.00 0.00 
 0.00 0.00 0.00 0.00 0.00 0.00 0.00 0.00 0.09 0.94 0.21 0.00 0.00 0.00 0.00 0.00 0.00 0.00 0.00 0.00 
 0.00 0.00 0.05 0.55 0.09 0.00 0.00 0.02 0.53 0.79 0.00 0.00 0.00 0.00 0.00 0.00 0.00 0.00 0.00 0.00 
 0.00 0.00 0.03 0.67 0.89 0.47 0.35 0.62 0.99 0.30 0.00 0.00 0.00 0.00 0.00 0.00 0.00 0.00 0.00 0.00 
 0.00 0.00 0.00 0.05 0.79 1.00 1.00 0.98 0.44 0.00 0.00 0.00 0.00 0.00 0.00 0.00 0.00 0.00 0.00 0.00 
 