0.00 0.00 0.00 0.21 1.00 1.00 1.00 0.38 0.00 0.00 0.00 0.00 0.00 0.26 1.00 1.00 1.00 0.65 0.00 0.00 
 0.00 0.00 0.00 0.08 0.98 1.00 1.00 0.55 0.00 0.00 0.00 0.00 0.01 0.71 1.00 1.00 0.98 0.19 0.00 0.00 
 0.00 0.00 0.00 0.00 0.81 1.00 1.00 0.72 0.00 0.00 0.00 0.00 0.19 1.00 1.00 1.00 0.69 0.00 0.00 0.00 
 0.00 0.00 0.00 0.00 0.63 1.00 1.00 0.87 0.00 0.00 0.00 0.00 0.65 1.00 1.00 0.99 0.21 0.00 0.00 0.00 
 0.00 0.00 0.00 0.00 0.43 1.00 1.00 0.96 0.07 0.00 0.00 0.15 0.98 1.00 1.00 0.74 0.00 0.00 0.00 0.00 
 0.00 0.00 0.00 0.00 0.23 1.00 1.00 1.00 0.26 0.00 0.00 0.58 1.00 1.00 0.99 0.25 0.00 0.00 0.00 0.00 
 0.00 0.00 0.00 0.00 0.09 0.99 1.00 1.00 0.44 0.00 0.11 0.96 1.00 1.00 0.77 0.00 0.00 0.00 0.00 0.00 
 0.00 0.00 0.00 0.00 0.00 0.84 1.00 1.00 0.63 0.00 0.52 1.00 1.00 0.99 0.29 0.00 0.00 0.00 0.00 0.00 
 0.00 0.00 0.00 0.00 0.00 0.66 1.00 1.00 0.84 0.07 0.94 1.00 1.00 0.79 0.00 0.00 0.00 0.00 0.00 0.00 
 0.00 0.00 0.00 0.00 0.00 0.45 1.00 1.00 0.97 0.56 1.00 1.00 1.00 0.35 0.00 0.00 0.00 0.00 0.00 0.00 
 0.00 0.00 0.00 0.00 0.00 0.18 0.99 1.00 1.00 1.00 1.00 1.00 0.82 0.01 0.00 0.00 0.00 0.00 0.00 0.00 
 0.00 0.00 0.00 0.00 0.00 0.00 0.68 1.00 1.00 1.00 1.00 1.00 0.37 0.00 0.00 0.00 0.00 0.00 0.00 0.00 
 0.00 0.00 0.00 0.00 0.00 0.00 0.07 0.70 1.00 1.00 1.00 0.85 0.02 0.00 0.00 0.00 0.00 0.00 0.00 0.00 
 0.00 0.00 0.00 0.00 0.00 0.00 0.00 0.32 1.00 1.00 1.00 0.40 0.00 0.00 0.00 0.00 0.00 0.00 0.00 0.00 
 0.00 0.00 0.00 0.00 0.00 0.00 0.01 0.76 1.00 1.00 0.89 0.04 0.00 0.00 0.00 0.00 0.00 0.00 0.00 0.00 
 0.00 0.00 0.00 0.00 0.00 0.01 0.42 1.00 1.00 1.00 0.45 0.00 0.00 0.00 0.00 0.00 0.00 0.00 0.00 0.00 
 0.00 0.00 0.07 0.11 0.28 0.66 1.00 1.00 1.00 0.87 0.04 0.00 0.00 0.00 0.00 0.00 0.00 0.00 0.00 0.00 
 0.00 0.00 0.70 1.00 1.00 1.00 1.00 1.00 0.97 0.28 0.00 0.00 0.00 0.00 0.00 0.00 0.00 0.00 0.00 0.00 
 0.00 0.00 0.70 1.00 1.00 1.00 1.00 0.92 0.33 0.00 0.00 0.00 0.00 0.00 0.00 0.00 0.00 0.00 0.00 0.00 
 0.00 0.00 0.70 1.00 1.00 0.89 0.54 0.10 0.00 0.00 0.00 0.00 0.00 0.00 0.00 0.00 0.00 0.00 0.00 0.00 
 