0.00 0.00 0.00 0.21 1.00 1.00 0.29 0.00 0.00 0.00 0.00 0.00 0.00 0.00 0.59 1.00 0.70 0.00 0.00 0.00 
 0.00 0.00 0.00 0.01 0.81 1.00 0.63 0.00 0.00 0.00 0.00 0.00 0.00 0.06 0.93 1.00 0.30 0.00 0.00 0.00 
 0.00 0.00 0.00 0.00 0.42 1.00 0.92 0.04 0.00 0.00 0.00 0.00 0.00 0.34 1.00 0.86 0.01 0.00 0.00 0.00 
 0.00 0.00 0.00 0.00 0.09 0.96 1.00 0.34 0.00 0.00 0.00 0.00 0.00 0.71 1.00 0.50 0.00 0.00 0.00 0.00 
 0.00 0.00 0.00 0.00 0.00 0.63 1.00 0.69 0.00 0.00 0.00 0.00 0.13 0.99 0.96 0.11 0.00 0.00 0.00 0.00 
 0.00 0.00 0.00 0.00 0.00 0.24 1.00 0.95 0.07 0.00 0.00 0.00 0.47 1.00 0.70 0.00 0.00 0.00 0.00 0.00 
 0.00 0.00 0.00 0.00 0.00 0.02 0.83 1.00 0.39 0.00 0.00 0.02 0.83 1.00 0.30 0.00 0.00 0.00 0.00 0.00 
 0.00 0.00 0.00 0.00 0.00 0.00 0.45 1.00 0.75 0.00 0.00 0.21 1.00 0.86 0.01 0.00 0.00 0.00 0.00 0.00 
 0.00 0.00 0.00 0.00 0.00 0.00 0.11 0.97 0.96 0.10 0.00 0.58 1.00 0.50 0.00 0.00 0.00 0.00 0.00 0.00 
 0.00 0.00 0.00 0.00 0.00 0.00 0.00 0.66 1.00 0.45 0.06 0.93 0.96 0.11 0.00 0.00 0.00 0.00 0.00 0.00 
 0.00 0.00 0.00 0.00 0.00 0.00 0.00 0.28 1.00 0.79 0.33 1.00 0.70 0.00 0.00 0.00 0.00 0.00 0.00 0.00 
 0.00 0.00 0.00 0.00 0.00 0.00 0.00 0.03 0.87 0.97 0.74 1.00 0.31 0.00 0.00 0.00 0.00 0.00 0.00 0.00 
 0.00 0.00 0.00 0.00 0.00 0.00 0.00 0.00 0.49 1.00 1.00 0.88 0.02 0.00 0.00 0.00 0.00 0.00 0.00 0.00 
 0.00 0.00 0.00 0.00 0.00 0.00 0.00 0.00 0.14 0.99 1.00 0.52 0.00 0.00 0.00 0.00 0.00 0.00 0.00 0.00 
 0.00 0.00 0.00 0.00 0.00 0.00 0.00 0.00 0.15 0.99 0.97 0.13 0.00 0.00 0.00 0.00 0.00 0.00 0.00 0.00 
 0.00 0.00 0.00 0.00 0.00 0.00 0.00 0.00 0.54 1.00 0.72 0.00 0.00 0.00 0.00 0.00 0.00 0.00 0.00 0.00 
 0.00 0.00 0.00 0.00 0.00 0.00 0.00 0.06 0.93 1.00 0.31 0.00 0.00 0.00 0.00 0.00 0.00 0.00 0.00 0.00 
 0.00 0.00 0.00 0.00 0.00 0.00 0.00 0.49 1.00 0.80 0.01 0.00 0.00 0.00 0.00 0.00 0.00 0.00 0.00 0.00 
 0.00 0.00 0.00 0.00 0.38 0.31 0.58 0.99 0.96 0.23 0.00 0.00 0.00 0.00 0.00 0.00 0.00 0.00 0.00 0.00 
 0.00 0.00 0.00 0.00 0.90 1.00 1.00 0.97 0.36 0.00 0.00 0.00 0.00 0.00 0.00 0.00 0.00 0.00 0.00 0.00 
 