0.00 0.00 0.00 0.00 0.00 0.00 0.02 0.29 0.80 0.15 0.00 0.00 0.00 0.03 0.51 0.58 0.01 0.00 0.00 0.00 
 0.00 0.00 0.00 0.00 0.00 0.00 0.28 1.00 0.86 0.00 0.00 0.00 0.00 0.02 0.79 0.75 0.03 0.00 0.00 0.00 
 0.00 0.00 0.00 0.00 0.00 0.00 0.12 1.00 0.67 0.00 0.00 0.00 0.00 0.00 0.58 0.51 0.00 0.00 0.00 0.00 
 0.00 0.00 0.00 0.00 0.00 0.00 0.23 1.00 0.42 0.00 0.00 0.00 0.00 0.00 0.53 0.94 0.12 0.00 0.00 0.00 
 0.00 0.00 0.00 0.00 0.00 0.00 0.43 0.85 0.11 0.00 0.00 0.00 0.00 0.00 0.43 1.00 0.28 0.00 0.00 0.00 
 0.00 0.00 0.00 0.00 0.00 0.00 0.58 0.93 0.03 0.00 0.00 0.00 0.00 0.00 0.53 1.00 0.19 0.00 0.00 0.00 
 0.00 0.00 0.00 0.00 0.00 0.01 0.74 0.88 0.00 0.00 0.00 0.00 0.00 0.13 0.96 1.00 0.44 0.00 0.00 0.00 
 0.00 0.00 0.00 0.00 0.00 0.07 0.96 0.76 0.00 0.00 0.00 0.00 0.23 0.75 0.66 1.00 0.45 0.00 0.00 0.00 
 0.00 0.00 0.00 0.00 0.00 0.06 0.94 0.88 0.08 0.00 0.01 0.37 0.62 0.09 0.50 1.00 0.21 0.00 0.00 0.00 
 0.00 0.00 0.00 0.00 0.00 0.00 0.65 1.00 0.90 0.52 0.75 0.45 0.00 0.00 0.48 1.00 0.29 0.00 0.00 0.00 
 0.00 0.00 0.00 0.00 0.00 0.00 0.03 0.35 0.57 0.43 0.14 0.00 0.00 0.00 0.35 1.00 0.29 0.00 0.00 0.00 
 0.00 0.00 0.00 0.00 0.00 0.00 0.00 0.00 0.00 0.00 0.00 0.00 0.00 0.00 0.52 1.00 0.18 0.00 0.00 0.00 
 0.00 0.00 0.00 0.00 0.00 0.00 0.00 0.00 0.00 0.00 0.00 0.00 0.00 0.00 0.63 0.98 0.13 0.00 0.00 0.00 
 0.00 0.00 0.00 0.00 0.00 0.00 0.00 0.00 0.00 0.00 0.00 0.00 0.00 0.00 0.76 0.82 0.00 0.00 0.00 0.00 
 0.00 0.00 0.00 0.00 0.00 0.00 0.00 0.00 0.00 0.00 0.00 0.00 0.00 0.01 0.89 0.66 0.00 0.00 0.00 0.00 
 0.00 0.00 0.00 0.00 0.00 0.00 0.00 0.00 0.00 0.00 0.00 0.00 0.00 0.30 0.94 0.20 0.00 0.00 0.00 0.00 
 0.00 0.00 0.00 0.00 0.15 0.00 0.00 0.00 0.00 0.00 0.00 0.00 0.01 0.67 0.35 0.00 0.00 0.00 0.00 0.00 
 0.00 0.00 0.00 0.10 0.91 0.08 0.00 0.00 0.00 0.00 0.00 0.01 0.53 0.60 0.00 0.00 0.00 0.00 0.00 0.00 
 0.00 0.00 0.00 0.05 0.79 0.65 0.05 0.00 0.00 0.00 0.10 0.61 0.57 0.03 0.00 0.00 0.00 0.00 0.00 0.00 
 0.00 0.00 0.00 0.00 0.04 0.51 0.87 0.63 0.52 0.63 0.63 0.27 0.00 0.00 0.00 0.00 0.00 0.00 0.00 0.00 
 