0.00 0.00 0.14 0.99 1.00 0.86 0.02 0.00 0.00 0.00 0.00 0.00 0.00 0.00 0.69 1.00 1.00 0.30 0.00 0.00 
 0.00 0.00 0.00 0.72 1.00 1.00 0.28 0.00 0.00 0.00 0.00 0.00 0.00 0.13 0.99 1.00 0.86 0.02 0.00 0.00 
 0.00 0.00 0.00 0.33 1.00 1.00 0.66 0.00 0.00 0.00 0.00 0.00 0.00 0.41 1.00 1.00 0.53 0.00 0.00 0.00 
 0.00 0.00 0.00 0.06 0.93 1.00 0.93 0.06 0.00 0.00 0.00 0.00 0.02 0.78 1.00 0.97 0.16 0.00 0.00 0.00 
 0.00 0.00 0.00 0.00 0.58 1.00 1.00 0.38 0.00 0.00 0.00 0.00 0.16 1.00 1.00 0.77 0.00 0.00 0.00 0.00 
 0.00 0.00 0.00 0.00 0.22 1.00 1.00 0.74 0.00 0.00 0.00 0.00 0.47 1.00 1.00 0.39 0.00 0.00 0.00 0.00 
 0.00 0.00 0.00 0.00 0.02 0.82 1.00 0.96 0.11 0.00 0.00 0.02 0.82 1.00 0.91 0.05 0.00 0.00 0.00 0.00 
 0.00 0.00 0.00 0.00 0.00 0.44 1.00 1.00 0.45 0.00 0.00 0.19 1.00 1.00 0.63 0.00 0.00 0.00 0.00 0.00 
 0.00 0.00 0.00 0.00 0.00 0.13 0.99 1.00 0.80 0.00 0.00 0.53 1.00 0.99 0.24 0.00 0.00 0.00 0.00 0.00 
 0.00 0.00 0.00 0.00 0.00 0.00 0.67 1.00 0.99 0.19 0.03 0.86 1.00 0.82 0.00 0.00 0.00 0.00 0.00 0.00 
 0.00 0.00 0.00 0.00 0.00 0.00 0.30 1.00 1.00 0.55 0.24 1.00 1.00 0.49 0.00 0.00 0.00 0.00 0.00 0.00 
 0.00 0.00 0.00 0.00 0.00 0.00 0.06 0.91 1.00 0.86 0.60 1.00 0.96 0.13 0.00 0.00 0.00 0.00 0.00 0.00 
 0.00 0.00 0.00 0.00 0.00 0.00 0.00 0.55 1.00 1.00 1.00 1.00 0.72 0.00 0.00 0.00 0.00 0.00 0.00 0.00 
 0.00 0.00 0.00 0.00 0.00 0.00 0.00 0.19 1.00 1.00 1.00 1.00 0.35 0.00 0.00 0.00 0.00 0.00 0.00 0.00 
 0.00 0.00 0.00 0.00 0.00 0.00 0.00 0.02 0.78 1.00 1.00 0.89 0.03 0.00 0.00 0.00 0.00 0.00 0.00 0.00 
 0.00 0.00 0.00 0.00 0.00 0.00 0.00 0.00 0.42 1.00 1.00 0.60 0.00 0.00 0.00 0.00 0.00 0.00 0.00 0.00 
 0.00 0.00 0.00 0.00 0.00 0.00 0.00 0.00 0.52 1.00 0.99 0.22 0.00 0.00 0.00 0.00 0.00 0.00 0.00 0.00 
 0.00 0.00 0.00 0.00 0.39 0.35 0.25 0.39 0.96 1.00 0.82 0.00 0.00 0.00 0.00 0.00 0.00 0.00 0.00 0.00 
 0.00 0.00 0.00 0.00 0.63 1.00 1.00 1.00 1.00 0.99 0.33 0.00 0.00 0.00 0.00 0.00 0.00 0.00 0.00 0.00 
 0.00 0.00 0.00 0.00 0.63 1.00 1.00 1.00 0.96 0.42 0.00 0.00 0.00 0.00 0.00 0.00 0.00 0.00 0.00 0.00 
 