0.00 0.00 0.00 0.00 0.09 0.89 0.84 0.84 0.89 0.67 0.00 0.00 0.00 0.00 0.00 0.03 0.67 0.84 0.61 0.00 
 0.00 0.00 0.00 0.00 0.00 0.67 1.00 1.00 1.00 0.84 0.00 0.00 0.00 0.00 0.00 0.25 1.00 0.95 0.17 0.00 
 0.00 0.00 0.00 0.00 0.00 0.42 1.00 1.00 1.00 0.86 0.03 0.00 0.00 0.00 0.03 0.70 1.00 0.53 0.00 0.00 
 0.00 0.00 0.00 0.00 0.00 0.20 1.00 1.00 1.00 1.00 0.25 0.00 0.00 0.00 0.28 1.00 0.84 0.06 0.00 0.00 
 0.00 0.00 0.00 0.00 0.00 0.09 0.92 1.00 1.00 1.00 0.45 0.00 0.00 0.06 0.78 0.97 0.31 0.00 0.00 0.00 
 0.00 0.00 0.00 0.00 0.00 0.00 0.67 1.00 1.00 1.00 0.67 0.00 0.00 0.36 1.00 0.67 0.00 0.00 0.00 0.00 
 0.00 0.00 0.00 0.00 0.00 0.00 0.45 1.00 1.00 1.00 0.84 0.00 0.09 0.86 0.92 0.14 0.00 0.00 0.00 0.00 
 0.00 0.00 0.00 0.00 0.00 0.00 0.22 1.00 1.00 1.00 0.92 0.09 0.47 1.00 0.50 0.00 0.00 0.00 0.00 0.00 
 0.00 0.00 0.00 0.00 0.00 0.00 0.11 0.95 1.00 1.00 1.00 0.47 0.95 0.78 0.03 0.00 0.00 0.00 0.00 0.00 
 0.00 0.00 0.00 0.00 0.00 0.00 0.00 0.70 1.00 1.00 1.00 0.97 0.97 0.28 0.00 0.00 0.00 0.00 0.00 0.00 
 0.00 0.00 0.00 0.00 0.00 0.00 0.00 0.45 1.00 1.00 1.00 1.00 0.64 0.00 0.00 0.00 0.00 0.00 0.00 0.00 
 0.00 0.00 0.00 0.00 0.00 0.00 0.00 0.22 1.00 1.00 1.00 0.89 0.11 0.00 0.00 0.00 0.00 0.00 0.00 0.00 
 0.00 0.00 0.00 0.00 0.00 0.00 0.00 0.11 0.95 1.00 1.00 0.47 0.00 0.00 0.00 0.00 0.00 0.00 0.00 0.00 
 0.00 0.00 0.00 0.00 0.00 0.00 0.00 0.00 0.70 1.00 0.81 0.03 0.00 0.00 0.00 0.00 0.00 0.00 0.00 0.00 
 0.00 0.00 0.00 0.00 0.00 0.00 0.00 0.00 0.56 0.97 0.31 0.00 0.00 0.00 0.00 0.00 0.00 0.00 0.00 0.00 
 0.00 0.00 0.00 0.00 0.00 0.00 0.00 0.17 0.95 0.70 0.00 0.00 0.00 0.00 0.00 0.00 0.00 0.00 0.00 0.00 
 0.00 0.00 0.00 0.00 0.00 0.00 0.06 0.78 0.95 0.17 0.00 0.00 0.00 0.00 0.00 0.00 0.00 0.00 0.00 0.00 
 0.00 0.00 0.00 0.00 0.00 0.00 0.47 1.00 0.56 0.00 0.00 0.00 0.00 0.00 0.00 0.00 0.00 0.00 0.00 0.00 
 0.00 0.00 0.00 0.00 0.00 0.22 0.97 0.86 0.06 0.00 0.00 0.00 0.00 0.00 0.00 0.00 0.00 0.00 0.00 0.00 
 0.00 0.00 0.00 0.00 0.06 0.78 1.00 0.42 0.00 0.00 0.00 0.00 0.00 0.00 0.00 0.00 0.00 0.00 0.00 0.00 
 