0.00 0.00 0.00 0.03 0.80 1.00 1.00 0.27 0.00 0.00 0.00 0.00 0.00 0.00 0.71 1.00 0.94 0.05 0.00 0.00 
 0.00 0.00 0.00 0.00 0.37 1.00 1.00 0.60 0.00 0.00 0.00 0.00 0.00 0.03 0.89 1.00 0.74 0.00 0.00 0.00 
 0.00 0.00 0.00 0.00 0.06 0.91 1.00 0.88 0.02 0.00 0.00 0.00 0.00 0.18 1.00 1.00 0.36 0.00 0.00 0.00 
 0.00 0.00 0.00 0.00 0.00 0.52 1.00 1.00 0.30 0.00 0.00 0.00 0.00 0.44 1.00 0.91 0.04 0.00 0.00 0.00 
 0.00 0.00 0.00 0.00 0.00 0.14 0.98 1.00 0.67 0.00 0.00 0.00 0.00 0.74 1.00 0.56 0.00 0.00 0.00 0.00 
 0.00 0.00 0.00 0.00 0.00 0.00 0.65 1.00 0.94 0.06 0.00 0.00 0.13 0.99 0.96 0.14 0.00 0.00 0.00 0.00 
 0.00 0.00 0.00 0.00 0.00 0.00 0.22 1.00 1.00 0.41 0.00 0.00 0.41 1.00 0.69 0.00 0.00 0.00 0.00 0.00 
 0.00 0.00 0.00 0.00 0.00 0.00 0.02 0.78 1.00 0.74 0.00 0.00 0.74 0.99 0.26 0.00 0.00 0.00 0.00 0.00 
 0.00 0.00 0.00 0.00 0.00 0.00 0.00 0.35 1.00 0.96 0.13 0.11 0.99 0.80 0.00 0.00 0.00 0.00 0.00 0.00 
 0.00 0.00 0.00 0.00 0.00 0.00 0.00 0.06 0.93 1.00 0.42 0.36 1.00 0.42 0.00 0.00 0.00 0.00 0.00 0.00 
 0.00 0.00 0.00 0.00 0.00 0.00 0.00 0.00 0.56 1.00 0.72 0.63 0.93 0.06 0.00 0.00 0.00 0.00 0.00 0.00 
 0.00 0.00 0.00 0.00 0.00 0.00 0.00 0.00 0.20 1.00 0.90 0.85 0.62 0.00 0.00 0.00 0.00 0.00 0.00 0.00 
 0.00 0.00 0.00 0.00 0.00 0.00 0.00 0.00 0.03 0.85 1.00 0.99 0.25 0.00 0.00 0.00 0.00 0.00 0.00 0.00 
 0.00 0.00 0.00 0.00 0.00 0.00 0.00 0.00 0.00 0.58 1.00 0.85 0.00 0.00 0.00 0.00 0.00 0.00 0.00 0.00 
 0.00 0.00 0.00 0.00 0.00 0.00 0.00 0.00 0.00 0.45 1.00 0.61 0.00 0.00 0.00 0.00 0.00 0.00 0.00 0.00 
 0.00 0.00 0.00 0.00 0.00 0.00 0.00 0.00 0.00 0.51 1.00 0.33 0.00 0.00 0.00 0.00 0.00 0.00 0.00 0.00 
 0.00 0.00 0.00 0.00 0.00 0.00 0.00 0.00 0.03 0.82 0.94 0.06 0.00 0.00 0.00 0.00 0.00 0.00 0.00 0.00 
 0.00 0.00 0.00 0.00 0.00 0.00 0.00 0.00 0.42 1.00 0.71 0.00 0.00 0.00 0.00 0.00 0.00 0.00 0.00 0.00 
 0.00 0.00 0.00 0.00 0.00 0.02 0.14 0.53 0.99 1.00 0.32 0.00 0.00 0.00 0.00 0.00 0.00 0.00 0.00 0.00 
 0.00 0.00 0.00 0.00 0.00 0.71 1.00 1.00 1.00 0.77 0.02 0.00 0.00 0.00 0.00 0.00 0.00 0.00 0.00 0.00 
 