0.00 0.00 0.00 0.14 0.99 0.92 0.04 0.00 0.00 0.00 0.00 0.00 0.00 0.00 0.13 0.99 0.86 0.01 0.00 0.00 
 0.00 0.00 0.00 0.00 0.70 1.00 0.35 0.00 0.00 0.00 0.00 0.00 0.00 0.00 0.47 1.00 0.50 0.00 0.00 0.00 
 0.00 0.00 0.00 0.00 0.30 1.00 0.71 0.00 0.00 0.00 0.00 0.00 0.00 0.02 0.85 0.96 0.11 0.00 0.00 0.00 
 0.00 0.00 0.00 0.00 0.04 0.90 0.96 0.10 0.00 0.00 0.00 0.00 0.00 0.23 1.00 0.70 0.00 0.00 0.00 0.00 
 0.00 0.00 0.00 0.00 0.00 0.52 1.00 0.44 0.00 0.00 0.00 0.00 0.00 0.60 1.00 0.30 0.00 0.00 0.00 0.00 
 0.00 0.00 0.00 0.00 0.00 0.15 0.99 0.78 0.00 0.00 0.00 0.00 0.07 0.94 0.86 0.01 0.00 0.00 0.00 0.00 
 0.00 0.00 0.00 0.00 0.00 0.00 0.72 0.98 0.16 0.00 0.00 0.00 0.37 1.00 0.50 0.00 0.00 0.00 0.00 0.00 
 0.00 0.00 0.00 0.00 0.00 0.00 0.32 1.00 0.52 0.00 0.00 0.00 0.74 0.96 0.11 0.00 0.00 0.00 0.00 0.00 
 0.00 0.00 0.00 0.00 0.00 0.00 0.05 0.91 0.86 0.01 0.00 0.14 0.99 0.70 0.00 0.00 0.00 0.00 0.00 0.00 
 0.00 0.00 0.00 0.00 0.00 0.00 0.00 0.53 1.00 0.27 0.00 0.48 1.00 0.30 0.00 0.00 0.00 0.00 0.00 0.00 
 0.00 0.00 0.00 0.00 0.00 0.00 0.00 0.16 0.99 0.64 0.03 0.87 0.86 0.01 0.00 0.00 0.00 0.00 0.00 0.00 
 0.00 0.00 0.00 0.00 0.00 0.00 0.00 0.00 0.73 0.92 0.31 1.00 0.50 0.00 0.00 0.00 0.00 0.00 0.00 0.00 
 0.00 0.00 0.00 0.00 0.00 0.00 0.00 0.00 0.33 1.00 0.90 0.96 0.11 0.00 0.00 0.00 0.00 0.00 0.00 0.00 
 0.00 0.00 0.00 0.00 0.00 0.00 0.00 0.00 0.05 0.92 1.00 0.70 0.00 0.00 0.00 0.00 0.00 0.00 0.00 0.00 
 0.00 0.00 0.00 0.00 0.00 0.00 0.00 0.00 0.00 0.70 1.00 0.30 0.00 0.00 0.00 0.00 0.00 0.00 0.00 0.00 
 0.00 0.00 0.00 0.00 0.00 0.00 0.00 0.00 0.07 0.95 0.86 0.01 0.00 0.00 0.00 0.00 0.00 0.00 0.00 0.00 
 0.00 0.00 0.00 0.00 0.00 0.00 0.00 0.00 0.43 1.00 0.49 0.00 0.00 0.00 0.00 0.00 0.00 0.00 0.00 0.00 
 0.00 0.00 0.00 0.00 0.00 0.00 0.00 0.08 0.90 0.94 0.09 0.00 0.00 0.00 0.00 0.00 0.00 0.00 0.00 0.00 
 0.00 0.00 0.00 0.00 0.00 0.00 0.04 0.66 1.00 0.51 0.00 0.00 0.00 0.00 0.00 0.00 0.00 0.00 0.00 0.00 
 0.00 0.00 0.00 0.00 0.31 0.70 0.86 1.00 0.76 0.03 0.00 0.00 0.00 0.00 0.00 0.00 0.00 0.00 0.00 0.00 
 