0.00 0.00 0.00 0.00 0.00 0.00 0.00 0.11 0.64 0.65 0.00 0.00 0.00 0.00 0.00 0.01 0.09 0.00 0.00 0.00 
 0.00 0.00 0.00 0.00 0.00 0.00 0.29 0.91 1.00 0.40 0.00 0.00 0.00 0.02 0.56 0.87 0.49 0.00 0.00 0.00 
 0.00 0.00 0.00 0.00 0.02 0.52 0.93 1.00 1.00 0.24 0.00 0.00 0.00 0.13 1.00 1.00 0.40 0.00 0.00 0.00 
 0.00 0.00 0.00 0.00 0.19 0.68 0.24 1.00 0.96 0.05 0.00 0.00 0.00 0.40 1.00 1.00 0.23 0.00 0.00 0.00 
 0.00 0.00 0.00 0.00 0.00 0.00 0.22 1.00 0.76 0.00 0.00 0.00 0.42 0.99 1.00 0.91 0.00 0.00 0.00 0.00 
 0.00 0.00 0.00 0.00 0.00 0.00 0.36 1.00 0.69 0.00 0.00 0.44 0.66 0.52 1.00 0.59 0.00 0.00 0.00 0.00 
 0.00 0.00 0.00 0.00 0.00 0.00 0.53 1.00 0.69 0.02 0.50 0.76 0.03 0.29 1.00 0.27 0.00 0.00 0.00 0.00 
 0.00 0.00 0.00 0.00 0.00 0.00 0.81 1.00 0.75 0.65 0.78 0.07 0.00 0.23 0.94 0.02 0.00 0.00 0.00 0.00 
 0.00 0.00 0.00 0.00 0.00 0.00 0.77 1.00 1.00 0.80 0.05 0.00 0.00 0.29 0.90 0.02 0.00 0.00 0.00 0.00 
 0.00 0.00 0.00 0.00 0.00 0.00 0.78 1.00 0.69 0.07 0.00 0.00 0.00 0.52 0.55 0.00 0.00 0.00 0.00 0.00 
 0.00 0.00 0.00 0.00 0.00 0.00 0.34 0.32 0.01 0.00 0.00 0.00 0.00 0.76 0.23 0.00 0.00 0.00 0.00 0.00 
 0.00 0.00 0.00 0.00 0.00 0.00 0.00 0.00 0.00 0.00 0.00 0.00 0.07 0.84 0.04 0.00 0.00 0.00 0.00 0.00 
 0.00 0.00 0.00 0.00 0.00 0.00 0.00 0.00 0.00 0.00 0.00 0.00 0.29 0.52 0.00 0.00 0.00 0.00 0.00 0.00 
 0.00 0.00 0.00 0.00 0.00 0.00 0.00 0.00 0.00 0.00 0.00 0.00 0.76 0.20 0.00 0.00 0.00 0.00 0.00 0.00 
 0.00 0.00 0.00 0.00 0.00 0.00 0.00 0.00 0.00 0.00 0.00 0.15 0.82 0.01 0.00 0.00 0.00 0.00 0.00 0.00 
 0.00 0.00 0.00 0.00 0.00 0.00 0.00 0.00 0.00 0.00 0.00 0.47 0.49 0.00 0.00 0.00 0.00 0.00 0.00 0.00 
 0.00 0.00 0.00 0.00 0.00 0.00 0.00 0.00 0.00 0.00 0.00 0.75 0.20 0.00 0.00 0.00 0.00 0.00 0.00 0.00 
 0.00 0.00 0.00 0.00 0.00 0.00 0.00 0.00 0.00 0.00 0.13 0.84 0.01 0.00 0.00 0.00 0.00 0.00 0.00 0.00 
 0.00 0.00 0.00 0.00 0.00 0.00 0.00 0.00 0.00 0.00 0.58 0.51 0.00 0.00 0.00 0.00 0.00 0.00 0.00 0.00 
 0.00 0.00 0.00 0.00 0.00 0.00 0.00 0.00 0.00 0.05 0.89 0.09 0.00 0.00 0.00 0.00 0.00 0.00 0.00 0.00 
 