0.00 0.00 0.00 0.37 0.96 0.93 0.20 0.00 0.00 0.00 0.00 0.00 0.00 0.09 0.87 0.98 0.44 0.00 0.00 0.00 
 0.00 0.00 0.00 0.20 1.00 1.00 0.57 0.00 0.00 0.00 0.00 0.00 0.00 0.36 1.00 1.00 0.26 0.00 0.00 0.00 
 0.00 0.00 0.00 0.02 0.79 1.00 0.88 0.02 0.00 0.00 0.00 0.00 0.00 0.71 1.00 0.85 0.02 0.00 0.00 0.00 
 0.00 0.00 0.00 0.00 0.42 1.00 1.00 0.27 0.00 0.00 0.00 0.00 0.10 0.98 1.00 0.55 0.00 0.00 0.00 0.00 
 0.00 0.00 0.00 0.00 0.11 0.98 1.00 0.63 0.00 0.00 0.00 0.00 0.37 1.00 0.99 0.19 0.00 0.00 0.00 0.00 
 0.00 0.00 0.00 0.00 0.00 0.68 1.00 0.91 0.05 0.00 0.00 0.00 0.72 1.00 0.80 0.00 0.00 0.00 0.00 0.00 
 0.00 0.00 0.00 0.00 0.00 0.31 1.00 1.00 0.35 0.00 0.00 0.13 0.99 1.00 0.46 0.00 0.00 0.00 0.00 0.00 
 0.00 0.00 0.00 0.00 0.00 0.05 0.91 1.00 0.71 0.00 0.00 0.41 1.00 0.96 0.11 0.00 0.00 0.00 0.00 0.00 
 0.00 0.00 0.00 0.00 0.00 0.00 0.56 1.00 0.94 0.07 0.00 0.74 1.00 0.74 0.00 0.00 0.00 0.00 0.00 0.00 
 0.00 0.00 0.00 0.00 0.00 0.00 0.20 1.00 1.00 0.41 0.13 0.99 1.00 0.37 0.00 0.00 0.00 0.00 0.00 0.00 
 0.00 0.00 0.00 0.00 0.00 0.00 0.02 0.80 1.00 0.77 0.45 1.00 0.93 0.06 0.00 0.00 0.00 0.00 0.00 0.00 
 0.00 0.00 0.00 0.00 0.00 0.00 0.00 0.44 1.00 0.96 0.87 1.00 0.65 0.00 0.00 0.00 0.00 0.00 0.00 0.00 
 0.00 0.00 0.00 0.00 0.00 0.00 0.00 0.13 0.99 1.00 1.00 1.00 0.30 0.00 0.00 0.00 0.00 0.00 0.00 0.00 
 0.00 0.00 0.00 0.00 0.00 0.00 0.00 0.00 0.69 1.00 1.00 0.88 0.02 0.00 0.00 0.00 0.00 0.00 0.00 0.00 
 0.00 0.00 0.00 0.00 0.00 0.00 0.00 0.00 0.26 1.00 1.00 0.57 0.00 0.00 0.00 0.00 0.00 0.00 0.00 0.00 
 0.00 0.00 0.00 0.00 0.00 0.00 0.00 0.00 0.45 1.00 0.99 0.21 0.00 0.00 0.00 0.00 0.00 0.00 0.00 0.00 
 0.00 0.00 0.00 0.00 0.00 0.00 0.00 0.03 0.83 1.00 0.83 0.00 0.00 0.00 0.00 0.00 0.00 0.00 0.00 0.00 
 0.00 0.00 0.00 0.00 0.00 0.00 0.00 0.24 1.00 1.00 0.48 0.00 0.00 0.00 0.00 0.00 0.00 0.00 0.00 0.00 
 0.00 0.00 0.00 0.00 0.00 0.00 0.00 0.63 1.00 0.96 0.13 0.00 0.00 0.00 0.00 0.00 0.00 0.00 0.00 0.00 
 0.00 0.00 0.00 0.00 0.00 0.00 0.06 0.95 1.00 0.72 0.00 0.00 0.00 0.00 0.00 0.00 0.00 0.00 0.00 0.00 
 