0.00 0.33 0.88 0.97 1.00 1.00 0.97 0.88 0.33 0.00 0.00 0.00 0.00 0.11 0.88 0.94 1.00 1.00 0.94 0.88 
 0.00 0.00 0.00 0.27 0.96 1.00 0.45 0.00 0.00 0.00 0.00 0.00 0.00 0.00 0.00 0.19 1.00 0.67 0.08 0.00 
 0.00 0.00 0.00 0.00 0.61 1.00 0.67 0.00 0.00 0.00 0.00 0.00 0.00 0.00 0.00 0.19 0.86 0.05 0.00 0.00 
 0.00 0.00 0.00 0.00 0.17 0.99 0.96 0.14 0.00 0.00 0.00 0.00 0.00 0.00 0.00 0.55 0.49 0.00 0.00 0.00 
 0.00 0.00 0.00 0.00 0.00 0.67 1.00 0.60 0.00 0.00 0.00 0.00 0.00 0.00 0.09 0.88 0.09 0.00 0.00 0.00 
 0.00 0.00 0.00 0.00 0.00 0.25 1.00 0.94 0.08 0.00 0.00 0.00 0.00 0.00 0.41 0.63 0.00 0.00 0.00 0.00 
 0.00 0.00 0.00 0.00 0.00 0.02 0.77 1.00 0.50 0.00 0.00 0.00 0.00 0.03 0.82 0.20 0.00 0.00 0.00 0.00 
 0.00 0.00 0.00 0.00 0.00 0.00 0.31 1.00 0.88 0.05 0.00 0.00 0.00 0.27 0.75 0.00 0.00 0.00 0.00 0.00 
 0.00 0.00 0.00 0.00 0.00 0.00 0.05 0.86 1.00 0.42 0.00 0.00 0.00 0.69 0.35 0.00 0.00 0.00 0.00 0.00 
 0.00 0.00 0.00 0.00 0.00 0.00 0.00 0.41 1.00 0.83 0.02 0.00 0.17 0.83 0.02 0.00 0.00 0.00 0.00 0.00 
 0.00 0.00 0.00 0.00 0.00 0.00 0.00 0.06 0.91 1.00 0.33 0.00 0.55 0.49 0.00 0.00 0.00 0.00 0.00 0.00 
 0.00 0.00 0.00 0.00 0.00 0.00 0.00 0.00 0.50 1.00 0.77 0.09 0.88 0.09 0.00 0.00 0.00 0.00 0.00 0.00 
 0.00 0.00 0.00 0.00 0.00 0.00 0.00 0.00 0.11 0.96 0.99 0.64 0.63 0.00 0.00 0.00 0.00 0.00 0.00 0.00 
 0.00 0.00 0.00 0.00 0.00 0.00 0.00 0.00 0.00 0.60 1.00 0.99 0.20 0.00 0.00 0.00 0.00 0.00 0.00 0.00 
 0.00 0.00 0.00 0.00 0.00 0.00 0.00 0.00 0.00 0.22 1.00 0.75 0.00 0.00 0.00 0.00 0.00 0.00 0.00 0.00 
 0.00 0.00 0.00 0.00 0.00 0.00 0.00 0.00 0.00 0.02 0.83 0.35 0.00 0.00 0.00 0.00 0.00 0.00 0.00 0.00 
 0.00 0.00 0.00 0.00 0.00 0.00 0.00 0.00 0.00 0.16 0.83 0.02 0.00 0.00 0.00 0.00 0.00 0.00 0.00 0.00 
 0.00 0.00 0.00 0.00 0.00 0.00 0.00 0.00 0.00 0.52 0.49 0.00 0.00 0.00 0.00 0.00 0.00 0.00 0.00 0.00 
 0.00 0.00 0.00 0.16 0.67 0.56 0.02 0.00 0.08 0.83 0.09 0.00 0.00 0.00 0.00 0.00 0.00 0.00 0.00 0.00 
 0.00 0.00 0.00 0.69 1.00 1.00 0.38 0.00 0.56 0.55 0.00 0.00 0.00 0.00 0.00 0.00 0.00 0.00 0.00 0.00 
 