-1.00 -1.00 0.22 1.00 1.00 1.00 1.00 1.00 1.00 1.00 1.00 1.00 1.00 1.00 1.00 1.00 1.00 1.00 0.44 -1.00 
 -1.00 -1.00 0.33 1.00 1.00 1.00 0.71 0.25 0.00 -0.11 -0.17 0.47 1.00 1.00 1.00 1.00 1.00 1.00 0.02 -1.00 
 -1.00 -1.00 0.42 1.00 0.87 -0.40 -0.99 -1.00 -1.00 -1.00 -0.84 0.86 1.00 1.00 1.00 1.00 1.00 0.80 -0.91 -1.00 
 -1.00 -1.00 0.52 1.00 -0.37 -1.00 -1.00 -1.00 -1.00 -1.00 0.17 1.00 1.00 1.00 1.00 1.00 1.00 -0.26 -1.00 -1.00 
 -1.00 -1.00 0.62 0.63 -0.99 -1.00 -1.00 -1.00 -1.00 -0.65 0.98 1.00 1.00 1.00 1.00 1.00 0.58 -0.98 -1.00 -1.00 
 -1.00 -1.00 0.72 -0.05 -1.00 -1.00 -1.00 -1.00 -0.99 0.48 1.00 1.00 1.00 1.00 1.00 0.99 -0.55 -1.00 -1.00 -1.00 
 -1.00 -1.00 -0.58 -0.86 -1.00 -1.00 -1.00 -1.00 -0.36 1.00 1.00 1.00 1.00 1.00 1.00 0.30 -1.00 -1.00 -1.00 -1.00 
 -1.00 -1.00 -1.00 -1.00 -1.00 -1.00 -1.00 -0.94 0.74 1.00 1.00 1.00 1.00 1.00 0.92 -0.76 -1.00 -1.00 -1.00 -1.00 
 -1.00 -1.00 -1.00 -1.00 -1.00 -1.00 -1.00 -0.04 1.00 1.00 1.00 1.00 1.00 1.00 0.01 -1.00 -1.00 -1.00 -1.00 -1.00 
 -1.00 -1.00 -1.00 -1.00 -1.00 -1.00 -0.79 0.91 1.00 1.00 1.00 1.00 1.00 0.78 -0.91 -1.00 -1.00 -1.00 -1.00 -1.00 
 -1.00 -1.00 -1.00 -1.00 -1.00 -1.00 0.27 1.00 1.00 1.00 1.00 1.00 1.00 -0.29 -1.00 -1.00 -1.00 -1.00 -1.00 -1.00 
 -1.00 -1.00 -1.00 -1.00 -1.00 -0.56 0.99 1.00 1.00 1.00 1.00 1.00 0.56 -0.98 -1.00 -1.00 -1.00 -1.00 -1.00 -1.00 
 -1.00 -1.00 -1.00 -1.00 -0.98 0.58 1.00 1.00 1.00 1.00 1.00 0.99 -0.56 -1.00 -1.00 -1.00 -1.00 -1.00 -1.00 -1.00 
 -1.00 -1.00 -1.00 -1.00 -0.25 1.00 1.00 1.00 1.00 1.00 1.00 0.28 -1.00 -1.00 -1.00 -1.00 -1.00 -0.27 0.33 -1.00 
 -1.00 -1.00 -1.00 -0.90 0.80 1.00 1.00 1.00 1.00 1.00 0.92 -0.78 -1.00 -1.00 -1.00 -1.00 -1.00 0.55 0.53 -1.00 
 -1.00 -1.00 -1.00 0.06 1.00 1.00 1.00 1.00 1.00 1.00 -0.01 -1.00 -1.00 -1.00 -1.00 -1.00 -0.50 1.00 0.33 -1.00 
 -1.00 -1.00 -0.73 0.95 1.00 1.00 1.00 1.00 1.00 0.77 -0.92 -1.00 -1.00 -1.00 -1.00 -0.87 0.73 1.00 0.13 -1.00 
 -1.00 -1.00 0.37 1.00 1.00 1.00 1.00 1.00 1.00 -0.30 -1.00 -1.00 -1.00 -1.00 -0.80 0.56 1.00 1.00 -0.07 -1.00 
 -1.00 -0.47 1.00 1.00 1.00 1.00 1.00 1.00 0.69 -0.67 -0.66 -0.56 -0.32 0.17 0.89 1.00 1.00 1.00 -0.27 -1.00 
 -1.00 0.26 1.00 1.00 1.00 1.00 1.00 1.00 1.00 1.00 1.00 1.00 1.00 1.00 1.00 1.00 1.00 1.00 -0.47 -1.00 
 