-1.00 -0.43 1.00 1.00 1.00 1.00 1.00 1.00 1.00 1.00 1.00 1.00 1.00 1.00 1.00 1.00 1.00 1.00 -0.84 -1.00 
 -1.00 -0.43 1.00 1.00 1.00 1.00 1.00 1.00 1.00 1.00 1.00 1.00 1.00 1.00 1.00 1.00 1.00 1.00 -0.84 -1.00 
 -1.00 -0.43 1.00 1.00 0.91 -0.35 -0.49 -0.49 -0.49 -0.49 -0.49 -0.14 1.00 1.00 1.00 1.00 1.00 0.63 -0.96 -1.00 
 -1.00 -0.43 1.00 1.00 0.49 -1.00 -1.00 -1.00 -1.00 -1.00 -0.95 0.64 1.00 1.00 1.00 1.00 0.94 -0.65 -1.00 -1.00 
 -1.00 -0.43 1.00 1.00 0.25 -1.00 -1.00 -1.00 -1.00 -1.00 0.08 1.00 1.00 1.00 1.00 1.00 -0.11 -1.00 -1.00 -1.00 
 -1.00 -0.43 1.00 1.00 0.00 -1.00 -1.00 -1.00 -1.00 -0.51 0.98 1.00 1.00 1.00 1.00 0.47 -0.98 -1.00 -1.00 -1.00 
 -1.00 -0.85 -0.49 -0.49 -0.78 -1.00 -1.00 -1.00 -0.88 0.76 1.00 1.00 1.00 1.00 0.87 -0.78 -1.00 -1.00 -1.00 -1.00 
 -1.00 -1.00 -1.00 -1.00 -1.00 -1.00 -1.00 -1.00 0.26 1.00 1.00 1.00 1.00 1.00 -0.32 -1.00 -1.00 -1.00 -1.00 -1.00 
 -1.00 -1.00 -1.00 -1.00 -1.00 -1.00 -1.00 -0.34 1.00 1.00 1.00 1.00 1.00 0.28 -1.00 -1.00 -1.00 -1.00 -1.00 -1.00 
 -1.00 -1.00 -1.00 -1.00 -1.00 -1.00 -0.80 0.85 1.00 1.00 1.00 1.00 0.76 -0.88 -1.00 -1.00 -1.00 -1.00 -1.00 -1.00 
 -1.00 -1.00 -1.00 -1.00 -1.00 -0.98 0.44 1.00 1.00 1.00 1.00 0.98 -0.51 -1.00 -1.00 -1.00 -1.00 -1.00 -1.00 -1.00 
 -1.00 -1.00 -1.00 -1.00 -1.00 -0.16 1.00 1.00 1.00 1.00 1.00 0.07 -1.00 -1.00 -1.00 -1.00 -1.00 -1.00 -1.00 -1.00 
 -1.00 -1.00 -1.00 -1.00 -0.69 0.93 1.00 1.00 1.00 1.00 0.62 -0.95 -1.00 -1.00 -1.00 -1.00 -1.00 -1.00 -1.00 -1.00 
 -1.00 -1.00 -1.00 -0.96 0.59 1.00 1.00 1.00 1.00 0.94 -0.66 -1.00 -1.00 -1.00 -1.00 -0.76 0.38 0.38 -0.05 -1.00 
 -1.00 -1.00 -1.00 0.02 1.00 1.00 1.00 1.00 1.00 -0.13 -1.00 -1.00 -1.00 -1.00 -1.00 -0.44 1.00 1.00 0.38 -1.00 
 -1.00 -1.00 -0.55 0.98 1.00 1.00 1.00 1.00 0.46 -0.98 -1.00 -1.00 -1.00 -1.00 -1.00 -0.18 1.00 1.00 0.38 -1.00 
 -1.00 -0.91 0.72 1.00 1.00 1.00 1.00 0.86 -0.79 -1.00 -1.00 -1.00 -1.00 -1.00 -1.00 0.08 1.00 1.00 0.38 -1.00 
 -1.00 0.04 1.00 1.00 1.00 1.00 1.00 0.09 -0.55 -0.55 -0.55 -0.55 -0.55 -0.55 -0.48 0.76 1.00 1.00 0.38 -1.00 
 -1.00 0.23 1.00 1.00 1.00 1.00 1.00 1.00 1.00 1.00 1.00 1.00 1.00 1.00 1.00 1.00 1.00 1.00 0.38 -1.00 
 -1.00 0.23 1.00 1.00 1.00 1.00 1.00 1.00 1.00 1.00 1.00 1.00 1.00 1.00 1.00 1.00 1.00 1.00 0.38 -1.00 
 