-1.00 -1.00 -1.00 0.16 1.00 1.00 1.00 1.00 1.00 1.00 1.00 1.00 1.00 1.00 1.00 1.00 1.00 -0.84 -1.00 -1.00 
 -1.00 -1.00 -1.00 0.16 1.00 1.00 1.00 1.00 1.00 1.00 1.00 1.00 1.00 1.00 1.00 1.00 1.00 -0.84 -1.00 -1.00 
 -1.00 -1.00 -1.00 0.16 1.00 1.00 1.00 1.00 1.00 1.00 1.00 1.00 1.00 1.00 1.00 1.00 1.00 -0.84 -1.00 -1.00 
 -1.00 -1.00 -1.00 0.16 1.00 1.00 1.00 1.00 1.00 1.00 1.00 1.00 1.00 1.00 1.00 1.00 1.00 -0.84 -1.00 -1.00 
 -1.00 -1.00 -1.00 -0.60 -0.31 -0.31 -0.31 -0.31 -0.31 -0.31 -0.25 0.90 1.00 1.00 1.00 1.00 0.77 -0.93 -1.00 -1.00 
 -1.00 -1.00 -1.00 -1.00 -1.00 -1.00 -1.00 -1.00 -1.00 -0.99 0.22 1.00 1.00 1.00 1.00 0.95 -0.56 -1.00 -1.00 -1.00 
 -1.00 -1.00 -1.00 -1.00 -1.00 -1.00 -1.00 -1.00 -1.00 -0.23 1.00 1.00 1.00 1.00 1.00 -0.15 -1.00 -1.00 -1.00 -1.00 
 -1.00 -1.00 -1.00 -1.00 -1.00 -1.00 -1.00 -1.00 -0.62 0.94 1.00 1.00 1.00 1.00 0.30 -0.99 -1.00 -1.00 -1.00 -1.00 
 -1.00 -1.00 -1.00 -1.00 -1.00 -1.00 -1.00 -0.87 0.73 1.00 1.00 1.00 1.00 0.67 -0.91 -1.00 -1.00 -1.00 -1.00 -1.00 
 -1.00 -1.00 -1.00 -1.00 -1.00 -1.00 -0.98 0.39 1.00 1.00 1.00 1.00 0.91 -0.68 -1.00 -1.00 -1.00 -1.00 -1.00 -1.00 
 -1.00 -1.00 -1.00 -1.00 -1.00 -1.00 -0.06 1.00 1.00 1.00 1.00 1.00 -0.33 -1.00 -1.00 -1.00 -1.00 -1.00 -1.00 -1.00 
 -1.00 -1.00 -1.00 -1.00 -1.00 -0.49 0.98 1.00 1.00 1.00 1.00 0.13 -1.00 -1.00 -1.00 -1.00 -1.00 -1.00 -1.00 -1.00 
 -1.00 -1.00 -1.00 -1.00 -0.79 0.82 1.00 1.00 1.00 1.00 0.55 -0.95 -1.00 -1.00 -1.00 -1.00 -1.00 -1.00 -1.00 -1.00 
 -1.00 -1.00 -1.00 -0.96 0.54 1.00 1.00 1.00 1.00 0.83 -0.78 -1.00 -1.00 -1.00 -1.00 -1.00 -1.00 -1.00 -1.00 -1.00 
 -1.00 -1.00 -1.00 0.11 1.00 1.00 1.00 1.00 0.98 -0.47 -1.00 -1.00 -1.00 -1.00 -1.00 -1.00 -1.00 -1.00 -1.00 -1.00 
 -1.00 -1.00 -0.36 1.00 1.00 1.00 1.00 1.00 0.22 -0.68 -0.68 -0.68 -0.68 -0.68 -0.68 -0.68 -0.68 -0.75 -1.00 -1.00 
 -1.00 -1.00 0.18 1.00 1.00 1.00 1.00 1.00 1.00 1.00 1.00 1.00 1.00 1.00 1.00 1.00 1.00 0.55 -1.00 -1.00 
 -1.00 -1.00 0.18 1.00 1.00 1.00 1.00 1.00 1.00 1.00 1.00 1.00 1.00 1.00 1.00 1.00 1.00 0.55 -1.00 -1.00 
 -1.00 -1.00 0.18 1.00 1.00 1.00 1.00 1.00 1.00 1.00 1.00 1.00 1.00 1.00 1.00 1.00 1.00 0.55 -1.00 -1.00 
 -1.00 -1.00 0.18 1.00 1.00 1.00 1.00 1.00 1.00 1.00 1.00 1.00 1.00 1.00 1.00 1.00 1.00 0.55 -1.00 -1.00 
 