-1.00 -1.00 -0.88 0.15 0.15 0.15 0.15 0.15 0.15 0.15 0.15 0.15 0.15 0.15 0.15 0.15 0.15 0.15 -0.60 -1.00 
 -1.00 -1.00 -0.22 1.00 1.00 1.00 1.00 1.00 1.00 1.00 1.00 1.00 1.00 1.00 1.00 1.00 1.00 1.00 0.38 -1.00 
 -1.00 -1.00 0.50 1.00 1.00 1.00 1.00 1.00 1.00 1.00 1.00 1.00 1.00 1.00 1.00 1.00 1.00 1.00 0.98 -0.73 
 -1.00 -0.76 0.99 1.00 1.00 1.00 1.00 1.00 1.00 0.92 0.91 1.00 1.00 1.00 1.00 1.00 1.00 1.00 0.98 -0.53 
 -1.00 -0.04 1.00 1.00 1.00 1.00 0.59 -0.29 -0.84 -1.00 -0.13 1.00 1.00 1.00 1.00 1.00 1.00 1.00 -0.18 -1.00 
 -0.99 0.68 1.00 1.00 1.00 0.10 -0.98 -1.00 -1.00 -0.37 0.98 1.00 1.00 1.00 1.00 1.00 1.00 0.10 -1.00 -1.00 
 -0.71 0.97 1.00 1.00 0.34 -0.99 -1.00 -1.00 -0.57 0.93 1.00 1.00 1.00 1.00 1.00 1.00 0.36 -0.98 -1.00 -1.00 
 -1.00 -0.83 -0.16 0.44 -0.84 -1.00 -1.00 -0.73 0.83 1.00 1.00 1.00 1.00 1.00 1.00 0.58 -0.92 -1.00 -1.00 -1.00 
 -1.00 -1.00 -1.00 -1.00 -1.00 -1.00 -0.85 0.69 1.00 1.00 1.00 1.00 1.00 1.00 0.75 -0.81 -1.00 -1.00 -1.00 -1.00 
 -1.00 -1.00 -1.00 -1.00 -1.00 -0.94 0.53 1.00 1.00 1.00 1.00 1.00 1.00 0.88 -0.66 -1.00 -1.00 -1.00 -1.00 -1.00 
 -1.00 -1.00 -1.00 -1.00 -0.98 0.32 1.00 1.00 1.00 1.00 1.00 1.00 0.96 -0.47 -1.00 -1.00 -1.00 -1.00 -1.00 -1.00 
 -1.00 -1.00 -1.00 -1.00 0.07 1.00 1.00 1.00 1.00 1.00 1.00 1.00 -0.23 -1.00 -1.00 -1.00 -0.99 -0.37 -0.90 -1.00 
 -1.00 -1.00 -1.00 -0.18 1.00 1.00 1.00 1.00 1.00 1.00 1.00 0.04 -1.00 -1.00 -1.00 -1.00 -0.29 1.00 0.93 0.33 
 -1.00 -1.00 -0.41 0.98 1.00 1.00 1.00 1.00 1.00 1.00 0.31 -0.98 -1.00 -1.00 -1.00 -0.70 0.87 1.00 1.00 0.75 
 -1.00 -0.61 0.91 1.00 1.00 1.00 1.00 1.00 1.00 0.54 -0.94 -1.00 -1.00 -1.00 -0.62 0.77 1.00 1.00 1.00 0.08 
 -0.76 0.80 1.00 1.00 1.00 1.00 1.00 1.00 0.72 -0.84 -1.00 -0.96 -0.58 0.16 0.95 1.00 1.00 1.00 1.00 -0.60 
 0.62 1.00 1.00 1.00 1.00 1.00 1.00 1.00 0.88 0.70 0.76 0.95 1.00 1.00 1.00 1.00 1.00 1.00 0.73 -0.99 
 0.45 1.00 1.00 1.00 1.00 1.00 1.00 1.00 1.00 1.00 1.00 1.00 1.00 1.00 1.00 1.00 1.00 1.00 0.05 -1.00 
 -0.16 1.00 1.00 1.00 1.00 1.00 1.00 1.00 1.00 1.00 1.00 1.00 1.00 1.00 1.00 1.00 1.00 1.00 -0.63 -1.00 
 -0.78 0.47 0.47 0.47 0.47 0.47 0.47 0.47 0.47 0.47 0.47 0.47 0.47 0.47 0.47 0.47 0.47 0.31 -0.99 -1.00 
 