-1.00 -1.00 0.19 1.00 1.00 1.00 1.00 1.00 1.00 1.00 1.00 1.00 1.00 1.00 1.00 1.00 1.00 1.00 -0.75 -1.00 
 -1.00 -1.00 0.19 1.00 1.00 1.00 1.00 1.00 1.00 1.00 1.00 1.00 1.00 1.00 1.00 1.00 1.00 1.00 -0.75 -1.00 
 -1.00 -1.00 0.19 1.00 1.00 1.00 1.00 1.00 1.00 1.00 1.00 1.00 1.00 1.00 1.00 1.00 1.00 1.00 -0.75 -1.00 
 -1.00 -1.00 0.19 1.00 1.00 1.00 1.00 1.00 1.00 1.00 1.00 1.00 1.00 1.00 1.00 1.00 1.00 1.00 -0.75 -1.00 
 -1.00 -1.00 -0.73 -0.54 -0.54 -0.54 -0.54 -0.54 -0.54 -0.54 -0.54 0.40 1.00 1.00 1.00 1.00 1.00 0.68 -0.92 -1.00 
 -1.00 -1.00 -1.00 -1.00 -1.00 -1.00 -1.00 -1.00 -1.00 -1.00 -0.26 1.00 1.00 1.00 1.00 1.00 0.84 -0.73 -1.00 -1.00 
 -1.00 -1.00 -1.00 -1.00 -1.00 -1.00 -1.00 -1.00 -1.00 -0.51 0.95 1.00 1.00 1.00 1.00 0.95 -0.52 -1.00 -1.00 -1.00 
 -1.00 -1.00 -1.00 -1.00 -1.00 -1.00 -1.00 -1.00 -0.72 0.85 1.00 1.00 1.00 1.00 1.00 -0.25 -1.00 -1.00 -1.00 -1.00 
 -1.00 -1.00 -1.00 -1.00 -1.00 -1.00 -1.00 -0.86 0.69 1.00 1.00 1.00 1.00 1.00 0.05 -1.00 -1.00 -1.00 -1.00 -1.00 
 -1.00 -1.00 -1.00 -1.00 -1.00 -1.00 -0.95 0.49 1.00 1.00 1.00 1.00 1.00 0.35 -0.98 -1.00 -1.00 -1.00 -1.00 -1.00 
 -1.00 -1.00 -1.00 -1.00 -1.00 -0.99 0.22 1.00 1.00 1.00 1.00 1.00 0.60 -0.91 -1.00 -1.00 -1.00 -1.00 -1.00 -1.00 
 -1.00 -1.00 -1.00 -1.00 -1.00 -0.07 1.00 1.00 1.00 1.00 1.00 0.79 -0.79 -1.00 -1.00 -1.00 -1.00 -1.00 -1.00 -1.00 
 -1.00 -1.00 -1.00 -1.00 -0.36 0.99 1.00 1.00 1.00 1.00 0.91 -0.61 -1.00 -1.00 -1.00 -1.00 -1.00 -1.00 -1.00 -1.00 
 -1.00 -1.00 -1.00 -0.59 0.92 1.00 1.00 1.00 1.00 0.98 -0.36 -1.00 -1.00 -1.00 -1.00 -1.00 -1.00 -1.00 -1.00 -1.00 
 -1.00 -1.00 -0.77 0.80 1.00 1.00 1.00 1.00 1.00 -0.07 -1.00 -1.00 -1.00 -1.00 -1.00 -1.00 -1.00 -1.00 -1.00 -1.00 
 -1.00 -0.90 0.63 1.00 1.00 1.00 1.00 1.00 0.29 -0.94 -0.95 -0.95 -0.95 -0.95 -0.95 -0.95 -0.95 -0.95 -0.97 -1.00 
 -1.00 -0.48 1.00 1.00 1.00 1.00 1.00 1.00 1.00 1.00 1.00 1.00 1.00 1.00 1.00 1.00 1.00 1.00 -0.07 -1.00 
 -1.00 -0.48 1.00 1.00 1.00 1.00 1.00 1.00 1.00 1.00 1.00 1.00 1.00 1.00 1.00 1.00 1.00 1.00 -0.07 -1.00 
 -1.00 -0.48 1.00 1.00 1.00 1.00 1.00 1.00 1.00 1.00 1.00 1.00 1.00 1.00 1.00 1.00 1.00 1.00 -0.07 -1.00 
 -1.00 -0.48 1.00 1.00 1.00 1.00 1.00 1.00 1.00 1.00 1.00 1.00 1.00 1.00 1.00 1.00 1.00 1.00 -0.07 -1.00 
 