-1.00 -0.92 0.46 0.98 1.00 1.00 1.00 1.00 1.00 1.00 1.00 1.00 1.00 1.00 1.00 1.00 1.00 0.91 -0.11 -1.00 
 -1.00 -0.47 1.00 1.00 1.00 1.00 1.00 1.00 1.00 1.00 1.00 1.00 1.00 1.00 1.00 1.00 1.00 1.00 0.80 -1.00 
 -1.00 -0.76 0.91 1.00 1.00 1.00 1.00 1.00 1.00 1.00 1.00 1.00 1.00 1.00 1.00 1.00 1.00 1.00 0.70 -1.00 
 -1.00 -1.00 -0.82 -0.44 -0.40 -0.42 -0.44 -0.47 -0.50 -0.53 -0.55 -0.41 0.91 1.00 1.00 1.00 1.00 0.99 -0.41 -1.00 
 -1.00 -1.00 -1.00 -1.00 -1.00 -1.00 -1.00 -1.00 -1.00 -1.00 -0.98 0.44 1.00 1.00 1.00 1.00 1.00 0.00 -1.00 -1.00 
 -1.00 -1.00 -1.00 -1.00 -1.00 -1.00 -1.00 -1.00 -1.00 -1.00 0.04 1.00 1.00 1.00 1.00 1.00 0.41 -0.98 -1.00 -1.00 
 -1.00 -1.00 -1.00 -1.00 -1.00 -1.00 -1.00 -1.00 -1.00 -0.37 0.99 1.00 1.00 1.00 1.00 0.72 -0.87 -1.00 -1.00 -1.00 
 -1.00 -1.00 -1.00 -1.00 -1.00 -1.00 -1.00 -1.00 -0.69 0.89 1.00 1.00 1.00 1.00 0.91 -0.65 -1.00 -1.00 -1.00 -1.00 
 -1.00 -1.00 -1.00 -1.00 -1.00 -1.00 -1.00 -0.90 0.68 1.00 1.00 1.00 1.00 1.00 -0.31 -1.00 -1.00 -1.00 -1.00 -1.00 
 -1.00 -1.00 -1.00 -1.00 -1.00 -1.00 -0.99 0.35 1.00 1.00 1.00 1.00 1.00 0.11 -1.00 -1.00 -1.00 -1.00 -1.00 -1.00 
 -1.00 -1.00 -1.00 -1.00 -1.00 -1.00 -0.07 1.00 1.00 1.00 1.00 1.00 0.50 -0.96 -1.00 -1.00 -1.00 -1.00 -1.00 -1.00 
 -1.00 -1.00 -1.00 -1.00 -1.00 -0.47 0.98 1.00 1.00 1.00 1.00 0.78 -0.82 -1.00 -1.00 -1.00 -1.00 -1.00 -1.00 -1.00 
 -1.00 -1.00 -1.00 -1.00 -0.76 0.84 1.00 1.00 1.00 1.00 0.95 -0.57 -1.00 -1.00 -1.00 -1.00 -1.00 -1.00 -1.00 -1.00 
 -1.00 -1.00 -1.00 -0.93 0.60 1.00 1.00 1.00 1.00 1.00 -0.20 -1.00 -1.00 -1.00 -1.00 -1.00 -1.00 -1.00 -1.00 -1.00 
 -1.00 -1.00 -0.99 0.24 1.00 1.00 1.00 1.00 1.00 0.22 -1.00 -1.00 -1.00 -1.00 -1.00 -1.00 -1.00 -1.00 -1.00 -1.00 
 -1.00 -1.00 -0.18 1.00 1.00 1.00 1.00 1.00 0.58 -0.94 -1.00 -1.00 -1.00 -1.00 -1.00 -1.00 -1.00 -1.00 -1.00 -1.00 
 -1.00 -0.55 0.95 1.00 1.00 1.00 1.00 0.89 -0.61 -0.83 -0.80 -0.77 -0.75 -0.73 -0.70 -0.67 -0.65 -0.74 -0.99 -1.00 
 -1.00 0.65 1.00 1.00 1.00 1.00 1.00 1.00 1.00 1.00 1.00 1.00 1.00 1.00 1.00 1.00 1.00 1.00 0.48 -0.99 
 -1.00 0.86 1.00 1.00 1.00 1.00 1.00 1.00 1.00 1.00 1.00 1.00 1.00 1.00 1.00 1.00 1.00 1.00 1.00 -0.90 
 -1.00 0.14 1.00 1.00 1.00 1.00 1.00 1.00 1.00 1.00 1.00 1.00 1.00 1.00 1.00 1.00 1.00 1.00 0.40 -1.00 
 