-1.00 -1.00 -1.00 -1.00 -1.00 -1.00 -0.93 -0.06 0.67 0.98 0.87 0.30 -0.55 -1.00 -1.00 -1.00 -1.00 -0.16 0.90 -0.65 
 -1.00 -1.00 -1.00 -1.00 -1.00 -0.77 0.65 1.00 1.00 1.00 1.00 1.00 1.00 0.49 -0.37 -0.94 -0.95 0.71 1.00 -0.57 
 -1.00 -1.00 -1.00 -1.00 -0.86 0.70 1.00 1.00 1.00 1.00 1.00 1.00 1.00 1.00 1.00 0.95 0.88 1.00 0.66 -0.98 
 -1.00 -1.00 -1.00 -0.99 0.37 1.00 0.33 -0.61 -0.47 0.04 0.65 1.00 1.00 1.00 1.00 1.00 1.00 1.00 -0.42 -1.00 
 -1.00 -1.00 -1.00 -0.35 1.00 0.32 -0.98 -1.00 -1.00 -1.00 -1.00 -0.69 -0.15 0.09 0.05 0.17 0.99 0.26 -1.00 -1.00 
 -1.00 -1.00 -0.99 0.61 0.78 -0.89 -1.00 -1.00 -1.00 -1.00 -1.00 -1.00 -1.00 -1.00 -0.40 0.90 0.66 -0.90 -1.00 -1.00 
 -1.00 -1.00 -1.00 -0.86 -0.62 -1.00 -1.00 -1.00 -1.00 -1.00 -1.00 -1.00 -0.87 0.19 0.99 0.82 -0.73 -1.00 -1.00 -1.00 
 -1.00 -1.00 -1.00 -1.00 -1.00 -1.00 -1.00 -1.00 -1.00 -1.00 -0.99 -0.32 0.80 1.00 0.87 -0.62 -1.00 -1.00 -1.00 -1.00 
 -1.00 -1.00 -1.00 -1.00 -1.00 -1.00 -1.00 -1.00 -1.00 -0.76 0.42 1.00 1.00 0.81 -0.62 -1.00 -1.00 -1.00 -1.00 -1.00 
 -1.00 -1.00 -1.00 -1.00 -1.00 -1.00 -1.00 -0.99 -0.18 0.90 1.00 1.00 0.58 -0.76 -1.00 -1.00 -1.00 -1.00 -1.00 -1.00 
 -1.00 -1.00 -1.00 -1.00 -1.00 -1.00 -0.84 0.41 1.00 1.00 0.96 0.03 -0.95 -1.00 -1.00 -1.00 -1.00 -1.00 -1.00 -1.00 
 -1.00 -1.00 -1.00 -1.00 -1.00 -0.67 0.75 1.00 1.00 0.49 -0.65 -1.00 -1.00 -1.00 -1.00 -1.00 -1.00 -1.00 -1.00 -1.00 
 -1.00 -1.00 -1.00 -1.00 -0.62 0.85 1.00 0.77 -0.33 -0.99 -1.00 -1.00 -1.00 -1.00 -1.00 -1.00 -1.00 -1.00 -1.00 -1.00 
 -1.00 -1.00 -1.00 -0.69 0.84 0.99 0.12 -0.91 -1.00 -1.00 -1.00 -1.00 -1.00 -1.00 -1.00 -1.00 -0.15 0.08 -0.95 -1.00 
 -1.00 -1.00 -0.84 0.74 0.91 -0.43 -1.00 -1.00 -1.00 -1.00 -1.00 -1.00 -1.00 -1.00 -1.00 -0.87 0.86 0.62 -1.00 -1.00 
 -1.00 -0.99 0.44 1.00 0.50 0.41 0.51 0.28 -0.23 -0.84 -1.00 -1.00 -1.00 -1.00 -0.99 0.26 1.00 -0.27 -1.00 -1.00 
 -1.00 -0.25 1.00 1.00 1.00 1.00 1.00 1.00 1.00 0.97 0.44 -0.18 -0.64 -0.67 0.22 1.00 0.58 -0.98 -1.00 -1.00 
 -0.98 0.76 0.98 -0.04 0.56 1.00 1.00 1.00 1.00 1.00 1.00 1.00 1.00 1.00 1.00 0.87 -0.69 -1.00 -1.00 -1.00 
 -0.58 1.00 0.87 -1.00 -0.99 -0.51 0.44 0.99 1.00 1.00 1.00 1.00 1.00 1.00 0.83 -0.57 -1.00 -1.00 -1.00 -1.00 
 -0.67 0.95 0.22 -1.00 -1.00 -1.00 -1.00 -0.69 0.04 0.62 0.95 1.00 0.83 0.15 -0.82 -1.00 -1.00 -1.00 -1.00 -1.00 
 