-1.00 -1.00 -1.00 -1.00 -1.00 -0.95 -0.46 -0.04 0.20 0.29 0.25 0.12 -0.02 -0.17 -0.31 -0.38 -0.39 -0.39 -0.39 -0.62 
 -1.00 -1.00 -1.00 -0.98 -0.08 0.84 1.00 1.00 1.00 0.95 0.73 0.66 0.74 0.90 1.00 1.00 1.00 1.00 1.00 0.69 
 -1.00 -1.00 -1.00 0.25 1.00 1.00 1.00 0.84 -0.29 -0.93 -1.00 -1.00 -1.00 -1.00 -0.47 0.97 1.00 1.00 1.00 0.55 
 -1.00 -1.00 -0.70 1.00 1.00 1.00 1.00 -0.51 -1.00 -1.00 -1.00 -1.00 -1.00 -0.70 0.82 1.00 1.00 1.00 0.62 -0.87 
 -1.00 -1.00 -0.61 1.00 1.00 1.00 0.39 -1.00 -1.00 -1.00 -1.00 -1.00 -0.76 0.76 1.00 1.00 1.00 0.68 -0.84 -1.00 
 -1.00 -1.00 -0.98 0.46 1.00 0.62 -0.80 -1.00 -1.00 -1.00 -1.00 -0.82 0.69 1.00 1.00 1.00 0.73 -0.79 -1.00 -1.00 
 -1.00 -1.00 -1.00 -0.99 -0.85 -0.99 -1.00 -1.00 -1.00 -1.00 -0.87 0.62 1.00 1.00 1.00 0.79 -0.74 -1.00 -1.00 -1.00 
 -1.00 -1.00 -1.00 -1.00 -1.00 -1.00 -1.00 -1.00 -1.00 -0.91 0.55 1.00 1.00 1.00 0.83 -0.69 -1.00 -1.00 -1.00 -1.00 
 -1.00 -1.00 -1.00 -1.00 -1.00 -1.00 -1.00 -1.00 -0.95 0.46 1.00 1.00 1.00 0.87 -0.62 -1.00 -1.00 -1.00 -1.00 -1.00 
 -1.00 -1.00 -1.00 -1.00 -1.00 -1.00 -1.00 -0.97 0.36 1.00 1.00 1.00 0.91 -0.56 -1.00 -1.00 -1.00 -1.00 -1.00 -1.00 
 -1.00 -1.00 -1.00 -1.00 -1.00 -1.00 -0.98 0.25 1.00 1.00 1.00 0.94 -0.49 -1.00 -1.00 -1.00 -1.00 -1.00 -1.00 -1.00 
 -1.00 -1.00 -1.00 -1.00 -1.00 -0.99 0.15 1.00 1.00 1.00 0.96 -0.41 -1.00 -1.00 -1.00 -1.00 -1.00 -1.00 -1.00 -1.00 
 -1.00 -1.00 -1.00 -1.00 -1.00 0.03 1.00 1.00 1.00 0.98 -0.33 -1.00 -1.00 -1.00 -1.00 -1.00 -1.00 -1.00 -1.00 -1.00 
 -1.00 -1.00 -1.00 -1.00 -0.10 1.00 1.00 1.00 0.99 -0.25 -1.00 -1.00 -1.00 -1.00 -1.00 -1.00 -0.98 -0.89 -1.00 -1.00 
 -1.00 -1.00 -1.00 -0.21 1.00 1.00 1.00 1.00 -0.15 -1.00 -1.00 -1.00 -1.00 -1.00 -1.00 -0.69 0.78 1.00 0.18 -1.00 
 -1.00 -1.00 -0.32 0.98 1.00 1.00 1.00 -0.06 -1.00 -1.00 -1.00 -1.00 -1.00 -1.00 -0.99 0.50 1.00 1.00 0.99 -0.93 
 -1.00 -0.41 0.96 1.00 1.00 1.00 0.04 -1.00 -1.00 -1.00 -1.00 -1.00 -1.00 -1.00 -0.32 1.00 1.00 1.00 0.87 -0.98 
 -0.51 0.93 1.00 1.00 1.00 0.33 -0.87 -0.99 -1.00 -1.00 -1.00 -1.00 -0.79 0.00 0.96 1.00 1.00 1.00 -0.06 -1.00 
 0.59 1.00 1.00 1.00 1.00 1.00 1.00 0.92 0.75 0.64 0.65 0.80 1.00 1.00 1.00 1.00 0.92 -0.07 -0.99 -1.00 
 -0.69 -0.18 -0.15 -0.11 -0.08 -0.05 -0.02 0.05 0.15 0.25 0.36 0.43 0.47 0.44 0.22 -0.21 -0.85 -1.00 -1.00 -1.00 
 