0.00 0.00 0.00 0.00 0.00 0.00 0.04 0.40 0.77 0.92 0.87 0.58 0.18 0.00 0.00 0.00 0.00 0.44 0.85 0.11 
 0.00 0.00 0.00 0.00 0.00 0.10 0.76 1.00 1.00 1.00 1.00 1.00 0.99 0.67 0.25 0.05 0.06 0.88 0.98 0.16 
 0.00 0.00 0.00 0.00 0.07 0.80 1.00 1.00 1.00 1.00 1.00 1.00 1.00 1.00 1.00 0.93 0.91 1.00 0.76 0.00 
 0.00 0.00 0.00 0.01 0.62 1.00 0.69 0.24 0.31 0.56 0.84 0.99 1.00 1.00 1.00 1.00 1.00 0.98 0.25 0.00 
 0.00 0.00 0.00 0.29 1.00 0.69 0.02 0.00 0.00 0.00 0.01 0.20 0.47 0.58 0.55 0.64 1.00 0.58 0.00 0.00 
 0.00 0.00 0.01 0.73 0.89 0.08 0.00 0.00 0.00 0.00 0.00 0.00 0.00 0.01 0.33 0.95 0.78 0.04 0.00 0.00 
 0.00 0.00 0.00 0.08 0.22 0.00 0.00 0.00 0.00 0.00 0.00 0.00 0.09 0.60 1.00 0.87 0.12 0.00 0.00 0.00 
 0.00 0.00 0.00 0.00 0.00 0.00 0.00 0.00 0.00 0.00 0.02 0.35 0.90 1.00 0.90 0.18 0.00 0.00 0.00 0.00 
 0.00 0.00 0.00 0.00 0.00 0.00 0.00 0.00 0.00 0.15 0.71 1.00 1.00 0.87 0.18 0.00 0.00 0.00 0.00 0.00 
 0.00 0.00 0.00 0.00 0.00 0.00 0.00 0.02 0.41 0.95 1.00 1.00 0.75 0.11 0.00 0.00 0.00 0.00 0.00 0.00 
 0.00 0.00 0.00 0.00 0.00 0.00 0.10 0.70 1.00 1.00 0.95 0.49 0.02 0.00 0.00 0.00 0.00 0.00 0.00 0.00 
 0.00 0.00 0.00 0.00 0.00 0.18 0.87 1.00 0.99 0.71 0.16 0.00 0.00 0.00 0.00 0.00 0.00 0.00 0.00 0.00 
 0.00 0.00 0.00 0.00 0.21 0.92 1.00 0.85 0.31 0.00 0.00 0.00 0.00 0.00 0.00 0.00 0.00 0.00 0.00 0.00 
 0.00 0.00 0.00 0.17 0.91 0.97 0.54 0.04 0.00 0.00 0.00 0.00 0.00 0.00 0.00 0.00 0.48 0.52 0.01 0.00 
 0.00 0.00 0.10 0.86 0.93 0.28 0.00 0.00 0.00 0.00 0.00 0.00 0.00 0.00 0.00 0.13 0.96 0.73 0.00 0.00 
 0.00 0.02 0.69 1.00 0.78 0.75 0.80 0.69 0.43 0.15 0.01 0.00 0.00 0.00 0.03 0.70 0.99 0.28 0.00 0.00 
 0.00 0.35 1.00 1.00 1.00 1.00 1.00 1.00 1.00 0.99 0.77 0.45 0.23 0.23 0.69 1.00 0.69 0.00 0.00 0.00 
 0.03 0.84 0.96 0.44 0.70 0.97 1.00 1.00 1.00 1.00 1.00 1.00 1.00 1.00 1.00 0.86 0.10 0.00 0.00 0.00 
 0.16 1.00 0.90 0.01 0.00 0.18 0.64 0.95 1.00 1.00 1.00 1.00 1.00 1.00 0.83 0.15 0.00 0.00 0.00 0.00 
 0.11 0.89 0.59 0.00 0.00 0.00 0.00 0.10 0.44 0.73 0.91 0.95 0.82 0.48 0.05 0.00 0.00 0.00 0.00 0.00 
 