0.00 0.00 0.00 0.00 0.00 0.82 1.00 1.00 1.00 1.00 1.00 1.00 1.00 1.00 1.00 1.00 1.00 0.90 0.00 0.00 
 0.00 0.00 0.00 0.00 0.08 0.98 1.00 1.00 1.00 1.00 1.00 1.00 1.00 1.00 1.00 1.00 1.00 0.71 0.00 0.00 
 0.00 0.00 0.00 0.00 0.17 1.00 1.00 1.00 1.00 1.00 1.00 1.00 1.00 1.00 1.00 1.00 0.92 0.12 0.00 0.00 
 0.00 0.00 0.00 0.00 0.06 0.20 0.20 0.20 0.20 0.20 0.20 0.20 0.49 1.00 1.00 0.99 0.39 0.00 0.00 0.00 
 0.00 0.00 0.00 0.00 0.00 0.00 0.00 0.00 0.00 0.00 0.00 0.09 0.90 1.00 1.00 0.71 0.00 0.00 0.00 0.00 
 0.00 0.00 0.00 0.00 0.00 0.00 0.00 0.00 0.00 0.00 0.01 0.67 1.00 1.00 0.92 0.12 0.00 0.00 0.00 0.00 
 0.00 0.00 0.00 0.00 0.00 0.00 0.00 0.00 0.00 0.00 0.36 1.00 1.00 0.99 0.39 0.00 0.00 0.00 0.00 0.00 
 0.00 0.00 0.00 0.00 0.00 0.00 0.00 0.00 0.00 0.12 0.93 1.00 1.00 0.71 0.00 0.00 0.00 0.00 0.00 0.00 
 0.00 0.00 0.00 0.00 0.00 0.00 0.00 0.00 0.02 0.73 1.00 1.00 0.94 0.14 0.00 0.00 0.00 0.00 0.00 0.00 
 0.00 0.00 0.00 0.00 0.00 0.00 0.00 0.00 0.44 1.00 1.00 1.00 0.43 0.00 0.00 0.00 0.00 0.00 0.00 0.00 
 0.00 0.00 0.00 0.00 0.00 0.00 0.00 0.18 0.96 1.00 1.00 0.74 0.01 0.00 0.00 0.00 0.00 0.00 0.00 0.00 
 0.00 0.00 0.00 0.00 0.00 0.00 0.04 0.79 1.00 1.00 0.94 0.14 0.00 0.00 0.00 0.00 0.00 0.00 0.00 0.00 
 0.00 0.00 0.00 0.00 0.00 0.00 0.51 1.00 1.00 1.00 0.43 0.00 0.00 0.00 0.00 0.00 0.00 0.00 0.00 0.00 
 0.00 0.00 0.00 0.00 0.00 0.23 0.98 1.00 1.00 0.74 0.01 0.00 0.00 0.00 0.00 0.00 0.00 0.00 0.00 0.00 
 0.00 0.00 0.00 0.00 0.06 0.84 1.00 1.00 0.94 0.14 0.00 0.00 0.00 0.00 0.00 0.00 0.00 0.00 0.00 0.00 
 0.00 0.00 0.00 0.01 0.58 1.00 1.00 1.00 0.43 0.00 0.00 0.00 0.00 0.00 0.00 0.00 0.00 0.00 0.00 0.00 
 0.00 0.00 0.00 0.29 1.00 1.00 1.00 0.85 0.21 0.20 0.20 0.20 0.20 0.20 0.20 0.12 0.00 0.00 0.00 0.00 
 0.00 0.00 0.08 0.88 1.00 1.00 1.00 1.00 1.00 1.00 1.00 1.00 1.00 1.00 1.00 0.47 0.00 0.00 0.00 0.00 
 0.00 0.00 0.63 1.00 1.00 1.00 1.00 1.00 1.00 1.00 1.00 1.00 1.00 1.00 1.00 0.29 0.00 0.00 0.00 0.00 
 0.00 0.00 0.90 1.00 1.00 1.00 1.00 1.00 1.00 1.00 1.00 1.00 1.00 1.00 0.98 0.11 0.00 0.00 0.00 0.00 
 