0.00 0.00 0.00 0.00 0.29 0.65 0.64 0.37 0.23 0.15 0.15 0.16 0.29 0.33 0.45 0.59 0.74 0.88 1.00 0.96 
 0.00 0.00 0.00 0.16 0.98 1.00 1.00 1.00 1.00 1.00 1.00 1.00 1.00 1.00 1.00 1.00 1.00 1.00 1.00 1.00 
 0.00 0.00 0.00 0.27 1.00 1.00 1.00 1.00 1.00 1.00 1.00 1.00 1.00 1.00 1.00 1.00 1.00 1.00 1.00 1.00 
 0.00 0.00 0.00 0.08 0.86 1.00 1.00 1.00 1.00 1.00 1.00 1.00 1.00 1.00 1.00 1.00 1.00 1.00 1.00 1.00 
 0.00 0.00 0.00 0.00 0.08 0.47 0.72 0.86 0.86 0.84 0.72 0.62 0.47 0.33 0.21 0.74 1.00 1.00 1.00 0.94 
 0.00 0.00 0.00 0.00 0.00 0.00 0.00 0.00 0.00 0.00 0.00 0.00 0.00 0.02 0.51 1.00 1.00 1.00 0.98 0.33 
 0.00 0.00 0.00 0.00 0.00 0.00 0.00 0.00 0.00 0.00 0.00 0.00 0.02 0.47 1.00 1.00 1.00 0.98 0.43 0.00 
 0.00 0.00 0.00 0.00 0.00 0.00 0.00 0.00 0.00 0.00 0.00 0.00 0.37 1.00 1.00 1.00 0.98 0.53 0.00 0.00 
 0.00 0.00 0.00 0.00 0.00 0.00 0.00 0.00 0.00 0.00 0.00 0.35 0.98 1.00 1.00 1.00 0.59 0.00 0.00 0.00 
 0.00 0.00 0.00 0.00 0.00 0.00 0.00 0.00 0.00 0.00 0.33 0.98 1.00 1.00 1.00 0.65 0.02 0.00 0.00 0.00 
 0.00 0.00 0.00 0.00 0.00 0.00 0.00 0.00 0.00 0.25 0.94 1.00 1.00 1.00 0.65 0.02 0.00 0.00 0.00 0.00 
 0.00 0.00 0.00 0.00 0.00 0.00 0.00 0.00 0.25 0.94 1.00 1.00 1.00 0.76 0.04 0.00 0.00 0.00 0.00 0.00 
 0.00 0.00 0.00 0.00 0.00 0.00 0.00 0.25 0.94 1.00 1.00 1.00 0.76 0.06 0.00 0.00 0.00 0.00 0.00 0.00 
 0.00 0.00 0.00 0.00 0.00 0.00 0.21 0.94 1.00 1.00 1.00 0.76 0.06 0.00 0.00 0.00 0.00 0.00 0.00 0.00 
 0.00 0.00 0.00 0.00 0.00 0.16 0.88 1.00 1.00 1.00 0.78 0.06 0.00 0.00 0.00 0.00 0.06 0.15 0.15 0.04 
 0.00 0.00 0.00 0.00 0.16 0.88 1.00 1.00 1.00 0.84 0.15 0.15 0.29 0.49 0.65 0.82 0.92 1.00 1.00 0.90 
 0.00 0.00 0.00 0.16 0.88 1.00 1.00 1.00 1.00 0.74 0.84 1.00 1.00 1.00 1.00 1.00 1.00 1.00 1.00 1.00 
 0.00 0.00 0.16 0.88 1.00 1.00 1.00 1.00 1.00 1.00 1.00 1.00 1.00 1.00 1.00 1.00 1.00 1.00 1.00 1.00 
 0.00 0.13 0.88 1.00 1.00 1.00 1.00 1.00 1.00 1.00 1.00 1.00 1.00 1.00 1.00 1.00 1.00 1.00 1.00 1.00 
 0.08 0.80 1.00 1.00 1.00 1.00 1.00 1.00 1.00 0.92 0.76 0.57 0.41 0.29 0.18 0.15 0.15 0.27 0.45 0.74 
 