0.00 0.00 0.11 0.79 0.33 0.33 0.33 0.33 0.33 0.33 0.33 0.33 0.33 0.33 0.33 0.33 0.33 0.22 0.00 0.00 
 0.00 0.00 0.11 1.00 1.00 0.99 0.84 0.62 0.51 0.45 0.45 0.45 0.45 0.46 0.90 1.00 1.00 0.61 0.00 0.00 
 0.00 0.00 0.11 1.00 0.95 0.36 0.00 0.00 0.00 0.00 0.00 0.00 0.00 0.38 1.00 1.00 0.90 0.11 0.00 0.00 
 0.00 0.00 0.11 1.00 0.48 0.00 0.00 0.00 0.00 0.00 0.00 0.00 0.15 0.94 1.00 0.99 0.35 0.00 0.00 0.00 
 0.00 0.00 0.11 0.95 0.09 0.00 0.00 0.00 0.00 0.00 0.00 0.03 0.76 1.00 1.00 0.63 0.00 0.00 0.00 0.00 
 0.00 0.00 0.09 0.69 0.00 0.00 0.00 0.00 0.00 0.00 0.00 0.46 1.00 1.00 0.87 0.06 0.00 0.00 0.00 0.00 
 0.00 0.00 0.00 0.00 0.00 0.00 0.00 0.00 0.00 0.00 0.20 0.98 1.00 0.98 0.26 0.00 0.00 0.00 0.00 0.00 
 0.00 0.00 0.00 0.00 0.00 0.00 0.00 0.00 0.00 0.05 0.83 1.00 1.00 0.56 0.00 0.00 0.00 0.00 0.00 0.00 
 0.00 0.00 0.00 0.00 0.00 0.00 0.00 0.00 0.00 0.56 1.00 1.00 0.80 0.04 0.00 0.00 0.00 0.00 0.00 0.00 
 0.00 0.00 0.00 0.00 0.00 0.00 0.00 0.00 0.29 0.99 1.00 0.95 0.19 0.00 0.00 0.00 0.00 0.00 0.00 0.00 
 0.00 0.00 0.00 0.00 0.00 0.00 0.00 0.09 0.88 1.00 1.00 0.47 0.00 0.00 0.00 0.00 0.00 0.00 0.00 0.00 
 0.00 0.00 0.00 0.00 0.00 0.00 0.02 0.64 1.00 1.00 0.74 0.02 0.00 0.00 0.00 0.00 0.00 0.00 0.00 0.00 
 0.00 0.00 0.00 0.00 0.00 0.00 0.36 1.00 1.00 0.93 0.13 0.00 0.00 0.00 0.00 0.00 0.00 0.00 0.00 0.00 
 0.00 0.00 0.00 0.00 0.00 0.14 0.94 1.00 0.99 0.36 0.00 0.00 0.00 0.00 0.00 0.00 0.00 0.00 0.00 0.00 
 0.00 0.00 0.00 0.00 0.03 0.74 1.00 1.00 0.65 0.00 0.00 0.00 0.00 0.00 0.00 0.00 0.00 0.18 0.33 0.00 
 0.00 0.00 0.00 0.00 0.45 1.00 1.00 0.87 0.07 0.00 0.00 0.00 0.00 0.00 0.00 0.00 0.00 0.60 0.60 0.00 
 0.00 0.00 0.00 0.20 0.96 1.00 0.98 0.29 0.00 0.00 0.00 0.00 0.00 0.00 0.00 0.00 0.11 0.95 0.40 0.00 
 0.00 0.00 0.05 0.80 1.00 1.00 0.58 0.00 0.00 0.00 0.00 0.00 0.00 0.00 0.00 0.06 0.74 1.00 0.20 0.00 
 0.00 0.00 0.53 1.00 1.00 0.82 0.04 0.00 0.00 0.00 0.00 0.00 0.00 0.09 0.32 0.83 1.00 0.91 0.03 0.00 
 0.00 0.10 0.99 1.00 1.00 0.80 0.67 0.67 0.67 0.67 0.67 0.73 0.83 0.98 1.00 1.00 1.00 0.80 0.00 0.00 
 