0.00 0.00 0.00 0.00 0.00 0.00 0.00 0.00 0.04 0.19 0.23 0.29 0.30 0.27 0.29 0.33 0.41 0.34 0.53 0.92 
 0.00 0.00 0.00 0.00 0.00 0.00 0.02 0.41 0.85 1.00 1.00 1.00 1.00 1.00 1.00 1.00 1.00 1.00 1.00 1.00 
 0.00 0.00 0.00 0.00 0.00 0.00 0.34 1.00 1.00 0.96 0.69 0.66 0.67 0.81 0.99 1.00 1.00 1.00 0.82 0.30 
 0.00 0.00 0.00 0.00 0.00 0.00 0.43 1.00 1.00 0.54 0.00 0.00 0.00 0.00 0.18 0.91 1.00 0.91 0.15 0.00 
 0.00 0.00 0.00 0.00 0.00 0.00 0.47 1.00 1.00 0.40 0.00 0.00 0.00 0.00 0.12 1.00 0.96 0.25 0.00 0.00 
 0.00 0.00 0.00 0.00 0.00 0.00 0.58 1.00 0.99 0.21 0.00 0.00 0.00 0.01 0.55 0.99 0.38 0.00 0.00 0.00 
 0.00 0.00 0.00 0.00 0.00 0.00 0.68 0.87 0.37 0.00 0.00 0.00 0.00 0.52 1.00 0.48 0.00 0.00 0.00 0.00 
 0.00 0.00 0.00 0.00 0.00 0.00 0.03 0.05 0.00 0.00 0.00 0.00 0.35 0.99 0.62 0.01 0.00 0.00 0.00 0.00 
 0.00 0.00 0.00 0.00 0.00 0.00 0.00 0.00 0.00 0.00 0.00 0.29 0.99 0.62 0.01 0.00 0.00 0.00 0.00 0.00 
 0.00 0.00 0.00 0.00 0.00 0.00 0.00 0.00 0.00 0.00 0.20 0.97 0.67 0.01 0.00 0.00 0.00 0.00 0.00 0.00 
 0.00 0.00 0.00 0.00 0.00 0.00 0.00 0.00 0.00 0.13 0.69 0.64 0.06 0.00 0.00 0.00 0.00 0.00 0.00 0.00 
 0.00 0.00 0.00 0.00 0.00 0.00 0.00 0.01 0.26 0.87 0.73 0.01 0.00 0.00 0.00 0.00 0.00 0.00 0.00 0.00 
 0.00 0.00 0.00 0.00 0.00 0.00 0.02 0.50 1.00 0.70 0.04 0.00 0.00 0.00 0.00 0.00 0.00 0.00 0.00 0.00 
 0.00 0.00 0.00 0.00 0.00 0.01 0.62 1.00 0.95 0.08 0.00 0.00 0.00 0.00 0.00 0.00 0.00 0.00 0.00 0.00 
 0.00 0.00 0.00 0.13 0.13 0.22 1.00 1.00 0.64 0.00 0.00 0.00 0.00 0.00 0.00 0.00 0.00 0.00 0.00 0.00 
 0.00 0.15 0.57 0.98 0.91 0.96 0.99 0.62 0.09 0.00 0.00 0.00 0.00 0.00 0.00 0.00 0.00 0.00 0.04 0.11 
 0.00 0.82 1.00 1.00 1.00 1.00 0.77 0.01 0.00 0.00 0.00 0.00 0.00 0.00 0.00 0.00 0.04 0.48 0.90 0.78 
 0.00 0.41 0.90 1.00 1.00 1.00 1.00 0.73 0.04 0.00 0.00 0.00 0.00 0.00 0.00 0.00 0.49 1.00 0.90 0.38 
 0.00 0.00 0.17 0.77 1.00 1.00 1.00 1.00 0.83 0.48 0.05 0.03 0.00 0.00 0.12 0.51 0.95 0.77 0.13 0.00 
 0.00 0.00 0.00 0.04 0.48 0.94 1.00 1.00 1.00 1.00 0.94 0.93 0.83 0.86 0.99 0.84 0.35 0.01 0.00 0.00 
 