0.00 0.00 0.00 0.00 0.59 1.00 1.00 0.94 0.78 0.70 0.70 0.70 0.70 0.70 0.70 0.88 1.00 0.69 0.00 0.00 
 0.00 0.00 0.00 0.04 0.91 0.94 0.46 0.05 0.00 0.00 0.00 0.00 0.00 0.00 0.14 0.94 0.96 0.21 0.00 0.00 
 0.00 0.00 0.00 0.29 0.92 0.21 0.00 0.00 0.00 0.00 0.00 0.00 0.00 0.02 0.74 1.00 0.48 0.00 0.00 0.00 
 0.00 0.00 0.00 0.60 0.30 0.00 0.00 0.00 0.00 0.00 0.00 0.00 0.00 0.45 1.00 0.75 0.01 0.00 0.00 0.00 
 0.00 0.00 0.04 0.55 0.00 0.00 0.00 0.00 0.00 0.00 0.00 0.00 0.20 0.97 0.93 0.14 0.00 0.00 0.00 0.00 
 0.00 0.00 0.00 0.00 0.00 0.00 0.00 0.00 0.00 0.00 0.00 0.05 0.82 0.99 0.39 0.00 0.00 0.00 0.00 0.00 
 0.00 0.00 0.00 0.00 0.00 0.00 0.00 0.00 0.00 0.00 0.00 0.55 1.00 0.68 0.00 0.00 0.00 0.00 0.00 0.00 
 0.00 0.00 0.00 0.00 0.00 0.00 0.00 0.00 0.00 0.00 0.26 0.99 0.89 0.08 0.00 0.00 0.00 0.00 0.00 0.00 
 0.00 0.00 0.00 0.00 0.00 0.00 0.00 0.00 0.00 0.08 0.88 0.99 0.30 0.00 0.00 0.00 0.00 0.00 0.00 0.00 
 0.00 0.00 0.00 0.00 0.00 0.00 0.00 0.00 0.01 0.64 1.00 0.59 0.00 0.00 0.00 0.00 0.00 0.00 0.00 0.00 
 0.00 0.00 0.00 0.00 0.00 0.00 0.00 0.00 0.35 1.00 0.84 0.04 0.00 0.00 0.00 0.00 0.00 0.00 0.00 0.00 
 0.00 0.00 0.00 0.00 0.00 0.00 0.00 0.12 0.93 0.96 0.21 0.00 0.00 0.00 0.00 0.00 0.00 0.00 0.00 0.00 
 0.00 0.00 0.00 0.00 0.00 0.00 0.02 0.73 1.00 0.50 0.00 0.00 0.00 0.00 0.00 0.00 0.00 0.00 0.00 0.00 
 0.00 0.00 0.00 0.00 0.00 0.00 0.44 1.00 0.77 0.02 0.00 0.00 0.00 0.00 0.00 0.00 0.00 0.00 0.00 0.00 
 0.00 0.00 0.00 0.00 0.00 0.19 0.97 0.94 0.15 0.00 0.00 0.00 0.00 0.00 0.00 0.00 0.00 0.00 0.00 0.00 
 0.00 0.00 0.00 0.00 0.04 0.81 0.99 0.40 0.00 0.00 0.00 0.00 0.00 0.00 0.00 0.00 0.08 0.39 0.00 0.00 
 0.00 0.00 0.00 0.00 0.54 1.00 0.68 0.00 0.00 0.00 0.00 0.00 0.00 0.00 0.00 0.01 0.61 0.26 0.00 0.00 
 0.00 0.00 0.00 0.26 0.99 0.89 0.09 0.00 0.00 0.00 0.00 0.00 0.00 0.00 0.01 0.47 0.81 0.00 0.00 0.00 
 0.00 0.00 0.08 0.87 0.99 0.32 0.00 0.00 0.00 0.00 0.00 0.00 0.00 0.07 0.60 1.00 0.42 0.00 0.00 0.00 
 0.00 0.00 0.59 1.00 0.90 0.50 0.50 0.50 0.50 0.50 0.50 0.50 0.62 0.92 1.00 0.92 0.05 0.00 0.00 0.00 
 