0.00 0.00 0.00 0.45 1.00 1.00 1.00 1.00 1.00 1.00 1.00 1.00 1.00 1.00 1.00 1.00 1.00 0.30 0.00 0.00 
 0.00 0.00 0.00 0.45 1.00 1.00 0.83 0.40 0.33 0.33 0.33 0.33 0.33 0.62 1.00 1.00 0.82 0.02 0.00 0.00 
 0.00 0.00 0.00 0.45 1.00 0.93 0.10 0.00 0.00 0.00 0.00 0.00 0.05 0.85 1.00 0.99 0.30 0.00 0.00 0.00 
 0.00 0.00 0.00 0.45 1.00 0.56 0.00 0.00 0.00 0.00 0.00 0.00 0.45 1.00 1.00 0.73 0.00 0.00 0.00 0.00 
 0.00 0.00 0.00 0.45 1.00 0.22 0.00 0.00 0.00 0.00 0.00 0.10 0.93 1.00 0.98 0.20 0.00 0.00 0.00 0.00 
 0.00 0.00 0.00 0.05 0.11 0.02 0.00 0.00 0.00 0.00 0.00 0.56 1.00 1.00 0.63 0.00 0.00 0.00 0.00 0.00 
 0.00 0.00 0.00 0.00 0.00 0.00 0.00 0.00 0.00 0.00 0.16 0.98 1.00 0.94 0.11 0.00 0.00 0.00 0.00 0.00 
 0.00 0.00 0.00 0.00 0.00 0.00 0.00 0.00 0.00 0.02 0.68 1.00 1.00 0.52 0.00 0.00 0.00 0.00 0.00 0.00 
 0.00 0.00 0.00 0.00 0.00 0.00 0.00 0.00 0.00 0.26 1.00 1.00 0.89 0.05 0.00 0.00 0.00 0.00 0.00 0.00 
 0.00 0.00 0.00 0.00 0.00 0.00 0.00 0.00 0.03 0.78 1.00 1.00 0.41 0.00 0.00 0.00 0.00 0.00 0.00 0.00 
 0.00 0.00 0.00 0.00 0.00 0.00 0.00 0.00 0.35 1.00 1.00 0.82 0.02 0.00 0.00 0.00 0.00 0.00 0.00 0.00 
 0.00 0.00 0.00 0.00 0.00 0.00 0.00 0.06 0.87 1.00 0.99 0.30 0.00 0.00 0.00 0.00 0.00 0.00 0.00 0.00 
 0.00 0.00 0.00 0.00 0.00 0.00 0.00 0.46 1.00 1.00 0.73 0.00 0.00 0.00 0.00 0.00 0.00 0.00 0.00 0.00 
 0.00 0.00 0.00 0.00 0.00 0.00 0.11 0.94 1.00 0.98 0.20 0.00 0.00 0.00 0.00 0.00 0.00 0.00 0.00 0.00 
 0.00 0.00 0.00 0.00 0.00 0.00 0.58 1.00 1.00 0.63 0.00 0.00 0.00 0.00 0.00 0.00 0.00 0.00 0.00 0.00 
 0.00 0.00 0.00 0.00 0.00 0.18 0.98 1.00 0.94 0.11 0.00 0.00 0.00 0.00 0.00 0.16 0.78 0.26 0.00 0.00 
 0.00 0.00 0.00 0.00 0.02 0.69 1.00 1.00 0.51 0.00 0.00 0.00 0.00 0.00 0.00 0.44 1.00 0.33 0.00 0.00 
 0.00 0.00 0.00 0.00 0.27 1.00 1.00 0.88 0.05 0.00 0.00 0.00 0.00 0.00 0.02 0.76 1.00 0.33 0.00 0.00 
 0.00 0.00 0.00 0.03 0.79 1.00 1.00 0.40 0.00 0.00 0.00 0.00 0.00 0.00 0.29 1.00 1.00 0.33 0.00 0.00 
 0.00 0.00 0.00 0.35 1.00 1.00 0.96 0.57 0.56 0.56 0.56 0.56 0.56 0.65 0.96 1.00 1.00 0.33 0.00 0.00 
 