0.29 1.00 1.00 1.00 1.00 1.00 1.00 1.00 1.00 1.00 1.00 1.00 1.00 1.00 1.00 1.00 1.00 1.00 1.00 1.00 
 0.29 1.00 1.00 1.00 1.00 1.00 1.00 1.00 1.00 1.00 1.00 1.00 1.00 1.00 1.00 1.00 1.00 1.00 1.00 1.00 
 0.29 1.00 1.00 1.00 1.00 1.00 1.00 1.00 1.00 1.00 1.00 1.00 1.00 1.00 1.00 1.00 1.00 1.00 1.00 1.00 
 0.29 1.00 1.00 1.00 1.00 1.00 1.00 1.00 1.00 1.00 1.00 1.00 1.00 1.00 1.00 1.00 1.00 1.00 1.00 1.00 
 0.29 1.00 1.00 1.00 1.00 1.00 1.00 1.00 1.00 1.00 1.00 1.00 1.00 1.00 1.00 1.00 1.00 1.00 1.00 0.96 
 0.13 0.43 0.43 0.43 0.43 0.43 0.43 0.43 0.43 0.59 1.00 1.00 1.00 1.00 1.00 1.00 1.00 1.00 0.94 0.31 
 0.00 0.00 0.00 0.00 0.00 0.00 0.00 0.00 0.16 0.88 1.00 1.00 1.00 1.00 1.00 1.00 1.00 0.94 0.31 0.00 
 0.00 0.00 0.00 0.00 0.00 0.00 0.00 0.16 0.88 1.00 1.00 1.00 1.00 1.00 1.00 1.00 0.94 0.31 0.00 0.00 
 0.00 0.00 0.00 0.00 0.00 0.00 0.16 0.88 1.00 1.00 1.00 1.00 1.00 1.00 1.00 0.94 0.31 0.00 0.00 0.00 
 0.00 0.00 0.00 0.00 0.00 0.16 0.88 1.00 1.00 1.00 1.00 1.00 1.00 1.00 0.94 0.31 0.00 0.00 0.00 0.00 
 0.00 0.00 0.00 0.00 0.16 0.88 1.00 1.00 1.00 1.00 1.00 1.00 1.00 0.94 0.31 0.00 0.00 0.00 0.00 0.00 
 0.00 0.00 0.00 0.16 0.88 1.00 1.00 1.00 1.00 1.00 1.00 1.00 0.94 0.31 0.00 0.00 0.00 0.00 0.00 0.00 
 0.00 0.00 0.16 0.88 1.00 1.00 1.00 1.00 1.00 1.00 1.00 0.98 0.37 0.00 0.00 0.00 0.00 0.00 0.00 0.00 
 0.00 0.16 0.88 1.00 1.00 1.00 1.00 1.00 1.00 1.00 0.98 0.43 0.00 0.00 0.00 0.00 0.00 0.00 0.00 0.00 
 0.16 0.88 1.00 1.00 1.00 1.00 1.00 1.00 1.00 0.98 0.43 0.00 0.00 0.00 0.00 0.00 0.00 0.00 0.00 0.00 
 0.88 1.00 1.00 1.00 1.00 1.00 1.00 1.00 1.00 0.94 0.72 0.72 0.72 0.72 0.72 0.72 0.72 0.72 0.72 0.72 
 1.00 1.00 1.00 1.00 1.00 1.00 1.00 1.00 1.00 1.00 1.00 1.00 1.00 1.00 1.00 1.00 1.00 1.00 1.00 1.00 
 1.00 1.00 1.00 1.00 1.00 1.00 1.00 1.00 1.00 1.00 1.00 1.00 1.00 1.00 1.00 1.00 1.00 1.00 1.00 1.00 
 1.00 1.00 1.00 1.00 1.00 1.00 1.00 1.00 1.00 1.00 1.00 1.00 1.00 1.00 1.00 1.00 1.00 1.00 1.00 1.00 
 1.00 1.00 1.00 1.00 1.00 1.00 1.00 1.00 1.00 1.00 1.00 1.00 1.00 1.00 1.00 1.00 1.00 1.00 1.00 1.00 
 