0.00 0.00 0.00 0.25 1.00 1.00 1.00 1.00 1.00 1.00 1.00 1.00 1.00 1.00 1.00 0.88 0.00 0.00 0.00 0.00 
 0.00 0.00 0.00 0.25 1.00 0.45 0.38 0.38 0.38 0.38 0.38 0.38 0.38 0.38 0.67 0.88 0.00 0.00 0.00 0.00 
 0.00 0.00 0.00 0.25 1.00 0.13 0.00 0.00 0.00 0.00 0.00 0.00 0.00 0.14 0.94 0.63 0.00 0.00 0.00 0.00 
 0.00 0.00 0.00 0.25 1.00 0.13 0.00 0.00 0.00 0.00 0.00 0.00 0.03 0.75 0.86 0.06 0.00 0.00 0.00 0.00 
 0.00 0.00 0.00 0.25 1.00 0.13 0.00 0.00 0.00 0.00 0.00 0.00 0.47 0.97 0.25 0.00 0.00 0.00 0.00 0.00 
 0.00 0.00 0.00 0.25 1.00 0.13 0.00 0.00 0.00 0.00 0.00 0.20 0.97 0.53 0.00 0.00 0.00 0.00 0.00 0.00 
 0.00 0.00 0.00 0.08 0.53 0.02 0.00 0.00 0.00 0.00 0.06 0.83 0.80 0.03 0.00 0.00 0.00 0.00 0.00 0.00 
 0.00 0.00 0.00 0.00 0.00 0.00 0.00 0.00 0.00 0.02 0.58 0.94 0.19 0.00 0.00 0.00 0.00 0.00 0.00 0.00 
 0.00 0.00 0.00 0.00 0.00 0.00 0.00 0.00 0.00 0.31 1.00 0.45 0.00 0.00 0.00 0.00 0.00 0.00 0.00 0.00 
 0.00 0.00 0.00 0.00 0.00 0.00 0.00 0.00 0.11 0.89 0.72 0.02 0.00 0.00 0.00 0.00 0.00 0.00 0.00 0.00 
 0.00 0.00 0.00 0.00 0.00 0.00 0.00 0.02 0.67 0.91 0.13 0.00 0.00 0.00 0.00 0.00 0.00 0.00 0.00 0.00 
 0.00 0.00 0.00 0.00 0.00 0.00 0.00 0.39 0.99 0.36 0.00 0.00 0.00 0.00 0.00 0.00 0.00 0.00 0.00 0.00 
 0.00 0.00 0.00 0.00 0.00 0.00 0.17 0.96 0.64 0.00 0.00 0.00 0.00 0.00 0.00 0.14 0.19 0.00 0.00 0.00 
 0.00 0.00 0.00 0.00 0.00 0.05 0.78 0.88 0.06 0.00 0.00 0.00 0.00 0.00 0.00 0.61 0.74 0.00 0.00 0.00 
 0.00 0.00 0.00 0.00 0.00 0.52 0.97 0.27 0.00 0.00 0.00 0.00 0.00 0.00 0.00 0.63 0.75 0.00 0.00 0.00 
 0.00 0.00 0.00 0.00 0.25 0.99 0.55 0.00 0.00 0.00 0.00 0.00 0.00 0.00 0.00 0.63 0.75 0.00 0.00 0.00 
 0.00 0.00 0.00 0.08 0.86 0.82 0.03 0.00 0.00 0.00 0.00 0.00 0.00 0.00 0.00 0.63 0.75 0.00 0.00 0.00 
 0.00 0.00 0.00 0.61 0.94 0.19 0.00 0.00 0.00 0.00 0.00 0.00 0.00 0.00 0.00 0.63 0.75 0.00 0.00 0.00 
 0.00 0.00 0.00 0.88 0.74 0.38 0.38 0.38 0.38 0.38 0.38 0.38 0.38 0.38 0.38 0.77 0.75 0.00 0.00 0.00 
 0.00 0.00 0.00 0.88 1.00 1.00 1.00 1.00 1.00 1.00 1.00 1.00 1.00 1.00 1.00 1.00 0.75 0.00 0.00 0.00 
 