0.00 0.00 0.00 0.00 0.28 1.00 1.00 1.00 1.00 1.00 1.00 1.00 1.00 1.00 1.00 1.00 1.00 1.00 1.00 1.00 
 0.00 0.00 0.00 0.00 0.50 1.00 1.00 1.00 1.00 1.00 1.00 1.00 1.00 1.00 1.00 1.00 1.00 1.00 1.00 1.00 
 0.00 0.00 0.00 0.00 0.70 1.00 1.00 1.00 1.00 1.00 1.00 1.00 1.00 1.00 1.00 1.00 1.00 1.00 1.00 1.00 
 0.00 0.00 0.00 0.06 0.89 1.00 1.00 1.00 1.00 1.00 1.00 1.00 1.00 1.00 1.00 1.00 1.00 1.00 1.00 1.00 
 0.00 0.00 0.00 0.14 0.84 0.84 0.84 0.84 0.84 0.84 0.84 0.84 0.84 0.84 0.95 1.00 1.00 1.00 1.00 1.00 
 0.00 0.00 0.00 0.00 0.00 0.00 0.00 0.00 0.00 0.00 0.00 0.00 0.00 0.17 0.92 1.00 1.00 1.00 1.00 1.00 
 0.00 0.00 0.00 0.00 0.00 0.00 0.00 0.00 0.00 0.00 0.00 0.00 0.14 0.84 1.00 1.00 1.00 1.00 1.00 0.84 
 0.00 0.00 0.00 0.00 0.00 0.00 0.00 0.00 0.00 0.00 0.00 0.14 0.84 1.00 1.00 1.00 1.00 1.00 0.86 0.17 
 0.00 0.00 0.00 0.00 0.00 0.00 0.00 0.00 0.00 0.00 0.14 0.84 1.00 1.00 1.00 1.00 1.00 0.86 0.17 0.00 
 0.00 0.00 0.00 0.00 0.00 0.00 0.00 0.00 0.00 0.14 0.84 1.00 1.00 1.00 1.00 1.00 0.86 0.17 0.00 0.00 
 0.00 0.00 0.00 0.00 0.00 0.00 0.00 0.00 0.11 0.84 1.00 1.00 1.00 1.00 1.00 0.89 0.17 0.00 0.00 0.00 
 0.00 0.00 0.00 0.00 0.00 0.00 0.00 0.09 0.73 1.00 1.00 1.00 1.00 1.00 0.92 0.28 0.00 0.00 0.00 0.00 
 0.00 0.00 0.00 0.00 0.00 0.00 0.09 0.73 1.00 1.00 1.00 1.00 1.00 0.92 0.28 0.00 0.00 0.00 0.00 0.00 
 0.00 0.00 0.00 0.00 0.00 0.09 0.73 1.00 1.00 1.00 1.00 1.00 0.92 0.28 0.00 0.00 0.00 0.00 0.00 0.00 
 0.00 0.00 0.00 0.00 0.09 0.73 1.00 1.00 1.00 1.00 1.00 0.97 0.33 0.00 0.00 0.00 0.00 0.00 0.00 0.00 
 0.00 0.00 0.00 0.06 0.73 1.00 1.00 1.00 1.00 1.00 0.97 0.42 0.00 0.00 0.00 0.00 0.00 0.00 0.00 0.00 
 0.00 0.00 0.03 0.58 1.00 1.00 1.00 1.00 1.00 0.97 0.42 0.00 0.00 0.00 0.00 0.00 0.00 0.00 0.00 0.00 
 0.00 0.03 0.58 1.00 1.00 1.00 1.00 1.00 0.97 0.42 0.00 0.00 0.00 0.00 0.00 0.00 0.00 0.00 0.00 0.00 
 0.03 0.58 1.00 1.00 1.00 1.00 1.00 1.00 0.92 0.67 0.67 0.67 0.67 0.67 0.67 0.67 0.67 0.67 0.67 0.45 
 0.33 1.00 1.00 1.00 1.00 1.00 1.00 1.00 1.00 1.00 1.00 1.00 1.00 1.00 1.00 1.00 1.00 1.00 1.00 0.53 
 