0.00 0.00 0.00 0.36 1.00 1.00 1.00 1.00 1.00 1.00 1.00 1.00 1.00 1.00 1.00 1.00 1.00 1.00 0.61 0.00 
 0.00 0.00 0.00 0.50 0.97 0.73 0.45 0.33 0.33 0.33 0.33 0.33 0.33 0.33 0.73 1.00 1.00 0.84 0.06 0.00 
 0.00 0.00 0.00 0.58 0.61 0.00 0.00 0.00 0.00 0.00 0.00 0.00 0.00 0.22 0.97 1.00 0.95 0.22 0.00 0.00 
 0.00 0.00 0.00 0.64 0.20 0.00 0.00 0.00 0.00 0.00 0.00 0.00 0.11 0.84 1.00 1.00 0.53 0.00 0.00 0.00 
 0.00 0.00 0.00 0.61 0.00 0.00 0.00 0.00 0.00 0.00 0.00 0.03 0.61 1.00 1.00 0.75 0.03 0.00 0.00 0.00 
 0.00 0.00 0.00 0.11 0.00 0.00 0.00 0.00 0.00 0.00 0.00 0.33 1.00 1.00 0.89 0.14 0.00 0.00 0.00 0.00 
 0.00 0.00 0.00 0.00 0.00 0.00 0.00 0.00 0.00 0.00 0.17 0.92 1.00 0.97 0.39 0.00 0.00 0.00 0.00 0.00 
 0.00 0.00 0.00 0.00 0.00 0.00 0.00 0.00 0.00 0.03 0.73 1.00 1.00 0.67 0.00 0.00 0.00 0.00 0.00 0.00 
 0.00 0.00 0.00 0.00 0.00 0.00 0.00 0.00 0.00 0.47 1.00 1.00 0.84 0.09 0.00 0.00 0.00 0.00 0.00 0.00 
 0.00 0.00 0.00 0.00 0.00 0.00 0.00 0.00 0.22 0.97 1.00 0.97 0.28 0.00 0.00 0.00 0.00 0.00 0.00 0.00 
 0.00 0.00 0.00 0.00 0.00 0.00 0.00 0.11 0.84 1.00 1.00 0.56 0.00 0.00 0.00 0.00 0.00 0.00 0.00 0.00 
 0.00 0.00 0.00 0.00 0.00 0.00 0.03 0.58 1.00 1.00 0.78 0.03 0.00 0.00 0.00 0.00 0.00 0.00 0.00 0.00 
 0.00 0.00 0.00 0.00 0.00 0.00 0.33 1.00 1.00 0.95 0.20 0.00 0.00 0.00 0.00 0.00 0.00 0.00 0.00 0.00 
 0.00 0.00 0.00 0.00 0.00 0.14 0.92 1.00 0.97 0.45 0.00 0.00 0.00 0.00 0.00 0.00 0.00 0.00 0.00 0.00 
 0.00 0.00 0.00 0.00 0.03 0.70 1.00 1.00 0.67 0.00 0.00 0.00 0.00 0.00 0.00 0.00 0.00 0.00 0.03 0.06 
 0.00 0.00 0.00 0.00 0.45 1.00 1.00 0.89 0.11 0.00 0.00 0.00 0.00 0.00 0.00 0.00 0.00 0.00 0.36 0.25 
 0.00 0.00 0.00 0.22 0.97 1.00 0.97 0.33 0.00 0.00 0.00 0.00 0.00 0.00 0.00 0.00 0.00 0.03 0.64 0.09 
 0.00 0.00 0.09 0.81 1.00 1.00 0.58 0.00 0.00 0.00 0.00 0.00 0.00 0.00 0.00 0.00 0.00 0.31 0.84 0.00 
 0.00 0.03 0.58 1.00 1.00 0.84 0.06 0.00 0.00 0.00 0.00 0.00 0.00 0.00 0.00 0.03 0.28 0.92 0.73 0.00 
 0.00 0.31 1.00 1.00 1.00 0.81 0.67 0.67 0.67 0.67 0.67 0.67 0.67 0.67 0.67 0.84 1.00 1.00 0.56 0.00 
 