0.00 0.00 0.00 0.84 1.00 1.00 0.91 0.71 0.62 0.58 0.58 0.58 0.58 0.58 0.58 0.84 1.00 0.66 0.00 0.00 
 0.00 0.00 0.00 0.89 0.95 0.33 0.01 0.00 0.00 0.00 0.00 0.00 0.00 0.00 0.16 0.96 0.93 0.11 0.00 0.00 
 0.00 0.00 0.00 0.95 0.33 0.00 0.00 0.00 0.00 0.00 0.00 0.00 0.00 0.02 0.80 1.00 0.34 0.00 0.00 0.00 
 0.00 0.00 0.02 0.88 0.01 0.00 0.00 0.00 0.00 0.00 0.00 0.00 0.00 0.52 1.00 0.64 0.00 0.00 0.00 0.00 
 0.00 0.00 0.06 0.65 0.00 0.00 0.00 0.00 0.00 0.00 0.00 0.00 0.23 0.99 0.88 0.06 0.00 0.00 0.00 0.00 
 0.00 0.00 0.12 0.51 0.00 0.00 0.00 0.00 0.00 0.00 0.00 0.05 0.87 0.99 0.25 0.00 0.00 0.00 0.00 0.00 
 0.00 0.00 0.17 0.43 0.00 0.00 0.00 0.00 0.00 0.00 0.00 0.62 1.00 0.55 0.00 0.00 0.00 0.00 0.00 0.00 
 0.00 0.00 0.02 0.03 0.00 0.00 0.00 0.00 0.00 0.00 0.31 1.00 0.82 0.03 0.00 0.00 0.00 0.00 0.00 0.00 
 0.00 0.00 0.00 0.00 0.00 0.00 0.00 0.00 0.00 0.09 0.92 0.97 0.18 0.00 0.00 0.00 0.00 0.00 0.00 0.00 
 0.00 0.00 0.00 0.00 0.00 0.00 0.00 0.00 0.00 0.71 1.00 0.45 0.00 0.00 0.00 0.00 0.00 0.00 0.00 0.00 
 0.00 0.00 0.00 0.00 0.00 0.00 0.00 0.00 0.40 1.00 0.75 0.01 0.00 0.00 0.00 0.00 0.00 0.00 0.00 0.00 
 0.00 0.00 0.00 0.00 0.00 0.00 0.00 0.15 0.96 0.94 0.12 0.00 0.00 0.00 0.00 0.00 0.00 0.04 0.00 0.00 
 0.00 0.00 0.00 0.00 0.00 0.00 0.02 0.78 1.00 0.36 0.00 0.00 0.00 0.00 0.00 0.00 0.00 0.61 0.00 0.00 
 0.00 0.00 0.00 0.00 0.00 0.00 0.50 1.00 0.66 0.00 0.00 0.00 0.00 0.00 0.00 0.00 0.00 0.62 0.00 0.00 
 0.00 0.00 0.00 0.00 0.00 0.21 0.98 0.89 0.07 0.00 0.00 0.00 0.00 0.00 0.00 0.00 0.00 0.66 0.00 0.00 
 0.00 0.00 0.00 0.00 0.04 0.85 1.00 0.27 0.00 0.00 0.00 0.00 0.00 0.00 0.00 0.00 0.15 0.64 0.00 0.00 
 0.00 0.00 0.00 0.00 0.59 1.00 0.56 0.00 0.00 0.00 0.00 0.00 0.00 0.00 0.00 0.00 0.43 0.56 0.00 0.00 
 0.00 0.00 0.00 0.29 1.00 0.84 0.04 0.00 0.00 0.00 0.00 0.00 0.00 0.00 0.00 0.05 0.87 0.49 0.00 0.00 
 0.00 0.00 0.08 0.91 0.98 0.19 0.00 0.00 0.00 0.00 0.00 0.00 0.00 0.00 0.15 0.77 1.00 0.42 0.00 0.00 
 0.00 0.00 0.64 1.00 0.82 0.49 0.49 0.49 0.49 0.49 0.49 0.52 0.60 0.78 0.99 1.00 1.00 0.35 0.00 0.00 
 