0.00 0.00 0.00 0.00 0.00 0.12 0.58 0.58 0.58 0.58 0.58 0.58 0.58 0.58 0.58 0.58 0.58 0.58 0.58 0.57 
 0.00 0.00 0.00 0.00 0.00 0.65 1.00 1.00 1.00 0.97 0.79 0.66 0.62 0.62 0.69 0.84 1.00 1.00 1.00 0.90 
 0.00 0.00 0.00 0.00 0.22 1.00 1.00 0.83 0.36 0.04 0.00 0.00 0.00 0.00 0.00 0.45 1.00 1.00 0.92 0.17 
 0.00 0.00 0.00 0.01 0.78 0.99 0.49 0.02 0.00 0.00 0.00 0.00 0.00 0.00 0.40 1.00 1.00 0.94 0.20 0.00 
 0.00 0.00 0.00 0.36 0.97 0.32 0.00 0.00 0.00 0.00 0.00 0.00 0.00 0.36 0.99 1.00 0.95 0.23 0.00 0.00 
 0.00 0.00 0.00 0.60 0.30 0.00 0.00 0.00 0.00 0.00 0.00 0.00 0.33 0.99 1.00 0.97 0.26 0.00 0.00 0.00 
 0.00 0.00 0.00 0.00 0.00 0.00 0.00 0.00 0.00 0.00 0.00 0.29 0.98 1.00 0.98 0.29 0.00 0.00 0.00 0.00 
 0.00 0.00 0.00 0.00 0.00 0.00 0.00 0.00 0.00 0.00 0.26 0.97 1.00 0.99 0.33 0.00 0.00 0.00 0.00 0.00 
 0.00 0.00 0.00 0.00 0.00 0.00 0.00 0.00 0.00 0.23 0.96 1.00 0.99 0.36 0.00 0.00 0.00 0.00 0.00 0.00 
 0.00 0.00 0.00 0.00 0.00 0.00 0.00 0.00 0.20 0.94 1.00 1.00 0.40 0.00 0.00 0.00 0.00 0.00 0.00 0.00 
 0.00 0.00 0.00 0.00 0.00 0.00 0.00 0.17 0.93 1.00 1.00 0.45 0.00 0.00 0.00 0.00 0.00 0.00 0.00 0.00 
 0.00 0.00 0.00 0.00 0.00 0.00 0.15 0.91 1.00 1.00 0.49 0.00 0.00 0.00 0.00 0.00 0.00 0.00 0.00 0.00 
 0.00 0.00 0.00 0.00 0.00 0.13 0.89 1.00 1.00 0.54 0.00 0.00 0.00 0.00 0.00 0.00 0.00 0.00 0.00 0.00 
 0.00 0.00 0.00 0.00 0.10 0.86 1.00 1.00 0.58 0.00 0.00 0.00 0.00 0.00 0.00 0.00 0.00 0.01 0.34 0.00 
 0.00 0.00 0.00 0.08 0.84 1.00 1.00 0.62 0.01 0.00 0.00 0.00 0.00 0.00 0.00 0.00 0.00 0.50 0.72 0.00 
 0.00 0.00 0.07 0.81 1.00 1.00 0.66 0.01 0.00 0.00 0.00 0.00 0.00 0.00 0.00 0.00 0.39 0.99 0.20 0.00 
 0.00 0.05 0.78 1.00 1.00 0.70 0.02 0.00 0.00 0.00 0.00 0.00 0.00 0.00 0.04 0.55 1.00 0.68 0.00 0.00 
 0.04 0.75 1.00 1.00 0.73 0.03 0.00 0.00 0.00 0.00 0.00 0.00 0.13 0.46 0.89 1.00 0.99 0.17 0.00 0.00 
 0.71 1.00 1.00 1.00 0.78 0.65 0.59 0.57 0.58 0.64 0.73 0.89 1.00 1.00 1.00 1.00 0.65 0.00 0.00 0.00 
 0.50 0.65 0.65 0.65 0.65 0.65 0.65 0.65 0.65 0.65 0.65 0.65 0.65 0.65 0.65 0.65 0.14 0.00 0.00 0.00 
 