0.00 0.00 0.00 0.00 0.00 0.00 0.00 0.00 0.00 0.00 0.00 0.00 0.00 0.00 0.00 0.00 0.00 0.00 0.11 0.59 
 0.00 0.00 0.00 0.00 0.00 0.00 0.00 0.26 0.70 0.70 0.67 0.64 0.62 0.60 0.58 0.58 0.59 0.69 0.95 0.67 
 0.00 0.00 0.00 0.00 0.00 0.00 0.07 0.89 1.00 1.00 1.00 1.00 1.00 1.00 1.00 1.00 1.00 1.00 0.67 0.03 
 0.00 0.00 0.00 0.00 0.00 0.00 0.38 1.00 1.00 1.00 1.00 1.00 1.00 1.00 0.95 0.97 1.00 0.65 0.03 0.00 
 0.00 0.00 0.00 0.00 0.00 0.02 0.78 0.93 0.47 0.25 0.20 0.19 0.17 0.15 0.36 0.95 0.64 0.02 0.00 0.00 
 0.00 0.00 0.00 0.00 0.00 0.20 0.98 0.34 0.00 0.00 0.00 0.00 0.00 0.33 0.96 0.61 0.02 0.00 0.00 0.00 
 0.00 0.00 0.00 0.00 0.00 0.55 0.78 0.00 0.00 0.00 0.00 0.01 0.37 0.97 0.58 0.01 0.00 0.00 0.00 0.00 
 0.00 0.00 0.00 0.00 0.00 0.57 0.33 0.00 0.00 0.00 0.01 0.42 0.98 0.56 0.01 0.00 0.00 0.00 0.00 0.00 
 0.00 0.00 0.00 0.00 0.00 0.01 0.01 0.00 0.00 0.02 0.48 0.98 0.53 0.00 0.00 0.00 0.00 0.00 0.00 0.00 
 0.00 0.00 0.00 0.00 0.00 0.00 0.00 0.00 0.03 0.55 0.98 0.50 0.00 0.00 0.00 0.00 0.00 0.00 0.00 0.00 
 0.00 0.00 0.00 0.00 0.00 0.00 0.00 0.05 0.62 0.98 0.47 0.00 0.00 0.00 0.00 0.00 0.00 0.00 0.00 0.00 
 0.00 0.00 0.00 0.00 0.00 0.00 0.07 0.70 0.98 0.43 0.00 0.00 0.00 0.00 0.00 0.00 0.00 0.02 0.30 0.18 
 0.00 0.00 0.00 0.00 0.00 0.11 0.77 0.96 0.38 0.00 0.00 0.00 0.00 0.00 0.00 0.00 0.11 0.65 1.00 0.59 
 0.00 0.00 0.00 0.00 0.16 0.84 0.95 0.33 0.00 0.00 0.00 0.00 0.00 0.00 0.00 0.00 0.46 1.00 1.00 0.73 
 0.00 0.00 0.00 0.22 0.90 0.98 0.35 0.00 0.00 0.00 0.00 0.00 0.00 0.00 0.00 0.00 0.19 1.00 1.00 0.51 
 0.00 0.00 0.30 0.95 1.00 1.00 0.87 0.45 0.10 0.00 0.00 0.00 0.00 0.00 0.00 0.00 0.20 1.00 0.86 0.07 
 0.01 0.40 0.98 1.00 1.00 1.00 1.00 1.00 0.95 0.60 0.22 0.03 0.00 0.00 0.00 0.02 0.61 0.91 0.20 0.00 
 0.45 0.96 0.69 0.81 0.96 1.00 1.00 1.00 1.00 1.00 1.00 0.84 0.55 0.38 0.37 0.69 0.91 0.22 0.00 0.00 
 0.47 0.22 0.00 0.00 0.14 0.49 0.82 0.99 1.00 1.00 1.00 1.00 1.00 1.00 1.00 0.86 0.19 0.00 0.00 0.00 
 0.00 0.00 0.00 0.00 0.00 0.00 0.01 0.22 0.55 0.85 1.00 1.00 1.00 0.99 0.66 0.09 0.00 0.00 0.00 0.00 
 