-1.00 -1.00 -1.00 -1.00 0.04 0.98 0.98 0.98 0.98 0.98 0.98 0.98 0.98 0.98 0.98 0.98 0.98 0.98 0.98 0.98 
 -1.00 -1.00 -1.00 -1.00 0.49 1.00 1.00 1.00 1.00 0.98 0.81 0.79 0.79 0.79 0.84 1.00 1.00 1.00 1.00 0.76 
 -1.00 -1.00 -1.00 -0.97 0.91 1.00 1.00 0.53 -0.43 -0.93 -1.00 -1.00 -1.00 -0.98 0.37 1.00 1.00 1.00 0.89 -0.64 
 -1.00 -1.00 -1.00 -0.63 1.00 1.00 0.23 -0.98 -1.00 -1.00 -1.00 -1.00 -0.99 0.14 1.00 1.00 1.00 0.96 -0.45 -1.00 
 -1.00 -1.00 -1.00 -0.18 1.00 0.67 -0.95 -1.00 -1.00 -1.00 -1.00 -1.00 -0.12 1.00 1.00 1.00 1.00 -0.23 -1.00 -1.00 
 -1.00 -1.00 -1.00 0.25 1.00 -0.32 -1.00 -1.00 -1.00 -1.00 -1.00 -0.36 0.98 1.00 1.00 1.00 0.02 -1.00 -1.00 -1.00 
 -1.00 -1.00 -1.00 0.69 0.88 -0.95 -1.00 -1.00 -1.00 -1.00 -0.56 0.93 1.00 1.00 1.00 0.27 -0.99 -1.00 -1.00 -1.00 
 -1.00 -1.00 -0.99 -0.35 -0.50 -1.00 -1.00 -1.00 -1.00 -0.73 0.84 1.00 1.00 1.00 0.49 -0.95 -1.00 -1.00 -1.00 -1.00 
 -1.00 -1.00 -1.00 -1.00 -1.00 -1.00 -1.00 -1.00 -0.85 0.70 1.00 1.00 1.00 0.67 -0.87 -1.00 -1.00 -1.00 -1.00 -1.00 
 -1.00 -1.00 -1.00 -1.00 -1.00 -1.00 -1.00 -0.94 0.53 1.00 1.00 1.00 0.81 -0.76 -1.00 -1.00 -1.00 -1.00 -1.00 -1.00 
 -1.00 -1.00 -1.00 -1.00 -1.00 -1.00 -0.98 0.33 1.00 1.00 1.00 0.91 -0.60 -1.00 -1.00 -1.00 -1.00 -1.00 -1.00 -1.00 
 -1.00 -1.00 -1.00 -1.00 -1.00 -1.00 0.08 1.00 1.00 1.00 0.98 -0.40 -1.00 -1.00 -1.00 -1.00 -1.00 -1.00 -1.00 -1.00 
 -1.00 -1.00 -1.00 -1.00 -1.00 -0.18 1.00 1.00 1.00 1.00 -0.18 -1.00 -1.00 -1.00 -1.00 -1.00 -0.53 0.16 -0.58 -1.00 
 -1.00 -1.00 -1.00 -1.00 -0.40 0.98 1.00 1.00 1.00 0.07 -1.00 -1.00 -1.00 -1.00 -1.00 -1.00 0.31 1.00 -0.61 -1.00 
 -1.00 -1.00 -1.00 -0.60 0.91 1.00 1.00 1.00 0.33 -0.98 -1.00 -1.00 -1.00 -1.00 -1.00 -0.84 0.93 0.94 -0.95 -1.00 
 -1.00 -1.00 -0.75 0.81 1.00 1.00 1.00 0.53 -0.94 -1.00 -1.00 -1.00 -1.00 -1.00 -1.00 0.11 1.00 0.57 -1.00 -1.00 
 -1.00 -0.87 0.67 1.00 1.00 1.00 0.70 -0.85 -1.00 -1.00 -1.00 -1.00 -1.00 -1.00 -0.37 0.98 1.00 0.15 -1.00 -1.00 
 -0.95 0.49 1.00 1.00 1.00 0.84 -0.73 -1.00 -1.00 -1.00 -1.00 -1.00 -0.81 0.07 0.98 1.00 1.00 -0.25 -1.00 -1.00 
 0.18 1.00 1.00 1.00 1.00 0.68 0.38 0.38 0.38 0.38 0.44 0.67 0.98 1.00 1.00 1.00 1.00 -0.67 -1.00 -1.00 
 0.77 1.00 1.00 1.00 1.00 1.00 1.00 1.00 1.00 1.00 1.00 1.00 1.00 1.00 1.00 1.00 0.90 -0.98 -1.00 -1.00 
 