0.00 0.00 0.00 0.00 0.00 0.01 0.12 0.13 0.13 0.13 0.13 0.13 0.13 0.13 0.13 0.13 0.13 0.13 0.13 0.13 
 0.00 0.00 0.00 0.00 0.00 0.22 0.99 1.00 1.00 1.00 1.00 1.00 1.00 1.00 1.00 1.00 1.00 1.00 1.00 1.00 
 0.00 0.00 0.00 0.00 0.02 0.74 1.00 1.00 0.98 0.80 0.53 0.33 0.19 0.14 0.17 0.34 0.92 1.00 1.00 1.00 
 0.00 0.00 0.00 0.00 0.30 1.00 0.99 0.71 0.21 0.00 0.00 0.00 0.00 0.00 0.03 0.63 1.00 1.00 1.00 0.95 
 0.00 0.00 0.00 0.04 0.82 0.97 0.43 0.00 0.00 0.00 0.00 0.00 0.00 0.02 0.58 1.00 1.00 1.00 0.95 0.28 
 0.00 0.00 0.00 0.39 0.99 0.43 0.00 0.00 0.00 0.00 0.00 0.00 0.02 0.54 1.00 1.00 1.00 0.96 0.31 0.00 
 0.00 0.00 0.04 0.87 0.64 0.00 0.00 0.00 0.00 0.00 0.00 0.01 0.50 1.00 1.00 1.00 0.96 0.33 0.00 0.00 
 0.00 0.00 0.00 0.18 0.07 0.00 0.00 0.00 0.00 0.00 0.01 0.46 1.00 1.00 1.00 0.97 0.35 0.00 0.00 0.00 
 0.00 0.00 0.00 0.00 0.00 0.00 0.00 0.00 0.00 0.01 0.42 1.00 1.00 1.00 0.98 0.38 0.00 0.00 0.00 0.00 
 0.00 0.00 0.00 0.00 0.00 0.00 0.00 0.00 0.00 0.37 0.99 1.00 1.00 0.98 0.40 0.00 0.00 0.00 0.00 0.00 
 0.00 0.00 0.00 0.00 0.00 0.00 0.00 0.00 0.33 0.98 1.00 1.00 0.98 0.43 0.00 0.00 0.00 0.00 0.00 0.00 
 0.00 0.00 0.00 0.00 0.00 0.00 0.00 0.29 0.97 1.00 1.00 0.99 0.45 0.00 0.00 0.00 0.00 0.00 0.00 0.00 
 0.00 0.00 0.00 0.00 0.00 0.00 0.26 0.96 1.00 1.00 0.99 0.47 0.00 0.00 0.00 0.00 0.00 0.00 0.00 0.00 
 0.00 0.00 0.00 0.00 0.00 0.22 0.94 1.00 1.00 0.99 0.50 0.00 0.00 0.00 0.00 0.00 0.00 0.00 0.02 0.06 
 0.00 0.00 0.00 0.00 0.20 0.92 1.00 1.00 0.99 0.52 0.00 0.00 0.00 0.00 0.00 0.00 0.00 0.00 0.44 0.89 
 0.00 0.00 0.00 0.16 0.90 1.00 1.00 0.99 0.55 0.00 0.00 0.00 0.00 0.00 0.00 0.00 0.00 0.35 0.99 0.56 
 0.00 0.00 0.14 0.88 1.00 1.00 1.00 0.57 0.01 0.00 0.00 0.00 0.00 0.00 0.00 0.01 0.35 0.98 0.93 0.10 
 0.00 0.12 0.85 1.00 1.00 1.00 0.60 0.01 0.00 0.00 0.00 0.00 0.00 0.00 0.04 0.51 0.99 1.00 0.55 0.00 
 0.10 0.82 1.00 1.00 1.00 0.66 0.01 0.00 0.00 0.00 0.00 0.00 0.06 0.33 0.82 1.00 1.00 0.93 0.09 0.00 
 0.73 1.00 1.00 1.00 1.00 0.92 0.67 0.52 0.46 0.47 0.54 0.69 0.93 1.00 1.00 1.00 1.00 0.53 0.00 0.00 
 