0.00 0.00 0.00 0.00 0.00 0.00 0.08 0.40 0.35 0.25 0.14 0.05 0.00 0.00 0.00 0.00 0.00 0.01 0.39 0.29 
 0.00 0.00 0.00 0.00 0.00 0.00 0.69 1.00 1.00 1.00 1.00 1.00 0.95 0.85 0.76 0.69 0.69 0.89 0.76 0.04 
 0.00 0.00 0.00 0.00 0.00 0.18 1.00 1.00 1.00 1.00 1.00 1.00 1.00 1.00 1.00 1.00 1.00 0.78 0.05 0.00 
 0.00 0.00 0.00 0.00 0.00 0.64 0.87 0.20 0.14 0.24 0.34 0.39 0.40 0.37 0.29 0.62 0.80 0.06 0.00 0.00 
 0.00 0.00 0.00 0.00 0.11 0.97 0.23 0.00 0.00 0.00 0.00 0.00 0.00 0.00 0.47 0.81 0.07 0.00 0.00 0.00 
 0.00 0.00 0.00 0.00 0.55 0.61 0.00 0.00 0.00 0.00 0.00 0.00 0.00 0.47 0.82 0.07 0.00 0.00 0.00 0.00 
 0.00 0.00 0.00 0.00 0.82 0.09 0.00 0.00 0.00 0.00 0.00 0.00 0.47 0.82 0.08 0.00 0.00 0.00 0.00 0.00 
 0.00 0.00 0.00 0.00 0.07 0.00 0.00 0.00 0.00 0.00 0.00 0.47 0.82 0.08 0.00 0.00 0.00 0.00 0.00 0.00 
 0.00 0.00 0.00 0.00 0.00 0.00 0.00 0.00 0.00 0.00 0.46 0.82 0.08 0.00 0.00 0.00 0.00 0.00 0.00 0.00 
 0.00 0.00 0.00 0.00 0.00 0.00 0.00 0.00 0.00 0.46 0.82 0.08 0.00 0.00 0.00 0.00 0.00 0.00 0.00 0.00 
 0.00 0.00 0.00 0.00 0.00 0.00 0.00 0.00 0.46 0.83 0.08 0.00 0.00 0.00 0.00 0.00 0.00 0.00 0.04 0.15 
 0.00 0.00 0.00 0.00 0.00 0.00 0.00 0.46 0.84 0.09 0.00 0.00 0.00 0.00 0.00 0.00 0.00 0.30 0.87 0.71 
 0.00 0.00 0.00 0.00 0.00 0.00 0.46 0.85 0.10 0.00 0.00 0.00 0.00 0.00 0.00 0.00 0.01 0.81 1.00 0.95 
 0.00 0.00 0.00 0.00 0.00 0.46 0.87 0.11 0.00 0.00 0.00 0.00 0.00 0.00 0.00 0.00 0.00 0.29 1.00 1.00 
 0.00 0.00 0.00 0.00 0.47 0.88 0.12 0.00 0.00 0.00 0.00 0.00 0.00 0.00 0.00 0.00 0.00 0.04 1.00 0.87 
 0.00 0.00 0.00 0.50 0.90 0.14 0.00 0.00 0.00 0.00 0.00 0.00 0.00 0.00 0.00 0.00 0.00 0.10 1.00 0.35 
 0.00 0.00 0.53 0.94 0.33 0.20 0.18 0.14 0.06 0.00 0.00 0.00 0.00 0.00 0.00 0.00 0.02 0.60 0.58 0.00 
 0.00 0.56 1.00 1.00 1.00 1.00 1.00 1.00 1.00 0.97 0.87 0.79 0.72 0.67 0.65 0.68 0.89 0.76 0.02 0.00 
 0.60 1.00 1.00 0.99 1.00 1.00 1.00 1.00 1.00 1.00 1.00 1.00 1.00 1.00 1.00 1.00 0.87 0.09 0.00 0.00 
 0.71 0.24 0.03 0.01 0.05 0.12 0.22 0.32 0.42 0.52 0.61 0.70 0.78 0.85 0.85 0.62 0.10 0.00 0.00 0.00 
 