0.00 0.00 0.04 0.60 0.92 0.76 0.12 0.08 0.40 0.40 0.36 0.20 0.20 0.20 0.20 0.20 0.28 0.40 0.48 0.04 
 0.00 0.08 0.52 0.80 0.76 0.48 0.36 0.36 1.00 1.00 1.00 0.88 0.84 1.00 1.00 1.00 1.00 1.00 0.88 0.08 
 0.00 0.32 0.24 0.00 0.00 0.00 0.00 0.04 0.36 0.68 0.40 0.08 0.04 0.60 1.00 1.00 1.00 0.96 0.40 0.00 
 0.00 0.00 0.00 0.00 0.00 0.00 0.00 0.00 0.00 0.00 0.00 0.00 0.00 0.32 1.00 1.00 1.00 0.56 0.00 0.00 
 0.00 0.00 0.00 0.00 0.00 0.00 0.00 0.00 0.00 0.00 0.00 0.00 0.08 0.84 1.00 0.92 0.56 0.04 0.00 0.00 
 0.00 0.00 0.00 0.00 0.00 0.00 0.00 0.00 0.00 0.00 0.00 0.00 0.48 1.00 1.00 0.48 0.00 0.00 0.00 0.00 
 0.00 0.00 0.00 0.00 0.00 0.00 0.00 0.00 0.00 0.00 0.00 0.28 0.96 1.00 0.68 0.04 0.00 0.00 0.00 0.00 
 0.00 0.00 0.00 0.00 0.00 0.00 0.00 0.00 0.00 0.00 0.04 0.80 1.00 0.76 0.08 0.00 0.00 0.00 0.00 0.00 
 0.00 0.00 0.00 0.00 0.00 0.00 0.00 0.00 0.00 0.08 0.52 1.00 0.84 0.04 0.00 0.00 0.00 0.00 0.00 0.00 
 0.00 0.00 0.00 0.00 0.00 0.00 0.00 0.00 0.04 0.56 1.00 0.96 0.40 0.00 0.00 0.00 0.00 0.00 0.00 0.00 
 0.00 0.00 0.00 0.00 0.00 0.00 0.00 0.00 0.40 1.00 1.00 0.56 0.00 0.00 0.00 0.00 0.00 0.00 0.00 0.00 
 0.00 0.00 0.00 0.00 0.00 0.00 0.00 0.28 0.96 1.00 0.60 0.04 0.00 0.00 0.00 0.00 0.00 0.00 0.00 0.00 
 0.00 0.00 0.00 0.00 0.00 0.00 0.08 0.84 1.00 0.92 0.12 0.00 0.00 0.00 0.00 0.00 0.00 0.00 0.00 0.00 
 0.00 0.00 0.00 0.00 0.00 0.04 0.28 0.96 0.96 0.40 0.00 0.00 0.00 0.00 0.00 0.00 0.00 0.00 0.00 0.00 
 0.00 0.00 0.00 0.00 0.04 0.64 0.96 1.00 0.60 0.00 0.00 0.00 0.00 0.00 0.00 0.00 0.00 0.00 0.00 0.00 
 0.00 0.00 0.00 0.04 0.52 1.00 0.88 0.52 0.04 0.00 0.00 0.00 0.00 0.00 0.00 0.00 0.00 0.00 0.00 0.00 
 0.00 0.00 0.04 0.60 1.00 1.00 0.60 0.00 0.00 0.00 0.00 0.00 0.00 0.00 0.00 0.00 0.00 0.00 0.00 0.00 
 0.00 0.00 0.40 1.00 1.00 0.96 0.32 0.00 0.00 0.00 0.00 0.00 0.00 0.00 0.00 0.00 0.00 0.00 0.00 0.00 
 0.00 0.16 0.92 1.00 1.00 0.80 0.20 0.16 0.00 0.00 0.08 0.20 0.20 0.20 0.20 0.20 0.20 0.08 0.08 0.48 
 0.04 0.72 1.00 1.00 1.00 1.00 1.00 0.96 0.76 0.68 0.88 1.00 1.00 1.00 1.00 1.00 1.00 0.88 0.76 1.00 
 