0.00 0.00 0.00 0.00 0.00 0.00 0.00 0.02 0.23 0.64 0.72 0.78 0.88 0.92 0.80 0.59 0.67 0.62 0.69 0.72 
 0.00 0.00 0.00 0.00 0.00 0.00 0.08 0.57 1.00 1.00 1.00 1.00 1.00 1.00 1.00 1.00 1.00 1.00 1.00 1.00 
 0.00 0.00 0.00 0.00 0.00 0.11 0.84 1.00 1.00 1.00 1.00 0.98 0.86 0.86 0.86 0.96 1.00 1.00 1.00 1.00 
 0.00 0.00 0.00 0.00 0.00 0.39 1.00 0.96 0.69 0.21 0.21 0.23 0.00 0.00 0.00 0.41 1.00 1.00 1.00 0.74 
 0.00 0.00 0.00 0.00 0.00 0.25 1.00 0.82 0.00 0.00 0.00 0.00 0.00 0.00 0.00 0.35 1.00 0.96 0.49 0.02 
 0.00 0.00 0.00 0.00 0.13 0.94 1.00 0.69 0.00 0.00 0.00 0.00 0.00 0.00 0.23 0.94 0.98 0.43 0.00 0.00 
 0.00 0.00 0.00 0.00 0.15 1.00 0.67 0.04 0.00 0.00 0.00 0.00 0.00 0.13 0.82 1.00 0.67 0.00 0.00 0.00 
 0.00 0.00 0.00 0.00 0.04 0.25 0.02 0.00 0.00 0.00 0.00 0.00 0.18 0.88 0.98 0.64 0.06 0.00 0.00 0.00 
 0.00 0.00 0.00 0.00 0.00 0.00 0.00 0.00 0.00 0.00 0.00 0.06 0.57 1.00 0.51 0.00 0.00 0.00 0.00 0.00 
 0.00 0.00 0.00 0.00 0.00 0.00 0.00 0.00 0.00 0.00 0.06 0.67 0.98 0.43 0.02 0.00 0.00 0.00 0.00 0.00 
 0.00 0.00 0.00 0.00 0.00 0.00 0.00 0.00 0.00 0.04 0.62 0.96 0.39 0.00 0.00 0.00 0.00 0.00 0.00 0.00 
 0.00 0.00 0.00 0.00 0.00 0.00 0.00 0.00 0.08 0.76 0.96 0.33 0.00 0.00 0.00 0.00 0.00 0.00 0.00 0.00 
 0.00 0.00 0.00 0.00 0.00 0.00 0.00 0.08 0.74 0.98 0.49 0.00 0.00 0.00 0.00 0.00 0.00 0.00 0.00 0.00 
 0.00 0.00 0.00 0.00 0.00 0.00 0.06 0.72 1.00 0.51 0.00 0.00 0.00 0.00 0.00 0.00 0.00 0.00 0.00 0.00 
 0.00 0.00 0.00 0.00 0.00 0.06 0.69 0.98 0.51 0.02 0.00 0.00 0.00 0.00 0.00 0.00 0.00 0.00 0.00 0.00 
 0.00 0.00 0.00 0.02 0.18 0.74 0.98 0.55 0.00 0.00 0.00 0.00 0.00 0.00 0.00 0.00 0.00 0.00 0.02 0.27 
 0.00 0.02 0.21 0.65 0.98 0.96 0.37 0.00 0.00 0.00 0.00 0.00 0.00 0.00 0.00 0.00 0.00 0.08 0.55 1.00 
 0.06 0.65 1.00 1.00 1.00 0.88 0.25 0.15 0.02 0.00 0.00 0.00 0.00 0.00 0.00 0.00 0.00 0.67 1.00 1.00 
 0.37 1.00 1.00 1.00 1.00 1.00 1.00 1.00 0.84 0.33 0.35 0.25 0.23 0.15 0.06 0.18 0.25 0.90 1.00 0.90 
 0.80 1.00 1.00 1.00 1.00 1.00 1.00 1.00 1.00 1.00 1.00 1.00 1.00 0.98 0.92 1.00 1.00 1.00 0.65 0.06 
 