0.00 0.00 0.00 0.15 1.00 1.00 1.00 1.00 1.00 1.00 1.00 1.00 1.00 1.00 1.00 1.00 0.86 0.00 0.00 0.00 
 0.00 0.00 0.00 0.15 1.00 1.00 1.00 1.00 1.00 1.00 1.00 1.00 1.00 1.00 1.00 1.00 0.86 0.00 0.00 0.00 
 0.00 0.00 0.00 0.15 1.00 1.00 1.00 1.00 1.00 1.00 1.00 1.00 1.00 1.00 1.00 1.00 0.86 0.00 0.00 0.00 
 0.00 0.00 0.00 0.13 0.86 0.86 0.86 0.86 0.86 0.86 0.86 0.88 1.00 1.00 1.00 1.00 0.86 0.00 0.00 0.00 
 0.00 0.00 0.00 0.00 0.00 0.00 0.00 0.00 0.00 0.00 0.00 0.45 1.00 1.00 1.00 1.00 0.51 0.00 0.00 0.00 
 0.00 0.00 0.00 0.00 0.00 0.00 0.00 0.00 0.00 0.00 0.16 0.96 1.00 1.00 1.00 0.80 0.02 0.00 0.00 0.00 
 0.00 0.00 0.00 0.00 0.00 0.00 0.00 0.00 0.00 0.04 0.76 1.00 1.00 1.00 0.96 0.25 0.00 0.00 0.00 0.00 
 0.00 0.00 0.00 0.00 0.00 0.00 0.00 0.00 0.00 0.39 1.00 1.00 1.00 1.00 0.55 0.00 0.00 0.00 0.00 0.00 
 0.00 0.00 0.00 0.00 0.00 0.00 0.00 0.00 0.16 0.94 1.00 1.00 1.00 0.84 0.04 0.00 0.00 0.00 0.00 0.00 
 0.00 0.00 0.00 0.00 0.00 0.00 0.00 0.02 0.72 1.00 1.00 1.00 0.98 0.29 0.00 0.00 0.00 0.00 0.00 0.00 
 0.00 0.00 0.00 0.00 0.00 0.00 0.00 0.37 1.00 1.00 1.00 1.00 0.62 0.00 0.00 0.00 0.00 0.00 0.00 0.00 
 0.00 0.00 0.00 0.00 0.00 0.00 0.13 0.92 1.00 1.00 1.00 0.84 0.06 0.00 0.00 0.00 0.00 0.00 0.00 0.00 
 0.00 0.00 0.00 0.00 0.00 0.02 0.67 1.00 1.00 1.00 0.98 0.33 0.00 0.00 0.00 0.00 0.00 0.00 0.00 0.00 
 0.00 0.00 0.00 0.00 0.00 0.33 1.00 1.00 1.00 1.00 0.64 0.00 0.00 0.00 0.00 0.00 0.00 0.00 0.00 0.00 
 0.00 0.00 0.00 0.00 0.11 0.90 1.00 1.00 1.00 0.90 0.08 0.00 0.00 0.00 0.00 0.00 0.00 0.00 0.00 0.00 
 0.00 0.00 0.00 0.02 0.64 1.00 1.00 1.00 0.98 0.37 0.00 0.00 0.00 0.00 0.00 0.00 0.00 0.00 0.00 0.00 
 0.00 0.00 0.00 0.29 1.00 1.00 1.00 1.00 0.67 0.00 0.00 0.00 0.00 0.00 0.00 0.00 0.00 0.00 0.00 0.00 
 0.00 0.00 0.00 0.69 1.00 1.00 1.00 1.00 0.90 0.86 0.86 0.86 0.86 0.86 0.86 0.86 0.86 0.62 0.00 0.00 
 0.00 0.00 0.00 0.72 1.00 1.00 1.00 1.00 1.00 1.00 1.00 1.00 1.00 1.00 1.00 1.00 1.00 0.72 0.00 0.00 
 0.00 0.00 0.00 0.72 1.00 1.00 1.00 1.00 1.00 1.00 1.00 1.00 1.00 1.00 1.00 1.00 1.00 0.72 0.00 0.00 
 