0.00 0.00 0.08 0.74 1.00 0.98 0.86 0.76 0.69 0.57 0.57 0.57 0.59 0.72 0.72 0.76 0.86 0.86 0.84 0.51 
 0.00 0.00 0.37 1.00 1.00 1.00 1.00 1.00 1.00 1.00 1.00 1.00 1.00 1.00 1.00 1.00 1.00 1.00 1.00 1.00 
 0.00 0.00 0.37 1.00 1.00 1.00 1.00 1.00 1.00 1.00 1.00 1.00 1.00 1.00 1.00 1.00 1.00 1.00 1.00 0.82 
 0.00 0.00 0.06 0.72 0.88 1.00 1.00 1.00 1.00 1.00 1.00 1.00 1.00 1.00 1.00 1.00 1.00 1.00 0.98 0.37 
 0.00 0.00 0.00 0.00 0.02 0.15 0.27 0.31 0.43 0.43 0.43 0.43 0.37 0.45 1.00 1.00 1.00 1.00 0.67 0.00 
 0.00 0.00 0.00 0.00 0.00 0.00 0.00 0.00 0.00 0.00 0.00 0.00 0.02 0.72 1.00 1.00 1.00 0.82 0.06 0.00 
 0.00 0.00 0.00 0.00 0.00 0.00 0.00 0.00 0.00 0.00 0.00 0.00 0.37 1.00 1.00 1.00 0.92 0.18 0.00 0.00 
 0.00 0.00 0.00 0.00 0.00 0.00 0.00 0.00 0.00 0.00 0.00 0.13 0.92 1.00 1.00 0.98 0.39 0.00 0.00 0.00 
 0.00 0.00 0.00 0.00 0.00 0.00 0.00 0.00 0.00 0.00 0.02 0.67 1.00 1.00 1.00 0.64 0.00 0.00 0.00 0.00 
 0.00 0.00 0.00 0.00 0.00 0.00 0.00 0.00 0.00 0.00 0.39 1.00 1.00 1.00 0.84 0.06 0.00 0.00 0.00 0.00 
 0.00 0.00 0.00 0.00 0.00 0.00 0.00 0.00 0.00 0.16 0.94 1.00 1.00 0.96 0.27 0.00 0.00 0.00 0.00 0.00 
 0.00 0.00 0.00 0.00 0.00 0.00 0.00 0.00 0.06 0.78 1.00 1.00 1.00 0.55 0.00 0.00 0.00 0.00 0.00 0.00 
 0.00 0.00 0.00 0.00 0.00 0.00 0.00 0.02 0.59 1.00 1.00 1.00 0.80 0.04 0.00 0.00 0.00 0.00 0.00 0.00 
 0.00 0.00 0.00 0.00 0.00 0.00 0.00 0.41 1.00 1.00 1.00 0.96 0.21 0.00 0.00 0.00 0.00 0.00 0.00 0.00 
 0.00 0.00 0.00 0.00 0.00 0.00 0.27 0.98 1.00 1.00 1.00 0.49 0.00 0.00 0.00 0.00 0.00 0.00 0.00 0.00 
 0.00 0.00 0.00 0.00 0.00 0.16 0.92 1.00 1.00 1.00 0.74 0.02 0.00 0.00 0.00 0.00 0.00 0.00 0.00 0.00 
 0.00 0.00 0.00 0.00 0.16 0.88 1.00 1.00 1.00 0.88 0.13 0.00 0.00 0.00 0.00 0.00 0.00 0.00 0.00 0.00 
 0.00 0.00 0.00 0.16 0.88 1.00 1.00 1.00 1.00 0.80 0.64 0.72 0.72 0.69 0.55 0.37 0.23 0.15 0.06 0.00 
 0.00 0.00 0.16 0.88 1.00 1.00 1.00 1.00 1.00 1.00 1.00 1.00 1.00 1.00 1.00 1.00 1.00 1.00 0.82 0.06 
 0.00 0.02 0.76 1.00 1.00 1.00 1.00 1.00 1.00 1.00 1.00 1.00 1.00 1.00 1.00 1.00 1.00 1.00 1.00 0.39 
 