0.00 0.00 0.31 1.00 1.00 1.00 1.00 0.92 0.84 0.84 0.84 0.84 0.84 0.84 0.84 0.84 0.84 0.84 0.84 0.92 
 0.00 0.00 0.33 1.00 0.95 0.84 0.84 0.78 0.67 0.67 0.67 0.67 0.67 0.67 0.70 0.95 1.00 1.00 1.00 1.00 
 0.00 0.00 0.33 1.00 0.47 0.00 0.00 0.00 0.00 0.00 0.00 0.00 0.00 0.00 0.31 1.00 1.00 1.00 1.00 0.58 
 0.00 0.00 0.33 1.00 0.25 0.00 0.00 0.00 0.00 0.00 0.00 0.00 0.00 0.11 0.86 1.00 1.00 1.00 0.70 0.03 
 0.00 0.00 0.45 0.89 0.06 0.00 0.00 0.00 0.00 0.00 0.00 0.00 0.03 0.64 1.00 1.00 1.00 0.84 0.09 0.00 
 0.00 0.00 0.42 0.70 0.00 0.00 0.00 0.00 0.00 0.00 0.00 0.00 0.42 1.00 1.00 1.00 0.92 0.20 0.00 0.00 
 0.00 0.00 0.00 0.00 0.00 0.00 0.00 0.00 0.00 0.00 0.00 0.25 0.97 1.00 1.00 0.97 0.36 0.00 0.00 0.00 
 0.00 0.00 0.00 0.00 0.00 0.00 0.00 0.00 0.00 0.00 0.11 0.86 1.00 1.00 1.00 0.56 0.00 0.00 0.00 0.00 
 0.00 0.00 0.00 0.00 0.00 0.00 0.00 0.00 0.00 0.06 0.73 1.00 1.00 1.00 0.75 0.03 0.00 0.00 0.00 0.00 
 0.00 0.00 0.00 0.00 0.00 0.00 0.00 0.00 0.03 0.53 1.00 1.00 1.00 0.89 0.11 0.00 0.00 0.00 0.00 0.00 
 0.00 0.00 0.00 0.00 0.00 0.00 0.00 0.00 0.36 1.00 1.00 1.00 0.95 0.28 0.00 0.00 0.00 0.00 0.00 0.00 
 0.00 0.00 0.00 0.00 0.00 0.00 0.00 0.20 0.95 1.00 1.00 0.97 0.47 0.00 0.00 0.00 0.00 0.00 0.00 0.00 
 0.00 0.00 0.00 0.00 0.00 0.00 0.11 0.84 1.00 1.00 1.00 0.67 0.00 0.00 0.00 0.00 0.00 0.00 0.00 0.00 
 0.00 0.00 0.00 0.00 0.00 0.03 0.70 1.00 1.00 1.00 0.84 0.09 0.00 0.00 0.00 0.00 0.00 0.00 0.00 0.00 
 0.00 0.00 0.00 0.00 0.03 0.53 1.00 1.00 1.00 0.92 0.20 0.00 0.00 0.00 0.00 0.00 0.00 0.00 0.00 0.00 
 0.00 0.00 0.00 0.00 0.36 1.00 1.00 1.00 0.97 0.39 0.00 0.00 0.00 0.00 0.00 0.00 0.00 0.00 0.00 0.20 
 0.00 0.00 0.00 0.25 0.97 1.00 1.00 1.00 0.58 0.00 0.00 0.00 0.00 0.00 0.00 0.00 0.00 0.00 0.00 0.42 
 0.00 0.00 0.14 0.89 1.00 1.00 1.00 0.78 0.03 0.00 0.00 0.00 0.00 0.00 0.00 0.00 0.00 0.00 0.00 0.67 
 0.00 0.11 0.84 1.00 1.00 1.00 0.89 0.17 0.00 0.00 0.00 0.00 0.00 0.00 0.00 0.00 0.00 0.00 0.09 0.92 
 0.06 0.73 1.00 1.00 1.00 1.00 0.53 0.17 0.17 0.17 0.17 0.17 0.20 0.33 0.33 0.33 0.45 0.53 0.78 1.00 
 